Date,Open,High,Low,Close,Volume,OpenInterest
2020-12-04,40.25,40.81,40.15,40.7,3835864,0.0
2020-12-07,40.28,40.34,39.57,39.8,3275353,0.0
2020-12-08,39.28,39.95,39.1821,39.52,2751179,0.0
2020-12-09,39.91,40.29,39.56,39.93,3947633,0.0
2020-12-10,39.28,39.94,39.06,39.72,3115079,0.0
2020-12-11,38.83,39.17,38.555,38.79,4713576,0.0
2020-12-14,39.3,39.37,38.08,38.16,3043400,0.0
2020-12-15,38.48,38.865,37.645,38.54,2537846,0.0
2020-12-16,38.76,38.77,38.075,38.32,2632681,0.0
2020-12-17,38.32,38.35,37.83,38.23,4524411,0.0
2020-12-18,38.2,38.46,36.97,37.47,5555009,0.0
2020-12-21,37.11,37.67,36.78,37.365,3379120,0.0
2020-12-22,37.56,37.62,36.77,36.8,3561942,0.0
2020-12-23,37.25,38.04,37.24,37.43,3238144,0.0
2020-12-24,37.48,37.5,36.97,37.375,1463349,0.0
2020-12-28,37.55,38.02,37.03,37.06,3301348,0.0
2020-12-29,37.36,37.43,36.92,37.16,3508409,0.0
2020-12-30,37.11,38.04,37.1,37.52,2165588,0.0
2020-12-31,37.53,37.96,37.23,37.85,2275223,0.0
2021-01-04,37.65,37.95,36.82,37.12,5643468,0.0
2021-01-05,37.28,38.01,37.18,37.75,3156428,0.0
2021-01-06,38.62,40.66,38.62,40.22,6918485,0.0
2021-01-07,40.78,41.04,40.35,40.89,4493868,0.0
2021-01-08,41,41.12,40.01,40.61,4524667,0.0
2021-01-11,39.92,40.79,39.71,40.28,3032128,0.0
2021-01-12,40.66,41.26,40.57,41.01,6603985,0.0
2021-01-13,40.69,41.12,40.4301,40.72,6254747,0.0
2021-01-14,41,41.4481,40.68,41.31,3388199,0.0
2021-01-15,40.88,41.51,40.53,41.34,6433140,0.0
2021-01-19,41.58,42.42,41.52,42.25,4349241,0.0
2021-01-20,42.23,42.57,42,42.07,4909040,0.0
2021-01-21,41.95,42.14,41.045,41.06,4508970,0.0
2021-01-22,40.53,40.93,39.955,40.06,3702851,0.0
2021-01-25,39.53,39.8,38.985,39.58,3315976,0.0
2021-01-26,39.87,39.94,39.01,39.11,3019755,0.0
2021-01-27,38.57,38.735,37.095,37.6,5061451,0.0
2021-01-28,38.06,38.93,37.93,38.47,4439836,0.0
2021-01-29,38.11,38.11,36.8,37.42,4385120,0.0
2021-02-01,37.73,37.91,36.865,37.41,3066278,0.0
2021-02-02,38.09,38.995,37.85,38.56,3917733,0.0
2021-02-03,38.53,39.35,38.48,38.95,3985671,0.0
2021-02-04,39.19,41.35,38.945,41.34,4144924,0.0
2021-02-05,41.82,41.9316,41.18,41.68,3198343,0.0
2021-02-08,41.65,42.32,41.47,42.29,2697998,0.0
2021-02-09,42.12,42.51,41.75,42.14,2732836,0.0
2021-02-10,42.35,42.77,41.96,42.43,2838760,0.0
2021-02-11,42.33,42.53,41.29,41.6,2806367,0.0
2021-02-12,41.46,42.19,41.19,41.42,3565205,0.0
2021-02-16,41.74,42.63,41.51,42.13,4073732,0.0
2021-02-17,41.28,43.36,41.17,43.24,4500294,0.0
2021-02-18,42.46,43,41.485,42.1,3490393,0.0
2021-02-19,42.5,42.815,42.075,42.57,2960385,0.0
2021-02-22,42.5,44.35,42.46,44.1,5418451,0.0
2021-02-23,44.74,44.74,43.84,44.36,4242147,0.0
2021-02-24,44.51,45.96,44.46,45.43,4102742,0.0
2021-02-25,45.97,46.13,43.88,43.94,4923875,0.0
2021-02-26,45,45.25,43.63,43.95,5131691,0.0
2021-03-01,44.9,48,44.76,45.31,7312984,0.0
2021-03-02,45.26,46.28,45.22,45.97,3730858,0.0
2021-03-03,46.05,47.675,46.05,47,5031560,0.0
2021-03-04,47.18,47.58,44.98,46.3,4246739,0.0
2021-03-05,46.94,47.27,45.9,46.97,4114744,0.0
2021-03-08,47.61,48.22,47.14,47.24,4988549,0.0
2021-03-09,46.57,47.24,45.81,46.62,4756647,0.0
2021-03-10,46.97,48.01,46.7,47.85,3204627,0.0
2021-03-11,47.66,48.375,47.5,48.01,3467130,0.0
2021-03-12,48.84,48.92,48.29,48.45,2683339,0.0
2021-03-15,48.07,48.4,47.515,48.33,2417009,0.0
2021-03-16,47.94,48.01,46.88,47.32,3487798,0.0
2021-03-17,47.63,48.03,47.15,47.65,4391852,0.0
2021-03-18,48.08,49,47.74,47.81,5007311,0.0
2021-03-19,47.49,47.618,46.56,46.83,5462200,0.0
2021-03-22,46.56,46.65,45.82,46.23,3321088,0.0
2021-03-23,45.72,46.19,44.8,44.99,2783163,0.0
2021-03-24,45.6,46.15,44.97,44.98,3137197,0.0
2021-03-25,45.06,46.6,44.54,46.52,3984325,0.0
2021-03-26,47.04,47.3,46.205,46.81,3051674,0.0
2021-03-29,46.13,47.06,45.93,46.6,3599419,0.0
2021-03-30,46.97,47.565,46.6,47.3,2872270,0.0
2021-03-31,46.93,47.38,46.19,46.23,3114161,0.0
2021-04-01,45.99,46.425,45.882,46.38,2884720,0.0
2021-04-05,46.95,47.16,46.5,46.75,2879912,0.0
2021-04-06,46.7,47.04,46.24,46.67,2919970,0.0
2021-04-07,46.68,47.1,46.47,47.08,2058174,0.0
2021-04-08,46.5,46.55,45.7938,46.07,2808296,0.0
2021-04-09,46.45,46.65,46.04,46.59,2373457,0.0
2021-04-12,46.7,47.225,46.605,47.16,2056677,0.0
2021-04-13,46.72,47.09,46.25,46.69,2270399,0.0
2021-04-14,46.6,47.81,46.6,47.5,2350508,0.0
2021-04-15,47.48,47.48,46.425,46.66,2964028,0.0
2021-04-16,47.11,47.69,46.855,47.11,2777557,0.0
2021-04-19,47.14,47.28,46.39,46.76,2306002,0.0
2021-04-20,46.47,46.65,45.23,45.54,3652304,0.0
2021-04-21,45.39,46.8,45.19,46.78,2673552,0.0
2021-04-22,46.68,47.2,46.29,46.46,3808241,0.0
2021-04-23,46.62,47.5499,46.35,47.34,2652866,0.0
2021-04-26,47.67,48.55,47.45,47.53,2419856,0.0
2021-04-27,47.63,48.515,47.38,48.44,3018041,0.0
2021-04-28,48.47,48.725,48.03,48.22,2179780,0.0
2021-04-29,48.75,49.42,48.57,48.94,3010300,0.0
2021-04-30,48.66,49.09,48.305,48.445,2143387,0.0
2021-05-03,48.98,49.46,48.65,49.06,2098279,0.0
2021-05-04,48.9,49.3,48.39,48.4,5821569,0.0
2021-05-05,48.46,49.08,48.07,48.87,8039279,0.0
2021-05-06,49,50.2237,48.67,50.15,4376142,0.0
2021-05-07,49.89,51.5,49.69,51.2,4753540,0.0
2021-05-10,51.32,52.7,51.3,51.94,5345492,0.0
2021-05-11,51.72,51.86,49.92,50.38,3660239,0.0
2021-05-12,51.01,51.04,49.92,50.07,4873877,0.0
2021-05-13,49.71,51.255,49.71,50.83,4197995,0.0
2021-05-14,51,51.9,50.8506,51.9,3926174,0.0
2021-05-17,51.75,51.9,51.06,51.6,2387609,0.0
2021-05-18,51.42,51.71,51.08,51.11,3323332,0.0
2021-05-19,50.47,50.7616,49.55,50.66,3276878,0.0
2021-05-20,50.7,50.92,50.03,50.54,2526289,0.0
2021-05-21,50.75,51.69,50.75,51.31,3211034,0.0
2021-05-24,51.5,51.99,51.3,51.9,2143192,0.0
2021-05-25,51.99,52.54,50.69,50.8,2988476,0.0
2021-05-26,51.27,51.515,50.72,51.38,2046737,0.0
2021-05-27,52.02,52.8,51.82,52.715,3138400,0.0
2021-05-28,52.82,52.93,51.94,52.84,2390813,0.0
2021-06-01,53.14,53.83,53.115,53.56,4360955,0.0
2021-06-02,53.97,54.08,53.02,53.04,3314578,0.0
2021-06-03,52.95,53.68,52.74,53.54,3383234,0.0
2021-06-04,53.49,53.49,52.83,53.42,1614304,0.0
2021-06-07,53.46,53.5293,52.865,53.08,1560779,0.0
2021-06-08,52.67,53.38,52.29,53.23,1868495,0.0
2021-06-09,52.8,52.88,52.135,52.17,2191295,0.0
2021-06-10,52.91,53.1,51.52,51.57,1837626,0.0
2021-06-11,51.83,52.15,51.7,52.03,2900177,0.0
2021-06-14,51.7,51.89,50.85,51.1,2162071,0.0
2021-06-15,50.93,51.91,50.99,51.51,2863944,0.0
2021-06-16,51.36,51.975,50.845,51.69,2770804,0.0
2021-06-17,51.87,51.92,48.71,48.77,4859993,0.0
2021-06-18,47.85,48.08,46.84,46.84,7264888,0.0
2021-06-21,47.26,47.76,47.23,47.75,6529135,0.0
2021-06-22,47.73,47.84,47.0201,47.55,2528442,0.0
2021-06-23,47.56,48.06,47.44,47.72,2084994,0.0
2021-06-24,47.82,48.44,47.57,48.2,2306546,0.0
2021-06-25,48.47,49.23,48.3,49,2308375,0.0
2021-06-28,48.83,48.96,47.59,47.95,2602594,0.0
2021-06-29,48.35,48.71,47.18,47.4,2329925,0.0
2021-06-30,47.19,47.735,47.19,47.59,1800545,0.0
2021-07-01,48.03,48.56,47.77,48.28,1822149,0.0
2021-07-02,48.33,48.39,47.805,48.05,1573510,0.0
2021-07-06,47.52,47.69,46.32,46.61,2139013,0.0
2021-07-07,46.2,47.05,46.02,46.81,3573211,0.0
2021-07-08,45.87,46,44.595,44.8623,4708356,0.0
2021-07-09,45.75,47.08,45.53,46.88,4196099,0.0
2021-07-12,46.35,47.725,45.97,47.44,2564749,0.0
2021-07-13,47.4,47.545,46.68,46.74,2360774,0.0
2021-07-14,46.89,47.35,46.02,46.41,1906741,0.0
2021-07-15,47.5,48.2,47.02,48.06,6428658,0.0
2021-07-16,48.2,48.25,46.64,46.9,3641782,0.0
2021-07-19,45.5,45.78,44.54,44.93,4168217,0.0
2021-07-20,44.97,47.53,44.87,47.24,3963840,0.0
2021-07-21,47.65,48.97,47.65,48.2801,2885689,0.0
2021-07-22,48.1,48.1,47.24,47.57,1903464,0.0
2021-07-23,47.9,48.35,47.13,47.32,2777122,0.0
2021-07-26,47.28,48.01,47.18,47.71,2455352,0.0
2021-07-27,47.08,47.805,46.78,47.43,1595537,0.0
2021-07-28,47.57,47.75,46.18,46.95,2578942,0.0
2021-07-29,47.57,47.985,47.01,47.89,2980758,0.0
2021-07-30,47.5,48.28,47.14,47.35,2563880,0.0
2021-08-02,47.87,48.84,47.28,47.39,2442648,0.0
2021-08-03,47.71,47.795,46.44,47.75,1913331,0.0
2021-08-04,47.04,47.64,46.77,47.08,2564863,0.0
2021-08-05,47.59,48.75,47.6,48.69,4086212,0.0
2021-08-06,50.25,51.376,50,50.98,4275848,0.0
2021-08-09,50.67,52.145,50.39,51.85,3969375,0.0
2021-08-10,51.82,53.405,51.86,53.15,6195946,0.0
2021-08-11,53.43,54.12,52.78,54.07,5130301,0.0
2021-08-12,54.25,54.58,53.63,53.89,3189320,0.0
2021-08-13,54.18,54.93,53.89,54.62,4308801,0.0
2021-08-16,54.24,54.83,53.73,54.61,3402517,0.0
2021-08-17,54.25,54.96,53.805,54.01,3814244,0.0
2021-08-18,53.75,54.9,53.53,53.75,4252602,0.0
2021-08-19,53.01,53.9,52.54,52.96,5870471,0.0
2021-08-20,53.04,53.83,52.72,53.57,3289812,0.0
2021-08-23,54.07,54.76,54,54.17,3088946,0.0
2021-08-24,54.16,54.69,53.885,54.37,3265250,0.0
2021-08-25,54.54,55.5,54.22,54.92,3621997,0.0
2021-08-26,55.08,55.13,53.99,54.02,2958154,0.0
2021-08-27,54.34,55.11,54.15,55,3057559,0.0
2021-08-30,55.05,55.05,54,54.02,2201776,0.0
2021-08-31,53.85,54.82,53.85,54.55,3651261,0.0
2021-09-01,54.69,54.815,54.21,54.5744,3456107,0.0
2021-09-02,54.77,55.39,54.645,55.23,4681969,0.0
2021-09-03,55.15,55.42,54.59,55.1,3626425,0.0
2021-09-07,55.21,55.78,54.645,54.68,3912347,0.0
2021-09-08,54.5,55.01,54.3,54.82,2917202,0.0
2021-09-09,54.92,55.785,54.6,54.69,4364826,0.0
2021-09-10,55.17,55.375,54.4,54.44,2679304,0.0
2021-09-13,55.11,55.33,54.61,55.12,4350422,0.0
2021-09-14,55.34,55.39,54.27,54.44,3903536,0.0
2021-09-15,54.2,54.76,53.865,54.46,3599332,0.0
2021-09-16,54.47,55.06,54.05,54.37,2669275,0.0
2021-09-17,54.09,55.04,53.59,53.81,4877516,0.0
2021-09-20,52.53,53.31,52,53.23,6748075,0.0
2021-09-21,53.71,53.83,52.9,52.91,4580940,0.0
2021-09-22,53.83,54.14,53.46,53.71,4147362,0.0
2021-09-23,54,55.03,53.97,54.51,3767362,0.0
2021-09-24,54.62,55.21,54.32,54.82,3511764,0.0
2021-09-27,55.37,57.205,55.325,57.03,4024385,0.0
2021-09-28,57.08,57.54,55.865,55.99,4783034,0.0
2021-09-29,56.22,56.46,55.78,55.84,2822743,0.0
2021-09-30,55.98,56.12,54.88,54.89,2831238,0.0
2021-10-01,55.15,55.89,54.81,55.51,4818143,0.0
2021-10-04,55.38,56.7,55.33,55.82,4805862,0.0
2021-10-05,56.275,57.74,55.64,57.45,4163678,0.0
2021-10-06,56.85,57.45,56.07,57.33,2694488,0.0
2021-10-07,57.63,58.105,57.155,57.22,2874456,0.0
2021-10-08,57.11,57.99,57.11,57.63,1934321,0.0
2021-10-11,57.75,58.8599,57.58,57.89,2722743,0.0
2021-10-12,57.8,58.43,57.265,57.37,2146193,0.0
2021-10-13,57.22,57.28,55.48,56.23,3450428,0.0
2021-10-14,57.04,57.78,56.47,57.77,3933088,0.0
2021-10-15,58.31,58.82,58.08,58.28,3075954,0.0
2021-10-18,58.23,58.5,57.61,57.89,2777533,0.0
2021-10-19,58.54,59.18,58.33,58.65,2777230,0.0
2021-10-20,58.36,59.755,58.13,59.62,2778160,0.0
2021-10-21,59.36,59.95,58.91,59.24,2312355,0.0
2021-10-22,59.64,60.16,59.32,60.01,2634513,0.0
2021-10-25,60.03,60.35,59.195,59.66,2694250,0.0
2021-10-26,59.72,60,59.17,59.21,2007301,0.0
2021-10-27,59.03,60.02,58.43,58.55,3207321,0.0
2021-10-28,58.82,59.945,58.82,59.89,2289462,0.0
2021-10-29,60,60.92,59.06,59.085,3563532,0.0
2021-11-01,59.71,60.37,59.62,60.2,2266806,0.0
2021-11-02,60,60.365,59.8,59.99,2789770,0.0
2021-11-03,59.7,61.8,59.67,61.07,4012307,0.0
2021-11-04,60.7,60.92,59.65,60.42,3752249,0.0
2021-11-05,62,62.54,58.71,58.96,6017325,0.0
2021-11-08,59.06,59.865,58.6,59.16,4528148,0.0
2021-11-09,58.8,59.53,58.27,58.76,2598407,0.0
2021-11-10,58.64,59.39,58.285,58.89,3266216,0.0
2021-11-11,58.98,59.29,58.765,58.87,2605117,0.0
2021-11-12,58.75,59.06,58.1,58.21,2529764,0.0
2021-11-15,58.39,58.59,57.87,58.1,3103082,0.0
2021-11-16,58.45,58.68,57.16,57.21,2753583,0.0
2021-11-17,56.98,57.32,56.59,56.95,3629852,0.0
2021-11-18,56.98,57.25,55.8,56.12,4050372,0.0
2021-11-19,55.2,55.706,54.71,54.95,3591202,0.0
2021-11-22,55.5,57.7841,55.3,56.94,5403785,0.0
2021-11-23,57.55,59.335,57.53,58.9,6197987,0.0
2021-11-24,58.66,59.1447,57.72,57.89,4597749,0.0
2021-11-26,55.49,56.53,53.85,56.05,3536175,0.0
2021-11-29,56.755,56.86,54.93,54.94,3771775,0.0
2021-11-30,54.32,54.32,52.36,52.6,7325029,0.0
2021-12-01,53.7,54.21,51.69,51.7,5282568,0.0
2021-12-02,52.2,54.25,52.2,54.01,5315558,0.0
2021-12-03,53.91,54.185,53.06,53.32,3939012,0.0
2021-12-06,54.2,55.49,54.09,54.78,4837832,0.0
2021-12-07,55.12,55.95,54.9,55.21,3446217,0.0
2021-12-08,55.37,55.65,54.79,54.97,2992877,0.0
2021-12-09,54.65,55.36,54.465,54.83,3039463,0.0
2021-12-10,55.09,55.2,54.13,54.41,3451798,0.0
2021-12-13,54.28,54.31,53.25,53.84,2287879,0.0
2021-12-14,53.75,55.085,53.65,54.67,4416354,0.0
2021-12-15,54.58,54.58,53.46,54.36,3757273,0.0
2021-12-16,54.93,55.82,54.62,55.27,4612901,0.0
2021-12-17,55.08,55.13,53.55,54.11,4869492,0.0
2021-12-20,53.21,53.215,51.85,52.93,2978334,0.0
2021-12-21,53.61,55.595,53.59,55.14,3983077,0.0
2021-12-22,55,55.62,54.9,55.29,1969752,0.0
2021-12-23,55.61,56.745,55.6,56.59,2265811,0.0
2021-12-27,56.66,57.04,56.26,56.89,1719989,0.0
2021-12-28,56.79,57.6,56.6,56.7,1946516,0.0
2021-12-29,56.64,57.14,56.5601,56.78,1222752,0.0
2021-12-30,56.9,57.34,56.71,56.76,1939453,0.0
2021-12-31,56.7,57.23,56.645,56.85,1437942,0.0
2022-01-03,57.18,58.08,57.13,57.4,2655089,0.0
2022-01-04,58.25,59.48,58.03,59,4625926,0.0
2022-01-05,59.13,59.7,58.15,58.17,3696856,0.0
2022-01-06,59.24,59.52,57.79,59.24,5117044,0.0
2022-01-07,59.6,60.965,59.31,60.76,4511149,0.0
2022-01-10,61.12,61.56,59.83,61.45,7277201,0.0
2022-01-11,61.53,61.77,60.86,61.77,5327647,0.0
2022-01-12,61.48,62.11,60.51,61.4,5547676,0.0
2022-01-13,61.45,62.25,61.55,61.88,2823065,0.0
2022-01-14,60.94,62.18,60.83,61.9,3816364,0.0
2022-01-18,62,62.18,60.74,60.9,3138911,0.0
2022-01-19,61.18,61.6,58.74,58.84,5609909,0.0
2022-01-20,59.12,60.84,58.59,58.84,5125594,0.0
2022-01-21,58.7,58.87,57.06,57.29,5654135,0.0
2022-01-24,56.655,57.67,54.39,57.45,6677801,0.0
2022-01-25,56.73,58.81,55.34,58.21,4436325,0.0
2022-01-26,58.86,59.5,56.78,57.63,5322372,0.0
2022-01-27,58.28,59.235,56.21,56.42,4495204,0.0
2022-01-28,56,57.04,55.57,56.99,4523483,0.0
2022-01-31,56.5,57.805,55.84,57.75,3190757,0.0
2022-02-01,58.18,59.27,57.5,59.1,2743427,0.0
2022-02-02,58.82,60.325,58.775,60.25,3336983,0.0
2022-02-03,60.29,60.79,59.35,59.49,2469902,0.0
2022-02-04,59.34,61.605,59.34,60.99,3476255,0.0
2022-02-07,61.12,62.41,61.12,61.8,3308886,0.0
2022-02-08,62.5,63.11,62.22,62.69,3471786,0.0
2022-02-09,62.85,63.54,62.35,62.42,3923305,0.0
2022-02-10,61.55,63.5,61.53,62.22,3132846,0.0
2022-02-11,62.22,62.93,60.1,60.72,4732102,0.0
