Date,Open,High,Low,Close,Volume,OpenInterest
2020-12-04,226.75,228.9,224.44,228.48,3012747,0.0
2020-12-07,227.66,228.79,223.35,224.31,2012959,0.0
2020-12-08,223.27,224.772,222.18,223.49,2034137,0.0
2020-12-09,222.72,223.04,216.22,219.59,2910770,0.0
2020-12-10,220.21,221.93,218.48,219.31,1951874,0.0
2020-12-11,218,220.17,215.41,219.82,2569995,0.0
2020-12-14,220.97,222.43,216.4,216.8,1789481,0.0
2020-12-15,217.08,218.36,215.554,217.25,1761724,0.0
2020-12-16,218.28,219.8,215.68,219.62,2016855,0.0
2020-12-17,221.1,223.6,220.13,222.64,1977828,0.0
2020-12-18,222.18,223.23,219.84,221.41,2596852,0.0
2020-12-21,218.36,220.5,217.135,219.7,1594343,0.0
2020-12-22,219.29,220.85,218.27,220.49,1199374,0.0
2020-12-23,221.27,223.6,217.38,217.57,1266677,0.0
2020-12-24,216.44,219.39,216.19,218.64,581627,0.0
2020-12-28,218.87,221.45,217.43,221.04,1078952,0.0
2020-12-29,222.21,223.42,220.42,220.48,1028791,0.0
2020-12-30,220.51,221.53,219.35,220.52,1144758,0.0
2020-12-31,219.76,224.665,219.6,224.3,1297773,0.0
2021-01-04,226.07,226.21,219.27,219.73,2110090,0.0
2021-01-05,220.12,222.6,219.09,220.82,1748381,0.0
2021-01-06,219.5,219.68,214.56,214.9,2522377,0.0
2021-01-07,215.27,219.51,214.683,217.5,2164546,0.0
2021-01-08,218.24,223.82,218.11,222.2,1673726,0.0
2021-01-11,221.26,221.97,214.19,214.98,2116996,0.0
2021-01-12,214.62,215.78,210.661,214.87,4591894,0.0
2021-01-13,214.29,217.17,213.9,216.45,4090636,0.0
2021-01-14,217,217.24,214.41,215.01,2663353,0.0
2021-01-15,214.99,220.455,214.22,219.94,2310308,0.0
2021-01-19,220.86,221.52,215.9638,216.88,2098807,0.0
2021-01-20,217.75,223.6,216.08,222.73,1959702,0.0
2021-01-21,220.95,223.155,218.36,222.25,1554145,0.0
2021-01-22,222.1,225,221.86,223.94,1815609,0.0
2021-01-25,224,228.7325,222.13,227.4,1910936,0.0
2021-01-26,227.84,232.9875,224.31,232.29,2672793,0.0
2021-01-27,234.14,234.14,227.62,229.1,2257588,0.0
2021-01-28,227.71,232.96,226.61,228.3,2178887,0.0
2021-01-29,226.87,228.78,225.08,227.35,2272287,0.0
2021-02-01,229.17,235.68,225.95,235.57,1756525,0.0
2021-02-02,236.08,237.98,234.58,236.15,1743037,0.0
2021-02-03,234.75,235.53,230.77,232.3,1849692,0.0
2021-02-04,232.13,235.235,231.28,232.2,1489289,0.0
2021-02-05,232.64,234.97,231.63,232.95,1387724,0.0
2021-02-08,233.02,233.37,228.8,232.9,1440750,0.0
2021-02-09,231.25,234.74,231.06,231.67,981740,0.0
2021-02-10,232.42,234.17,230.47,231.66,1189174,0.0
2021-02-11,230.79,231.6,227.09,227.84,1230310,0.0
2021-02-12,227.82,228.54,223.5531,227.26,1457310,0.0
2021-02-16,227.59,227.59,223.21,225.05,1323567,0.0
2021-02-17,223.51,226.73,223.05,226.3,1125980,0.0
2021-02-18,225.57,228.515,225.24,228.26,951810,0.0
2021-02-19,228.61,229.82,226.225,226.38,1677839,0.0
2021-02-22,226.69,227.25,222.19,225.08,1240118,0.0
2021-02-23,226.33,228.08,221.65,223.17,1599169,0.0
2021-02-24,223.17,226.45,222.4,224.8,1473065,0.0
2021-02-25,223.6,227.89,221.4139,224.75,2715713,0.0
2021-02-26,224.66,225.46,216.02,216.03,2428636,0.0
2021-03-01,218.56,219.43,213.52,213.78,2344333,0.0
2021-03-02,214.53,214.87,208.76,208.85,2297751,0.0
2021-03-03,208.81,209.03,202.91,202.99,2724572,0.0
2021-03-04,203.66,206.42,200.51,201.33,2744764,0.0
2021-03-05,202.83,204.0655,198.02,199.96,3101987,0.0
2021-03-08,200.29,204.72,197.5,198.69,2712830,0.0
2021-03-09,199.98,204.66,199.78,202.69,2709768,0.0
2021-03-10,202.7,205.68,201.35,204.5,2641183,0.0
2021-03-11,206.41,215.6098,205.66,213.89,3352381,0.0
2021-03-12,213.9,217.5,212.28,215.2,1973477,0.0
2021-03-15,215.7,218.79,214.56,218.49,1670328,0.0
2021-03-16,219.73,223.81,218.4957,222.84,1689899,0.0
2021-03-17,221.27,223.4833,220.47,223.06,1801325,0.0
2021-03-18,220.8,223.78,219.09,222.45,2184645,0.0
2021-03-19,222.85,225.05,221.36,221.86,3571945,0.0
2021-03-22,221.86,227.69,221.33,225.84,1484497,0.0
2021-03-23,226.59,231.38,225.58,229.86,1448518,0.0
2021-03-24,227.21,229.26,223.91,227.03,2092212,0.0
2021-03-25,227.15,228.47,226.035,227.37,1574118,0.0
2021-03-26,230.87,239.07,229.06,238.81,2174331,0.0
2021-03-29,237.55,242.82,236.4801,242.01,1716625,0.0
2021-03-30,240.13,240.6699,235.63,236.99,1384747,0.0
2021-03-31,236.4,240.89,235.7,239.03,1350638,0.0
2021-04-01,240.06,240.5,237.01,240.05,1201414,0.0
2021-04-05,240.78,244.9399,240.33,244.57,1283303,0.0
2021-04-06,244.09,244.13,241.18,243.58,1066974,0.0
2021-04-07,243.62,245.87,240.95,244.71,1484202,0.0
2021-04-08,245.27,246.14,240.76,240.94,1191876,0.0
2021-04-09,240.9,241.45,239.4,240.39,1336208,0.0
2021-04-12,240.8,241.52,238.8,241.5,1230016,0.0
2021-04-13,241.5,243.41,240.82,243.01,1867805,0.0
2021-04-14,243.14,244.4,240.86,241.88,1092359,0.0
2021-04-15,242.03,247.26,242.03,247.16,1629480,0.0
2021-04-16,248.39,250.02,245.7,248.62,1408699,0.0
2021-04-19,248.64,249.22,246.365,248.55,912498,0.0
2021-04-20,247.74,253.85,247.74,252.75,1507418,0.0
2021-04-21,254.07,255.03,251.07,252.18,799490,0.0
2021-04-22,250.73,254.02,250.09,251.62,988701,0.0
2021-04-23,251.67,255.28,251.24,254.03,1261295,0.0
2021-04-26,254.1,254.9643,252.24,253.04,1121629,0.0
2021-04-27,253.68,254.55,251.63,252.48,1141856,0.0
2021-04-28,253.25,254.66,251.41,251.95,1016976,0.0
2021-04-29,253,253,245.37,250.32,1616663,0.0
2021-04-30,251.27,255,249.6,254.78,1144364,0.0
2021-05-03,253.95,254.24,252.15,252.79,1314477,0.0
2021-05-04,252.95,252.95,247.62,248.88,1459768,0.0
2021-05-05,245,249.645,244.03,248.71,2229613,0.0
2021-05-06,244.28,246.83,242.35,244.05,4395903,0.0
2021-05-07,245.65,249.03,245.01,247.54,3611652,0.0
2021-05-10,249,250.61,247.373,248.62,1542631,0.0
2021-05-11,247.83,248,244,247.2,1427446,0.0
2021-05-12,246.09,247.03,241.43,241.91,1054394,0.0
2021-05-13,243,245.32,240.87,244,1089436,0.0
2021-05-14,245.17,247.82,244.62,246.76,1517816,0.0
2021-05-17,245,247.5,244.85,246,1192986,0.0
2021-05-18,245.86,248.14,241.44,246.19,1737513,0.0
2021-05-19,244.31,247.395,242.93,246.02,1935104,0.0
2021-05-20,246.62,251.73,245.21,250.82,1121497,0.0
2021-05-21,251.71,251.48,248.91,250.01,924766,0.0
2021-05-24,250.7,253.945,250.24,252.81,910000,0.0
2021-05-25,253.35,254.73,249.44,253.39,1128808,0.0
2021-05-26,254.18,256.565,252.75,254.56,983121,0.0
2021-05-27,254.06,256.14,252.9,254.31,1368050,0.0
2021-05-28,256.51,257.53,255.495,255.54,843414,0.0
2021-06-01,256.25,258.68,254.95,258.56,1245102,0.0
2021-06-02,259,263,258.255,262.93,1402238,0.0
2021-06-03,262.83,263.61,260.76,263.49,934586,0.0
2021-06-04,264.59,265.66,263.05,265.29,1298677,0.0
2021-06-07,266.09,269.12,265.12,268.59,1052481,0.0
2021-06-08,269.21,269.21,264.35,265.97,1146955,0.0
2021-06-09,266.955,268.54,266.5,267.01,1075072,0.0
2021-06-10,266.35,270.89,265.6793,270.82,985605,0.0
2021-06-11,270.78,269.79,266.83,268.32,907463,0.0
2021-06-14,268.43,271,267.36,270.89,748569,0.0
2021-06-15,270.9,271.3,268.62,270.72,925531,0.0
2021-06-16,271.59,271.81,265.7644,266.53,1132857,0.0
2021-06-17,264.52,269.6,263.78,269.51,928586,0.0
2021-06-18,268.76,269.58,265.92,265.96,1759384,0.0
2021-06-21,265.99,268.15,264.0113,267.74,1078243,0.0
2021-06-22,267.78,268.38,266.48,266.6,881149,0.0
2021-06-23,266,266.61,263.525,264.23,930832,0.0
2021-06-24,265.54,266.15,262.335,264.21,733724,0.0
2021-06-25,264.41,267.46,263.81,266.57,1117483,0.0
2021-06-28,268.37,272,268.37,271.8,1256435,0.0
2021-06-29,271.41,273.78,270.26,272.85,1391953,0.0
2021-06-30,272.97,274.81,270.03,270.14,1341929,0.0
2021-07-01,268.63,271.74,267.6519,270.4,1208236,0.0
2021-07-02,271.3,273.5,271.3,272.87,798981,0.0
2021-07-06,272.87,275.88,271.57,275.73,955390,0.0
2021-07-07,275.25,279.66,274.01,278.12,1348636,0.0
2021-07-08,277.95,280.2099,276.12,277.92,973859,0.0
2021-07-09,277.67,278.76,275.32,278.44,908149,0.0
2021-07-12,279.17,280.65,277.74,280.08,1133036,0.0
2021-07-13,278.14,281.62,277.64,278.62,983700,0.0
2021-07-14,278,282.42,277.01,281.38,912309,0.0
2021-07-15,281.4,283.22,279.03,281.35,784723,0.0
2021-07-16,282.24,284.11,281.14,282.47,1137743,0.0
2021-07-19,282.9,284.6499,278.56,280.99,1591607,0.0
2021-07-20,283.11,284.44,279.69,283,1148571,0.0
2021-07-21,282.68,283.135,279.93,280.3,917974,0.0
2021-07-22,279.7,282.12,276.89,281.6,977647,0.0
2021-07-23,282.25,285.74,280.73,285.3,949341,0.0
2021-07-26,283.26,284.93,282.494,284.6296,914490,0.0
2021-07-27,285.01,287.5,284.03,286.97,984579,0.0
2021-07-28,286.94,287.3,283.75,284.895,1138213,0.0
2021-07-29,286,289.5121,282.26,283,1408239,0.0
2021-07-30,284.69,286.635,282.75,282.94,1331459,0.0
2021-08-02,283.5,286.13,283.17,283.62,1046559,0.0
2021-08-03,283.7,285.82,282.81,284.36,757931,0.0
2021-08-04,284.79,285.76,281.71,284.94,1084226,0.0
2021-08-05,286.43,286.72,281.13,282.73,1157088,0.0
2021-08-06,281.4,283.44,281.01,282.11,1181654,0.0
2021-08-09,282,282.42,278.95,280.06,796567,0.0
2021-08-10,281.55,281.98,275,275.25,1112319,0.0
2021-08-11,277.98,277.695,275.37,277.23,691995,0.0
2021-08-12,277.75,280.475,276.15,280.13,689338,0.0
2021-08-13,280.43,282.95,279.205,282.88,676933,0.0
2021-08-16,282.92,284.56,281.77,283.12,941461,0.0
2021-08-17,281.14,286.73,281.14,286.56,708933,0.0
2021-08-18,287,287.285,283.33,283.38,836839,0.0
2021-08-19,281.59,289.73,281.59,289.18,970747,0.0
2021-08-20,289.71,291.82,287.75,290.79,1079014,0.0
2021-08-23,290,290.335,287.31,288.58,726642,0.0
2021-08-24,289.49,289.81,283.39,284.61,788675,0.0
2021-08-25,284.65,284.69,281.72,282.9,758893,0.0
2021-08-26,282.3,284.87,281.72,283.24,821242,0.0
2021-08-27,284.82,285.81,282.205,285.41,713399,0.0
2021-08-30,285.5,291.77,285.22,291.67,902737,0.0
2021-08-31,289.83,292.73,288.795,292.21,1154977,0.0
2021-09-01,292.77,298.4399,291.99,298.04,1309007,0.0
2021-09-02,298.1,300.98,295.69,300.94,1453699,0.0
2021-09-03,300.05,302.3,297.17,301.99,1126014,0.0
2021-09-07,300.5,301.94,295.1,299.15,985194,0.0
2021-09-08,298.66,303.72,298.37,303.64,977290,0.0
2021-09-09,302.5,303.71,296.69,296.85,1050453,0.0
2021-09-10,296.49,297.155,290.06,293.88,1230053,0.0
2021-09-13,296.51,298.42,293.18,294.57,957621,0.0
2021-09-14,295.29,297.79,294.81,296.34,842652,0.0
2021-09-15,296.62,297.83,294.25,297.34,818929,0.0
2021-09-16,296.79,298,292.84,297.17,726874,0.0
2021-09-17,293.84,297.55,293.57,293.73,1617458,0.0
2021-09-20,291.54,294.15,287.61,291.12,1456201,0.0
2021-09-21,292.25,294.22,290.67,291.78,937319,0.0
2021-09-22,292.1,294.92,290.19,293.55,824391,0.0
2021-09-23,293.5,293.5,285.43,288,1405540,0.0
2021-09-24,287.89,288.425,281.3571,282.12,1902502,0.0
2021-09-27,282.12,282.12,273.67,274.03,1503507,0.0
2021-09-28,270.8,271.99,266.77,268.75,1952359,0.0
2021-09-29,269.9,271.3875,268.1901,270.02,1225309,0.0
2021-09-30,271.37,272.37,265.27,265.32,1300089,0.0
2021-10-01,267.01,269.0162,265.0872,266.53,1450495,0.0
2021-10-04,266.58,267.38,262.15,265.22,1126992,0.0
2021-10-05,265.4,266.92,262.31,264.56,1217090,0.0
2021-10-06,263.87,268.45,261.1101,267.88,1110538,0.0
2021-10-07,269.2,271.78,265.61,266.09,816204,0.0
2021-10-08,267.76,266.135,261.41,262.08,709653,0.0
2021-10-11,261.92,263.47,260.5227,261.52,871751,0.0
2021-10-12,262.77,265.89,261.57,264.58,1058033,0.0
2021-10-13,263.3,264.39,259.32,264.26,1386780,0.0
2021-10-14,265.45,268.39,265.07,267.9,1151249,0.0
2021-10-15,269.79,271.38,267.08,269.26,1848424,0.0
2021-10-18,268.44,270.25,266.93,268,1048032,0.0
2021-10-19,269.72,277.46,269.04,272.91,1515662,0.0
2021-10-20,274.1,276.875,274.1,276.04,875733,0.0
2021-10-21,274.63,279.38,273.28,279.05,1075242,0.0
2021-10-22,279.78,285.31,279,284.45,1208802,0.0
2021-10-25,284.5,285.68,280.62,284.66,1006401,0.0
2021-10-26,286,289.56,285.4,286.93,1491957,0.0
2021-10-27,288.22,291.17,285.31,285.38,1075895,0.0
2021-10-28,285.5,289.99,282.85,286.04,1162672,0.0
2021-10-29,284.23,284.93,279.64,281.71,1510135,0.0
2021-11-01,282.83,283.16,276.41,282.12,1197575,0.0
2021-11-02,282.81,285.29,279.51,282.65,1300858,0.0
2021-11-03,283.72,285.42,276.465,280.66,901567,0.0
2021-11-04,281.61,283.45,277.64,279.1,1204187,0.0
2021-11-05,280.94,281.44,276.7,277.7,946849,0.0
2021-11-08,278.25,279.22,273.43,278.68,761261,0.0
2021-11-09,279.89,281.61,278.8001,279.82,581231,0.0
2021-11-10,278.63,281.48,275.56,275.76,786304,0.0
2021-11-11,276.13,276.7,270.37,272.49,1072304,0.0
2021-11-12,274.49,275.22,271.6,272.06,809013,0.0
2021-11-15,267.33,268.535,259.14,260.5,3172021,0.0
2021-11-16,262.13,262.33,258.63,258.98,2371297,0.0
2021-11-17,259.1,260.4,254.7,257.56,3190481,0.0
2021-11-18,256.4,259.77,253.4,258.96,2164655,0.0
2021-11-19,260.19,264.29,259.61,261.07,1516672,0.0
2021-11-22,260,261.06,256.63,257.68,1365263,0.0
2021-11-23,257.8,262.21,256.75,262,1662257,0.0
2021-11-24,262.88,266.01,260.5,265.5,1121326,0.0
2021-11-26,266.58,267.5,262.27,262.92,996288,0.0
2021-11-29,264.13,269.31,261.49,266.87,1534351,0.0
2021-11-30,264.16,268.15,262.36,262.51,1395793,0.0
2021-12-01,266.98,267.54,258.51,258.93,2183139,0.0
2021-12-02,259.73,267.74,259.27,266.32,1540650,0.0
2021-12-03,265.72,269.23,263.46,266.8,1338862,0.0
2021-12-06,267.55,272.9,267.34,269.53,1460133,0.0
2021-12-07,271.71,277.32,271.25,276.76,1549451,0.0
2021-12-08,276.39,277.92,273.54,275.81,931194,0.0
2021-12-09,275.88,276.99,270.93,271.06,849245,0.0
2021-12-10,270.91,274.175,269.45,272.58,1002304,0.0
2021-12-13,272,277.33,270.35,276.02,752353,0.0
2021-12-14,274.47,278.1,271.01,273.46,1407312,0.0
2021-12-15,274.16,276.19,271.12,274.32,1539425,0.0
2021-12-16,274.8,279.67,274.715,279.53,1296305,0.0
2021-12-17,279.25,283.75,277.82,278.87,1917738,0.0
2021-12-20,275.85,279.535,275.01,278.49,1124865,0.0
2021-12-21,280.3,282.04,276.58,277.91,1219483,0.0
2021-12-22,278.95,281.34,277.705,281.25,710670,0.0
2021-12-23,280,280.46,276.4614,278.82,761546,0.0
2021-12-27,280.06,285.91,278.46,285.77,793443,0.0
2021-12-28,285.14,288.94,284.72,288.51,804570,0.0
2021-12-29,288.6,289.5,286.8,288.92,863564,0.0
2021-12-30,289.61,291.99,287.41,291.16,1020493,0.0
2021-12-31,291.4,294.4,289.94,292.5,813463,0.0
2022-01-03,292.37,292.545,280.2843,286.45,1396728,0.0
2022-01-04,288.43,288.25,282.4558,282.77,1166916,0.0
2022-01-05,278.97,279.44,262.227,264.59,3733867,0.0
2022-01-06,263.91,265.38,256.77,264.88,2053776,0.0
2022-01-07,264.615,269.24,261,266.66,1616204,0.0
2022-01-10,267.35,267.35,258.61,264.51,1632549,0.0
2022-01-11,259.41,261.61,256.1,260.6,1573392,0.0
2022-01-12,261.08,264.5,258.85,259.44,1410350,0.0
2022-01-13,260.32,260.23,255.06,255.44,1510766,0.0
2022-01-14,255.07,254.2,246.085,250.7,2146627,0.0
2022-01-18,248.63,250.9684,247.78,250.2,1842446,0.0
2022-01-19,250.81,253.26,248.08,248.96,1760395,0.0
2022-01-20,249.89,252.855,245.54,245.8,1674363,0.0
2022-01-21,250.24,250.78,243.76,244.71,2267194,0.0
2022-01-24,242.295,249.33,239.0001,248.34,1979205,0.0
2022-01-25,245.79,252.4,245.39,250.43,1707415,0.0
2022-01-26,250.63,254.37,240.399,242.42,1722856,0.0
2022-01-27,241.55,245.05,235.22,236.39,2315483,0.0
2022-01-28,237.57,246.85,233.67,246.66,1708022,0.0
2022-01-31,245.91,251.68,244.98,251.5,1968604,0.0
2022-02-01,251.07,252.45,247.59,250.02,1258948,0.0
2022-02-02,252,254.47,251.55,252.28,926617,0.0
2022-02-03,250.9,252.69,249.86,250.67,959097,0.0
2022-02-04,248.16,250,245.0453,246.4,1031040,0.0
2022-02-07,245.77,248.36,244.5,246.14,968032,0.0
2022-02-08,245.59,247.33,243.07,245.28,957474,0.0
2022-02-09,248,250.46,246.73,249.88,1405564,0.0
2022-02-10,246.79,249.46,241.18,242.5,1195350,0.0
2022-02-11,242.96,244.95,235.49,236.87,1872590,0.0
