Date,Open,High,Low,Close,Volume,OpenInterest
2020-12-04,122.37,124.24,121.68,123.36,1019495,0.0
2020-12-07,123.51,123.64,121.5,123.46,769704,0.0
2020-12-08,123.41,124.71,122.52,123.1,599342,0.0
2020-12-09,124.79,125.76,122.7925,123.71,953983,0.0
2020-12-10,122.12,124.5,122.05,124.14,876207,0.0
2020-12-11,122.56,123.62,121.27,122.14,1312905,0.0
2020-12-14,123.99,124.2963,121.57,121.66,1312455,0.0
2020-12-15,123.42,123.99,119.81,122.53,1969573,0.0
2020-12-16,122.96,123.6,121.12,122.87,837744,0.0
2020-12-17,124.06,125.225,123.21,124.86,1195815,0.0
2020-12-18,125,125.7439,122.37,124.23,1643830,0.0
2020-12-21,120,123.68,119.75,123.26,1054803,0.0
2020-12-22,123.8,126,122.72,125.03,803650,0.0
2020-12-23,127.14,130.04,126.31,128.41,1291698,0.0
2020-12-24,128.9,129.2,127.055,128.27,317680,0.0
2020-12-28,128.94,130.0163,128,128.12,566318,0.0
2020-12-29,129.04,130.35,127.06,128.11,750488,0.0
2020-12-30,128.71,131.03,128.71,130.85,840799,0.0
2020-12-31,130.8,131.23,129.7,130.29,572006,0.0
2021-01-04,131.36,131.97,127.76,129.51,1507397,0.0
2021-01-05,129,133.8,129,133.39,1558707,0.0
2021-01-06,133.74,138.96,133.01,138.15,1597273,0.0
2021-01-07,141.02,145.85,140.61,144.84,2041639,0.0
2021-01-08,146.27,151.19,143.81,145.56,2177841,0.0
2021-01-11,142.95,147.46,141.71,145.09,2053173,0.0
2021-01-12,146.74,152.78,146.2,151.09,4119814,0.0
2021-01-13,150.02,150.99,145.1,146.06,4310709,0.0
2021-01-14,146.67,147.0044,143.11,144.23,1682530,0.0
2021-01-15,143.25,143.87,137.53,142.73,1633518,0.0
2021-01-19,146.1,147.62,141.02,142.58,1650040,0.0
2021-01-20,145.6,145.95,143.03,145.09,1847623,0.0
2021-01-21,145.69,146.57,143.35,143.86,1635938,0.0
2021-01-22,141.28,143.69,139,139.43,1966304,0.0
2021-01-25,139,139.81,134.1,138.97,2016762,0.0
2021-01-26,139.29,140.35,135.3,135.69,1539025,0.0
2021-01-27,131.76,133.38,127.21,128.01,2118128,0.0
2021-01-28,130.36,135.0928,129.27,133.48,2812340,0.0
2021-01-29,133.59,137.06,130.97,133.46,1630877,0.0
2021-02-01,135.24,139.3,135.24,138.76,1469950,0.0
2021-02-02,141,143.35,140.31,141.86,1802742,0.0
2021-02-03,141.36,146.5,141,143.28,2029311,0.0
2021-02-04,150,151.23,142.15,142.74,3183391,0.0
2021-02-05,144.86,147.43,144.04,147.14,1738383,0.0
2021-02-08,148,149.38,146.0737,148.77,1143123,0.0
2021-02-09,147.5,149.37,145.73,148.31,955009,0.0
2021-02-10,149.45,149.99,146.45,149.89,1472386,0.0
2021-02-11,151.07,154.57,148.61,153.92,1643452,0.0
2021-02-12,153.89,156.52,151.43,156.24,1266815,0.0
2021-02-16,157.01,159.5,154.77,155.1,1591708,0.0
2021-02-17,154.08,157.21,152.92,156.59,1246639,0.0
2021-02-18,155.37,155.6,148.03,149.35,1344502,0.0
2021-02-19,151.37,154.865,150.74,153.8,1629044,0.0
2021-02-22,152.91,159.3237,152.51,157.05,1303877,0.0
2021-02-23,153.81,154.19,146.88,151.66,2134321,0.0
2021-02-24,153.2,155.51,150.64,155.21,1882722,0.0
2021-02-25,154.36,154.7,145.8,147.45,1608346,0.0
2021-02-26,148.72,150.58,144.71,149.81,1888228,0.0
2021-03-01,151.06,155.6,151,154.77,1580813,0.0
2021-03-02,155,156.24,152.47,154.21,903797,0.0
2021-03-03,154.76,160.14,154.72,155.46,1334916,0.0
2021-03-04,153.81,154.22,142.46,146.5,2059461,0.0
2021-03-05,148.25,148.25,135.79,146.14,2736206,0.0
2021-03-08,147.92,149.9,144.38,144.62,2022672,0.0
2021-03-09,146.32,146.8725,142.14,143.46,2461685,0.0
2021-03-10,144.49,150.41,144.4,148.7,1592575,0.0
2021-03-11,150.05,153.94,149.55,152.5,1293430,0.0
2021-03-12,151.1,151.8,150.1,150.86,1243563,0.0
2021-03-15,150.57,152.99,148.63,152.99,896547,0.0
2021-03-16,152.575,152.575,146.67,147.45,1319567,0.0
2021-03-17,147.8,153.65,146.2412,153.24,1363770,0.0
2021-03-18,152.73,155.58,148.66,149.01,1079014,0.0
2021-03-19,143.57,147.77,143.57,145.99,2294358,0.0
2021-03-22,146.23,146.36,143.11,145.05,1281315,0.0
2021-03-23,143.42,144.7,138.23,139.43,1531919,0.0
2021-03-24,141.2,143.36,139.83,139.92,1278529,0.0
2021-03-25,138,143.36,137.075,142.75,1083451,0.0
2021-03-26,142.75,143.555,137.345,140.64,1205331,0.0
2021-03-29,139.85,140.54,134.86,135.08,1476019,0.0
2021-03-30,135.31,137.5,133.63,137.26,2559233,0.0
2021-03-31,139.51,139.7773,137.5,137.9,1455226,0.0
2021-04-01,139.71,141.71,138.95,140.75,1642590,0.0
2021-04-05,142.89,144.02,141.48,142,1017336,0.0
2021-04-06,142.61,145.43,142.02,144.34,1350295,0.0
2021-04-07,143.55,144.77,140.09,140.71,981323,0.0
2021-04-08,139.98,141.22,138.09,140.16,1075221,0.0
2021-04-09,140.44,142.51,139.96,142.42,763547,0.0
2021-04-12,142.92,143.6,141.61,143.14,658817,0.0
2021-04-13,143.6,144.14,139.64,141.17,1123602,0.0
2021-04-14,141.82,145.04,141.3,142.28,885270,0.0
2021-04-15,142.48,142.82,139.68,141.82,1031441,0.0
2021-04-16,143.87,145.25,140.88,141.05,1317851,0.0
2021-04-19,141,141.12,139.28,140.45,1047103,0.0
2021-04-20,140,140.16,133.67,135.05,1486087,0.0
2021-04-21,134.76,139.48,133.55,139.23,911520,0.0
2021-04-22,139.8,140.63,137.49,138.85,861906,0.0
2021-04-23,140.71,145.77,139.19,144.92,1369499,0.0
2021-04-26,145.75,147,144.43,145.19,764727,0.0
2021-04-27,145.78,147.86,145.02,146.77,866611,0.0
2021-04-28,145.78,147.5,145.11,146.95,875636,0.0
2021-04-29,147.45,148.08,143.3,144.53,1209329,0.0
2021-04-30,143.55,146.29,142.685,143.9,1416830,0.0
2021-05-03,145.05,145.94,143.061,143.37,1224992,0.0
2021-05-04,141.33,142.39,138.145,139.7,1608407,0.0
2021-05-05,141.65,143.88,140.14,142.91,1153676,0.0
2021-05-06,140.5,143.92,137.09,141.48,1195174,0.0
2021-05-07,142.11,148.89,141.82,148.88,1273747,0.0
2021-05-10,147.94,148.19,143.79,143.81,1081604,0.0
2021-05-11,140.01,141.94,137.57,140.58,1622013,0.0
2021-05-12,140.03,141.4,133.45,134.36,1176794,0.0
2021-05-13,135.49,138.99,134.18,136.93,1276964,0.0
2021-05-14,138.4,139.88,136.32,139.15,618234,0.0
2021-05-17,138.19,139.66,136.7748,138.99,667284,0.0
2021-05-18,140,140.82,137.16,137.23,931815,0.0
2021-05-19,135,137.41,134.07,136.96,944500,0.0
2021-05-20,138.16,138.66,136.33,137.33,914609,0.0
2021-05-21,138.56,141.28,138.16,140.47,1157785,0.0
2021-05-24,141.6,142.53,140.0869,141.46,711771,0.0
2021-05-25,141.79,143.785,141.18,141.86,705848,0.0
2021-05-26,141.87,143.85,141.52,143.41,625327,0.0
2021-05-27,145.68,151.95,144.745,150.765,1946085,0.0
2021-05-28,150.52,151.56,148.23,150.46,986037,0.0
2021-06-01,152.22,155.755,151.205,154.92,1191721,0.0
2021-06-02,155,155.35,152.11,155.03,1792147,0.0
2021-06-03,154.62,158.31,153.6,156.03,1637186,0.0
2021-06-04,157,159.89,156.7,159.74,1492494,0.0
2021-06-07,160,160,156.03,157.25,983660,0.0
2021-06-08,157.25,159.615,155.88,159.29,802508,0.0
2021-06-09,159,159.31,157.6,158.32,1089898,0.0
2021-06-10,159.61,159.75,155.07,155.5,1005826,0.0
2021-06-11,156.14,157.24,155.32,156.77,768151,0.0
2021-06-14,156.46,157.58,155,157.58,813017,0.0
2021-06-15,157.3,157.56,156.402,156.95,986319,0.0
2021-06-16,156.5,157.47,153.72,154.34,1490706,0.0
2021-06-17,154,155.705,149.55,151.4,1201315,0.0
2021-06-18,148.34,149.83,146.63,147.27,1044997,0.0
2021-06-21,148.61,151.5,148.03,150.44,1305788,0.0
2021-06-22,150.92,152,150.14,151.65,848367,0.0
2021-06-23,151.66,153.715,151.34,152.72,605083,0.0
2021-06-24,155.61,156.89,154.51,155.13,830332,0.0
2021-06-25,155,156,154.41,155.72,1278405,0.0
2021-06-28,155.18,155.63,152.405,154.69,1198077,0.0
2021-06-29,155.25,158.75,154.77,158.3,1187653,0.0
2021-06-30,157.56,158.55,156.79,157.34,868691,0.0
2021-07-01,158.48,159,157.225,158.72,794520,0.0
2021-07-02,158.81,160.53,157.885,159.87,1024291,0.0
2021-07-06,160,160.08,155.86,157.58,970032,0.0
2021-07-07,157.25,157.33,151.13,154,1594262,0.0
2021-07-08,150.49,151.84,147.865,151.29,1490362,0.0
2021-07-09,153.32,156.68,152.85,155.62,868597,0.0
2021-07-12,155.19,159.62,154.47,158.44,908261,0.0
2021-07-13,158.16,158.51,156.475,157.53,914047,0.0
2021-07-14,158.48,159.23,154.45,155.83,655163,0.0
2021-07-15,154.48,155.46,152.23,153.6,599570,0.0
2021-07-16,153.54,154.79,149.54,149.73,705999,0.0
2021-07-19,146.33,148.14,143.46,147.25,1109388,0.0
2021-07-20,148.15,153.83,146.84,153.23,821346,0.0
2021-07-21,154.66,156.72,154.15,156.08,709838,0.0
2021-07-22,155.64,155.82,153.29,154.49,556206,0.0
2021-07-23,156.41,158.13,155.67,157.36,590405,0.0
2021-07-26,157.62,159.81,156.55,159.74,707201,0.0
2021-07-27,157.68,159.13,156.08,158.93,711679,0.0
2021-07-28,159.15,163.5799,159.01,162.33,1184427,0.0
2021-07-29,164.34,167.92,163.96,167.57,1167006,0.0
2021-07-30,165.6,168.68,165.09,166.85,1030189,0.0
2021-08-02,168.29,169.94,166.98,167.65,1156067,0.0
2021-08-03,168.41,169.33,165.52,169.13,671473,0.0
2021-08-04,168.02,168.65,165.62,165.63,1474136,0.0
2021-08-05,157.34,161.75,155.321,159.78,1971310,0.0
2021-08-06,161.83,164.13,158.99,163.15,952724,0.0
2021-08-09,161.88,166.82,161.88,165.4,885848,0.0
2021-08-10,166.33,170.47,166.33,169.76,1183111,0.0
2021-08-11,169.15,170,165.77,168.05,917648,0.0
2021-08-12,168.45,168.835,165.05,166.55,778720,0.0
2021-08-13,167.02,167.25,164.46,164.95,601497,0.0
2021-08-16,163.07,164.41,161.665,164.2,796167,0.0
2021-08-17,161.68,162.2,155.76,158.18,844761,0.0
2021-08-18,157.66,158.825,156.43,156.5,755841,0.0
2021-08-19,154.34,154.37,150.165,152.98,1314037,0.0
2021-08-20,152.72,154.94,151.5,154.68,918703,0.0
2021-08-23,155.81,156.77,154.92,155.16,1085074,0.0
2021-08-24,155.99,158.03,155.99,157.64,1074089,0.0
2021-08-25,158.73,158.73,156.82,157.42,1133576,0.0
2021-08-26,157.04,157.5,153.96,154.19,679913,0.0
2021-08-27,155,157.2291,155,156.38,1280659,0.0
2021-08-30,156.83,157.1737,153.04,153.13,1021275,0.0
2021-08-31,153.73,154.02,151.75,152.21,1495832,0.0
2021-09-01,151.76,152.53,149.21,151.42,1126849,0.0
2021-09-02,152.63,152.64,150.87,151.12,820964,0.0
2021-09-03,150.76,150.76,148.81,149.97,1145531,0.0
2021-09-07,149.35,151.14,149.29,150.62,1553249,0.0
2021-09-08,149.56,149.95,145.17,148.09,1533941,0.0
2021-09-09,147.68,149.21,146.79,148.99,910606,0.0
2021-09-10,150.56,151.675,146.39,146.48,942427,0.0
2021-09-13,148.3,148.96,146.2,148.31,1608337,0.0
2021-09-14,148.51,150.97,148.935,149.84,1040070,0.0
2021-09-15,150.34,154.97,149.67,154.31,1924054,0.0
2021-09-16,152.8,153.3,147.485,149.15,1157747,0.0
2021-09-17,147.57,148.7,144.98,146.37,1280984,0.0
2021-09-20,141.62,143.89,140.6,143.53,1129304,0.0
2021-09-21,144.23,145.78,141.06,142.28,1007777,0.0
2021-09-22,144.22,146.43,143.72,145.19,1236343,0.0
2021-09-23,147.66,153.54,147.48,152.77,1824798,0.0
2021-09-24,152,153.25,150.8,151.09,687169,0.0
2021-09-27,150.26,154.82,149.53,154.2,972965,0.0
2021-09-28,155,156.3,151.92,154.18,1329272,0.0
2021-09-29,154.24,155.12,150.15,150.61,982197,0.0
2021-09-30,151.37,152.47,148.85,148.94,1415460,0.0
2021-10-01,150.38,152.895,147.97,152.72,1156765,0.0
2021-10-04,153.34,157.91,152.96,157.7,2540568,0.0
2021-10-05,157.03,159.44,155.795,158.15,1733922,0.0
2021-10-06,154.99,157.79,152.17,157.72,1221863,0.0
2021-10-07,159.66,165.62,158.53,164.8,1305556,0.0
2021-10-08,165,166.91,163.22,165.12,1303930,0.0
2021-10-11,164.18,166.9,160.08,160.16,2350428,0.0
2021-10-12,161.28,164.52,160.01,163.02,1208819,0.0
2021-10-13,163,165.075,160.95,164.91,1428702,0.0
2021-10-14,166.12,168.03,165.08,167.3,860042,0.0
2021-10-15,169.31,169.99,167.985,168.74,1052476,0.0
2021-10-18,166.98,169.025,166.38,167.85,972941,0.0
2021-10-19,168.94,169.55,166.14,166.61,855399,0.0
2021-10-20,165.13,169,164.46,168.98,1086972,0.0
2021-10-21,169.22,170.52,168.37,169.46,1057296,0.0
2021-10-22,170,170.22,167.2,168.33,830758,0.0
2021-10-25,169.48,170.6394,168,170.28,1029748,0.0
2021-10-26,171.18,171.57,168.125,169.17,850220,0.0
2021-10-27,168.12,172,167.85,169.22,784936,0.0
2021-10-28,170.38,172.64,169.7,172.07,840623,0.0
2021-10-29,171.56,173.21,171.3,172.91,710033,0.0
2021-11-01,174.27,175.78,173.24,175.77,1510542,0.0
2021-11-02,174.51,175,172.29,174.57,1466775,0.0
2021-11-03,174.32,180.29,173.39,178.12,1238772,0.0
2021-11-04,179.5,180.81,176.75,177.65,1519055,0.0
2021-11-05,179.66,179.66,174.04,175.02,1373836,0.0
2021-11-08,171.58,174.055,171.5,173.23,1927301,0.0
2021-11-09,174.29,175.39,171.2001,172.51,1759195,0.0
2021-11-10,171.18,173.62,169.62,171.33,1845032,0.0
2021-11-11,172.71,172.86,167.5601,169.01,1551976,0.0
2021-11-12,169.8,171.615,168.535,170.45,2563245,0.0
2021-11-15,172.12,174.0562,170.1306,172.18,1318800,0.0
2021-11-16,173.27,175.57,172.35,174.69,1302345,0.0
2021-11-17,175.54,177.07,174.7769,176.53,1230393,0.0
2021-11-18,177.33,179.4,174.62,176.26,1078880,0.0
2021-11-19,176.67,177.665,175.14,176.07,991025,0.0
2021-11-22,176.27,177.53,174,175.54,887451,0.0
2021-11-23,174.64,176,170.15,170.25,1741953,0.0
2021-11-24,168.5,170.135,166.135,169.57,876845,0.0
2021-11-26,165.57,166.52,161.17,163.73,703512,0.0
2021-11-29,167.24,168.14,162.77,165.48,1303941,0.0
2021-11-30,165.52,165.52,159.6476,160.28,1275384,0.0
2021-12-01,164.91,167.91,159.831,160.01,1495945,0.0
2021-12-02,162.56,166.435,161.16,165.85,1337959,0.0
2021-12-03,166.32,166.68,160.67,162.28,1013196,0.0
2021-12-06,165.83,166.165,161.8,164.45,1085820,0.0
2021-12-07,166.56,169.61,166.56,167.62,1165961,0.0
2021-12-08,169.09,170.76,167.4,170.29,815608,0.0
2021-12-09,169.38,169.63,166.15,166.8,749628,0.0
2021-12-10,168.66,169.4504,166.39,168.98,483245,0.0
2021-12-13,168.02,168.605,162.845,162.96,667487,0.0
2021-12-14,162.84,163.61,157.71,160.79,1533171,0.0
2021-12-15,159.53,164.47,158.49,164.45,1457822,0.0
2021-12-16,164.9,168.99,161.9,162.09,1077068,0.0
2021-12-17,161.79,162.39,157.26,158.42,1578627,0.0
2021-12-20,155.53,156,151.23,153.37,1369504,0.0
2021-12-21,155.51,158.23,154.67,158.03,870503,0.0
2021-12-22,158.42,161.81,158.03,160.86,849394,0.0
2021-12-23,162.21,163.79,161.815,162.42,556386,0.0
2021-12-27,162.72,164.3,160.5,163.47,644459,0.0
2021-12-28,162.97,164.48,162.25,162.72,596034,0.0
2021-12-29,163.53,164.615,162.225,163.24,439077,0.0
2021-12-30,164.33,166.02,162.94,163.21,413419,0.0
2021-12-31,162.48,165.72,162.1101,164.94,374394,0.0
2022-01-03,166,168.23,165,166.05,732336,0.0
2022-01-04,167.65,174.38,167.29,172.24,1388054,0.0
2022-01-05,171.41,173.94,168.26,168.51,1003488,0.0
2022-01-06,168.88,174.2583,165.495,174.14,1852053,0.0
2022-01-07,173.77,175.91,169.36,169.47,1350355,0.0
2022-01-10,167.76,169.55,160.83,165.21,887100,0.0
2022-01-11,158.52,162.29,157.71,159.71,2515138,0.0
2022-01-12,161.78,163.805,157.32,159.83,1301536,0.0
2022-01-13,160.53,163.52,158.5,158.58,1682710,0.0
2022-01-14,156,156.37,148.78,152.61,1905899,0.0
2022-01-18,151.62,151.67,147.73,149.56,1535092,0.0
2022-01-19,151.3,151.36,145.74,145.9046,1318262,0.0
2022-01-20,146.65,148.92,141.73,141.97,1193796,0.0
2022-01-21,140.82,144.5,139.65,140.14,1887502,0.0
2022-01-24,134.67,140.22,127.86,139.89,2576897,0.0
2022-01-25,136.03,138.26,132.89,135.93,1928499,0.0
2022-01-26,138.9,141.57,132.89,135.2,1357250,0.0
2022-01-27,137.43,139.39,130.05,132.04,1812323,0.0
2022-01-28,132.01,132.04,127.63,130.97,2951492,0.0
2022-01-31,130.89,136.93,130.42,136.47,3150667,0.0
2022-02-01,138.31,141.26,135.44,139.99,1849741,0.0
2022-02-02,140.43,141.81,138.04,139.94,1699007,0.0
2022-02-03,134.51,139.385,131.69,131.78,2343999,0.0
2022-02-04,129.28,134.104,128.84,132.2,2377996,0.0
2022-02-07,132.24,134.19,130.63,130.84,1430715,0.0
2022-02-08,131.3,134.77,129.89,134.19,1846324,0.0
2022-02-09,136.01,139.59,135.92,139.3,1447537,0.0
2022-02-10,137.75,141.14,134.9,135.87,1642553,0.0
2022-02-11,135.25,137.39,132.45,134,1456092,0.0
