Date,Open,High,Low,Close,Volume,OpenInterest
2020-12-04,1150.88,1165.0046,1150.7925,1162.38,151107,0.0
2020-12-07,1169.9,1172.58,1141.63,1157,358233,0.0
2020-12-08,1128,1138,1085.85,1095.99,748635,0.0
2020-12-09,1107.17,1146.4,1098.69,1138.41,653309,0.0
2020-12-10,1127.57,1147.84,1122.47,1137.08,279661,0.0
2020-12-11,1146.11,1163.1,1137,1154.67,254210,0.0
2020-12-14,1159.63,1182.41,1142.74,1151.13,297255,0.0
2020-12-15,1157.33,1182.4395,1150.14,1178.46,290023,0.0
2020-12-16,1186.25,1210.15,1180.61,1191.98,283363,0.0
2020-12-17,1196.51,1208.13,1172.45,1180.19,214877,0.0
2020-12-18,1180.68,1190.17,1174.78,1181.1,253774,0.0
2020-12-21,1177.17,1196.185,1166.21,1192.13,157132,0.0
2020-12-22,1192.04,1196.06,1177.65,1190.2,158308,0.0
2020-12-23,1187.72,1205.6399,1179.55,1193.78,155795,0.0
2020-12-24,1195.94,1208.01,1187.13,1204.59,70895,0.0
2020-12-28,1210.48,1220.98,1186.73,1192.34,191481,0.0
2020-12-29,1192.36,1197.37,1172.41,1176.53,188185,0.0
2020-12-30,1177.61,1188.305,1175.29,1176.63,117765,0.0
2020-12-31,1173.58,1187.47,1169.01,1187.07,127811,0.0
2021-01-04,1183.56,1190.9,1166.6401,1181.59,211041,0.0
2021-01-05,1175.84,1188.45,1164.16,1180.46,142675,0.0
2021-01-06,1175.34,1231.765,1175.34,1230.92,230590,0.0
2021-01-07,1228.27,1249.02,1218.72,1246.03,179401,0.0
2021-01-08,1248.76,1257.53,1240.88,1253.81,158495,0.0
2021-01-11,1248.59,1269.33,1246.72,1265.39,147561,0.0
2021-01-12,1265.84,1297.82,1264.5,1283.16,426521,0.0
2021-01-13,1276.96,1279.07,1253.18,1259.86,361758,0.0
2021-01-14,1265.88,1266.54,1242.34,1249.35,143657,0.0
2021-01-15,1242.97,1249.36,1238.13,1249.34,178526,0.0
2021-01-19,1248,1251.73,1230.19,1237.65,167636,0.0
2021-01-20,1239.17,1244.535,1226.24,1239.13,130210,0.0
2021-01-21,1239.34,1251.365,1236.345,1246.42,148847,0.0
2021-01-22,1241.39,1241.39,1225.37,1226.49,142691,0.0
2021-01-25,1227,1227.01,1179.79,1195.87,270876,0.0
2021-01-26,1200.26,1203.045,1177,1193.05,221904,0.0
2021-01-27,1184.75,1189.56,1116,1137.1,514354,0.0
2021-01-28,1137.29,1162.21,1133.18,1147.5,369182,0.0
2021-01-29,1145,1147.03,1111.71,1116.93,274944,0.0
2021-02-01,1125,1168.48,1122.24,1159.66,244725,0.0
2021-02-02,1160.16,1206.21,1160.16,1192.71,199509,0.0
2021-02-03,1187.84,1203.395,1181.01,1194.6,130370,0.0
2021-02-04,1200,1224.89,1198.81,1220.41,178786,0.0
2021-02-05,1230.51,1232.83,1215.39,1220.43,167044,0.0
2021-02-08,1220.43,1234.27,1219.71,1224.94,124620,0.0
2021-02-09,1224.6,1237.89,1217.3911,1224.47,147720,0.0
2021-02-10,1235.16,1235.24,1211.14,1213.3,156534,0.0
2021-02-11,1210.97,1218.21,1139.18,1151.3251,333157,0.0
2021-02-12,1151.12,1166.33,1143.33,1147.4,140500,0.0
2021-02-16,1143,1181.65,1143,1173.52,171578,0.0
2021-02-17,1165.37,1200.47,1165.37,1192.97,143066,0.0
2021-02-18,1190.45,1217.68,1185.37,1211.43,161783,0.0
2021-02-19,1212.34,1222.5,1198.314,1205.92,171282,0.0
2021-02-22,1207.47,1207.47,1183.8,1188.6,225957,0.0
2021-02-23,1195.31,1197.22,1175.105,1183.86,191907,0.0
2021-02-24,1182.23,1194.02,1168.0602,1189.51,184261,0.0
2021-02-25,1185.62,1199.88,1155.67,1160.47,275647,0.0
2021-02-26,1170.04,1184,1159.45,1160.07,276941,0.0
2021-03-01,1173.8,1180.95,1164.41,1167.57,301581,0.0
2021-03-02,1184.9,1200,1146.95,1183.88,337800,0.0
2021-03-03,1184.01,1191.68,1150.76,1180.53,289283,0.0
2021-03-04,1178.2,1189.19,1145.155,1170.14,284488,0.0
2021-03-05,1174.68,1225.69,1168,1220.6,237146,0.0
2021-03-08,1220,1251.75,1220,1241.09,211449,0.0
2021-03-09,1254.63,1256.945,1222.42,1222.83,149300,0.0
2021-03-10,1230.56,1263.76,1213.79,1256.525,203656,0.0
2021-03-11,1255.98,1276.9,1246.56,1261.88,191997,0.0
2021-03-12,1268.04,1290.63,1266.285,1287.02,177708,0.0
2021-03-15,1283.44,1297.05,1274.48,1296.59,122908,0.0
2021-03-16,1294.54,1303.25,1279.41,1300.93,187234,0.0
2021-03-17,1306.3,1307.225,1285.22,1290.31,240268,0.0
2021-03-18,1286.92,1313.805,1286.79,1303.4,186358,0.0
2021-03-19,1299.26,1339.87,1293.05,1324.81,217017,0.0
2021-03-22,1325.95,1343.915,1325.61,1339.62,222499,0.0
2021-03-23,1343.06,1354.18,1322.745,1323.14,196231,0.0
2021-03-24,1330.56,1363.625,1329.2096,1353.52,217240,0.0
2021-03-25,1349.47,1378.2,1343.31,1374.46,231815,0.0
2021-03-26,1374.26,1424.01,1370.79,1413.73,234936,0.0
2021-03-29,1416.84,1440.55,1409.94,1432.77,216505,0.0
2021-03-30,1432.28,1446.2448,1405.28,1425.02,194200,0.0
2021-03-31,1429,1429.83,1402.202,1406.28,165853,0.0
2021-04-01,1407.92,1422.91,1397.2,1418.83,130032,0.0
2021-04-05,1425,1431.93,1413.06,1414.67,115613,0.0
2021-04-06,1410.53,1441,1409.04,1433.64,180139,0.0
2021-04-07,1438.08,1439.96,1414.23,1423.28,140410,0.0
2021-04-08,1421.22,1423.315,1408.12,1417.51,104317,0.0
2021-04-09,1422.27,1441.89,1409.73,1437.3,196262,0.0
2021-04-12,1439.8,1458.18,1433.49,1454.77,155968,0.0
2021-04-13,1454.91,1454.91,1430.5,1434.03,118289,0.0
2021-04-14,1437.85,1455.36,1424.1,1452.02,141619,0.0
2021-04-15,1451.01,1470.93,1450.72,1467.43,78347,0.0
2021-04-16,1475.84,1499.74,1468.8829,1497.68,193030,0.0
2021-04-19,1495.74,1516.59,1494.2,1505.87,102845,0.0
2021-04-20,1512.35,1524.98,1501.69,1514.45,128481,0.0
2021-04-21,1500.97,1515.87,1483.55,1485.07,146222,0.0
2021-04-22,1488.61,1490.73,1465.095,1479.9,151185,0.0
2021-04-23,1487.02,1487.02,1451.77,1471.37,141133,0.0
2021-04-26,1466.52,1467.001,1443.18,1443.88,111993,0.0
2021-04-27,1451.33,1462.16,1441.7,1454.63,155516,0.0
2021-04-28,1464.25,1478.85,1453.14,1459.99,126319,0.0
2021-04-29,1468.27,1478.5625,1452.065,1475.86,164903,0.0
2021-04-30,1472.45,1477.805,1463.34,1464.2,156795,0.0
2021-05-03,1475.6,1488.24,1467.46,1475.82,101072,0.0
2021-05-04,1479.86,1488.49,1469.86,1477.4,179385,0.0
2021-05-05,1481.01,1481.98,1454.45,1471.68,130443,0.0
2021-05-06,1478,1493.0088,1474.84,1487.15,134889,0.0
2021-05-07,1491.47,1510.08,1480.26,1506.74,128816,0.0
2021-05-10,1513.17,1542.3,1507.28,1519.86,153524,0.0
2021-05-11,1513.89,1516.11,1478.68,1496.65,156113,0.0
2021-05-12,1505.25,1519.76,1488.88,1496.86,221659,0.0
2021-05-13,1495.19,1541.26,1495.19,1534.03,131506,0.0
2021-05-14,1538.09,1539.45,1501.7,1527.58,96797,0.0
2021-05-17,1529.41,1540.27,1523.335,1532.24,93375,0.0
2021-05-18,1532.09,1538.95,1509.3,1512.49,92978,0.0
2021-05-19,1500.29,1502.48,1458.62,1466,175207,0.0
2021-05-20,1466.8,1488.64,1466.62,1471.6,88317,0.0
2021-05-21,1475.01,1487.17,1452.745,1460.18,157994,0.0
2021-05-24,1461.03,1472.16,1442.24,1447.17,253346,0.0
2021-05-25,1453.6,1455,1411.23,1418.56,393967,0.0
2021-05-26,1415.61,1419.02,1388.85,1410,201965,0.0
2021-05-27,1420.64,1425.52,1406.06,1411,158425,0.0
2021-05-28,1408,1422.48,1405.53,1407.19,139272,0.0
2021-06-01,1414.81,1415.72,1398.02,1411.59,163646,0.0
2021-06-02,1419.61,1419.61,1400,1405.91,117474,0.0
2021-06-03,1397.52,1401.21,1388.9,1391.06,124317,0.0
2021-06-04,1397.04,1397.04,1367.96,1387.22,163606,0.0
2021-06-07,1381.38,1394.915,1373.48,1383.12,187703,0.0
2021-06-08,1384.35,1399.925,1375.06,1392.6,139636,0.0
2021-06-09,1393.19,1394.8,1381.47,1386.86,93499,0.0
2021-06-10,1390.24,1392.54,1371.14,1374.41,162248,0.0
2021-06-11,1378.82,1395.66,1376.225,1394.45,110795,0.0
2021-06-14,1394.77,1399.06,1374.53,1386.74,126413,0.0
2021-06-15,1390.14,1404.22,1377.03,1403.68,122883,0.0
2021-06-16,1398.26,1402.6,1383.97,1389.43,107654,0.0
2021-06-17,1397.47,1397.47,1374.13,1391.16,115057,0.0
2021-06-18,1376.77,1398.23,1376.77,1386.9,184611,0.0
2021-06-21,1400,1419.59,1399.61,1415.64,107321,0.0
2021-06-22,1418.6,1440.055,1411.4,1435.98,116071,0.0
2021-06-23,1436.54,1449.95,1418.26,1444.57,131710,0.0
2021-06-24,1447.2,1459.55,1441.835,1454.59,148740,0.0
2021-06-25,1454.87,1486.21,1454.555,1479.28,195919,0.0
2021-06-28,1479.21,1498.44,1472.31,1496.31,143793,0.0
2021-06-29,1500,1503.3,1486.97,1491.47,122818,0.0
2021-06-30,1496,1504.37,1488.04,1490.87,116278,0.0
2021-07-01,1497.65,1528.78,1494.97,1526.69,150588,0.0
2021-07-02,1525.81,1551.49,1525.81,1549.99,114163,0.0
2021-07-06,1547,1554.9,1535.82,1541.72,149870,0.0
2021-07-07,1536.36,1552.6,1535.21,1550.66,122122,0.0
2021-07-08,1534.08,1546.545,1524.445,1538,98870,0.0
2021-07-09,1556.14,1566.16,1545.3,1564.53,153939,0.0
2021-07-12,1563.26,1585.305,1556.6,1577.36,107334,0.0
2021-07-13,1573.04,1579.45,1552.44,1557.9,117661,0.0
2021-07-14,1558.34,1582.41,1554.98,1582.41,82032,0.0
2021-07-15,1574.15,1599.81,1573.1345,1597.51,119811,0.0
2021-07-16,1600,1612.325,1593.49,1605.31,99003,0.0
2021-07-19,1606.04,1612,1571.48,1585.02,135588,0.0
2021-07-20,1587.76,1611.55,1587.76,1600.84,120592,0.0
2021-07-21,1602.96,1608.9799,1579.38,1590.89,93733,0.0
2021-07-22,1591.84,1599.9999,1580.91,1595,107813,0.0
2021-07-23,1598,1632.805,1591.425,1630.98,92351,0.0
2021-07-26,1629.88,1633.8,1614.97,1621.56,90598,0.0
2021-07-27,1615.02,1628.21,1600.85,1626.81,98129,0.0
2021-07-28,1629.48,1631.2083,1606.97,1610.09,72404,0.0
2021-07-29,1615.68,1633.51,1594.05,1627.62,107658,0.0
2021-07-30,1626.23,1631,1614.01,1624.73,95116,0.0
2021-08-02,1633.44,1638.31,1609.55,1635.87,85471,0.0
2021-08-03,1628.42,1666.63,1628.42,1660.22,99037,0.0
2021-08-04,1661.89,1663.75,1634.39,1644.01,87777,0.0
2021-08-05,1654.17,1658.025,1625.73,1638.68,82626,0.0
2021-08-06,1637.73,1646.68,1626.17,1628.1,70498,0.0
2021-08-09,1632.15,1636.6,1612.13,1618.55,79732,0.0
2021-08-10,1618.83,1643.976,1613.79,1632.86,89711,0.0
2021-08-11,1634.06,1650.04,1633.367,1637.18,62507,0.0
2021-08-12,1636.23,1639.23,1619.02,1630.79,58782,0.0
2021-08-13,1630.11,1634.635,1609.04,1612.61,85867,0.0
2021-08-16,1610,1635.64,1607.13,1632.89,102831,0.0
2021-08-17,1627.46,1630,1599.71,1616.16,105771,0.0
2021-08-18,1614.85,1632.32,1607.39,1611.8,88809,0.0
2021-08-19,1601.57,1641.277,1600.0001,1631.03,82191,0.0
2021-08-20,1637.41,1653.87,1630.99,1641.09,111954,0.0
2021-08-23,1643.59,1656.29,1617.45,1619.63,81369,0.0
2021-08-24,1615.97,1624.29,1594.71,1599.99,119671,0.0
2021-08-25,1597.42,1617.215,1588.735,1611.76,82016,0.0
2021-08-26,1607.94,1607.94,1586.79,1587.01,114492,0.0
2021-08-27,1578.59,1578.59,1544.31,1548.49,190125,0.0
2021-08-30,1555.75,1562.88,1544.01,1555.7,134484,0.0
2021-08-31,1551.02,1559.95,1540.41,1549.29,147348,0.0
2021-09-01,1553.09,1553.58,1530.02,1537.38,127510,0.0
2021-09-02,1538.56,1545.6,1503.3,1520,173580,0.0
2021-09-03,1516.38,1540.335,1508.86,1539,102010,0.0
2021-09-07,1529.99,1545.38,1522.96,1527.36,95945,0.0
2021-09-08,1529.19,1558.06,1521.006,1557.57,125535,0.0
2021-09-09,1557.23,1564.7,1547.3225,1551.58,90216,0.0
2021-09-10,1557.92,1567.37,1548.85,1550.71,85022,0.0
2021-09-13,1548.63,1561.2,1540.98,1554.78,141375,0.0
2021-09-14,1563.64,1565.96,1550.605,1565.71,99639,0.0
2021-09-15,1568.52,1597.88,1552.645,1597.51,105421,0.0
2021-09-16,1605.45,1616.165,1591.051,1607.66,93072,0.0
2021-09-17,1602.66,1619.81,1592.58,1592.7,130590,0.0
2021-09-20,1583.62,1597.6299,1559.43,1585.85,174813,0.0
2021-09-21,1626,1660,1605.97,1643.07,234396,0.0
2021-09-22,1655,1694.27,1642.05,1686,190738,0.0
2021-09-23,1692.39,1704.02,1675,1687.41,155704,0.0
2021-09-24,1660,1703,1660,1696.04,178147,0.0
2021-09-27,1692.4,1704.99,1678.505,1691.41,124850,0.0
2021-09-28,1694.1,1701.345,1668.92,1689.27,120530,0.0
2021-09-29,1697.6,1738.78,1688.765,1737.96,190980,0.0
2021-09-30,1727.34,1734.005,1679.21,1697.99,247217,0.0
2021-10-01,1706.77,1706.77,1657.46,1672.29,169703,0.0
2021-10-04,1663.44,1676.735,1634.34,1642.52,146069,0.0
2021-10-05,1655.03,1673.27,1639.12,1649.97,113561,0.0
2021-10-06,1660.19,1679.9225,1647.29,1663.82,169838,0.0
2021-10-07,1662.28,1690.82,1654.27,1682.28,126247,0.0
2021-10-08,1681.08,1699.3,1666.71,1682.36,92713,0.0
2021-10-11,1680.19,1697.47,1674.03,1674.11,80145,0.0
2021-10-12,1677.31,1679.82,1657.225,1677.635,96593,0.0
2021-10-13,1675.25,1687.99,1649.59,1684.6,112808,0.0
2021-10-14,1689.43,1719.97,1685.98,1719.97,112253,0.0
2021-10-15,1731.96,1741.91,1722.43,1736.02,144642,0.0
2021-10-18,1733.43,1767.88,1730.35,1758.46,194381,0.0
2021-10-19,1758.33,1777.92,1753.72,1764.51,149338,0.0
2021-10-20,1771.27,1791.97,1763.655,1770.95,156949,0.0
2021-10-21,1781.5,1815.57,1780.72,1808.56,158669,0.0
2021-10-22,1808.42,1840.55,1793.5,1832.98,105347,0.0
2021-10-25,1839.21,1844.99,1812.23,1822.28,115988,0.0
2021-10-26,1828.3,1833,1812.1,1826.55,112896,0.0
2021-10-27,1824.88,1837.54,1817.84,1827.03,105408,0.0
2021-10-28,1825.27,1831.385,1775.45,1780.67,168528,0.0
2021-10-29,1779.73,1796.92,1772.035,1785.01,147127,0.0
2021-11-01,1794.05,1801,1767.52,1778.92,106114,0.0
2021-11-02,1785.28,1802.95,1779,1789.34,156050,0.0
2021-11-03,1791.27,1799.31,1768.72,1792.91,102661,0.0
2021-11-04,1799.38,1832.49,1794.76,1810.55,113615,0.0
2021-11-05,1822.37,1830,1802.27,1818.09,78875,0.0
2021-11-08,1826.55,1834.995,1799.09,1820.95,102384,0.0
2021-11-09,1824.9,1868.685,1814.32,1868.02,136080,0.0
2021-11-10,1863.21,1897.52,1863.21,1881.47,151075,0.0
2021-11-11,1878.59,1904,1876.11,1888.2,101866,0.0
2021-11-12,1896.45,1904.8398,1880.18,1888.65,91551,0.0
2021-11-15,1895.24,1921.365,1886.09,1913.45,108076,0.0
2021-11-16,1900.38,1941.36,1905.08,1912.02,92940,0.0
2021-11-17,1920,1922.345,1892.5,1895.63,98772,0.0
2021-11-18,1893.84,1893.84,1873.235,1876.3975,108878,0.0
2021-11-19,1886.9,1886.9,1856.985,1860.7,92115,0.0
2021-11-22,1860.28,1875.885,1851.375,1865.61,81150,0.0
2021-11-23,1861.51,1883.78,1849.57,1880.86,84089,0.0
2021-11-24,1866.32,1870.44,1852,1856.08,97180,0.0
2021-11-26,1836.51,1843.14,1806.89,1817.62,70366,0.0
2021-11-29,1828.1,1855.43,1815.82,1838.69,103359,0.0
2021-11-30,1835,1852.8,1812.97,1819.15,108523,0.0
2021-12-01,1835.57,1861.15,1806.88,1808.06,92064,0.0
2021-12-02,1795.65,1873.86,1816.015,1870.16,90142,0.0
2021-12-03,1875.46,1897.88,1855.14,1860.47,103473,0.0
2021-12-06,1877.81,1886.01,1858.23,1877.07,106595,0.0
2021-12-07,1914.37,2028.66,1890.705,2024.86,238699,0.0
2021-12-08,2013.76,2019.965,1940.6,1989.16,200580,0.0
2021-12-09,1977.52,2008.24,1951.86,1965.47,179632,0.0
2021-12-10,1975.79,2006.67,1958.95,2003.33,104424,0.0
2021-12-13,2001.38,2001.39,1963.63,1988.93,63162,0.0
2021-12-14,1982.98,2011.21,1971.075,2000.01,103706,0.0
2021-12-15,1991.47,2053,1983.8,2049.21,112454,0.0
2021-12-16,2066.62,2065.72,2008.49,2013.35,118363,0.0
2021-12-17,2016.34,2016.34,1972.87,1997.28,117382,0.0
2021-12-20,1985.93,1997.84,1941.045,1994.82,120288,0.0
2021-12-21,2012.1,2012.1,1975,1989.45,66319,0.0
2021-12-22,1989.63,2028,1989.42,2022.02,60951,0.0
2021-12-23,2027.04,2039.5083,2007.6,2014.5,45291,0.0
2021-12-27,2014.98,2047.89,2004.74,2046.45,44379,0.0
2021-12-28,2048.39,2064.1677,2037.4,2060.69,58730,0.0
2021-12-29,2067.65,2110,2058.2827,2104.03,73026,0.0
2021-12-30,2103,2107.21,2076.88,2084.5,53572,0.0
2021-12-31,2083.69,2107.9,2069.37,2096.12,67794,0.0
2022-01-03,2077.49,2089.19,2024.5,2045.34,110489,0.0
2022-01-04,2058.19,2098.39,2046.87,2080.24,108432,0.0
2022-01-05,2075,2096.9,2031.92,2033.99,129468,0.0
2022-01-06,2046.84,2075.8,2040.35,2062.07,86957,0.0
2022-01-07,2044.34,2049.21,2006.295,2015.94,89343,0.0
2022-01-10,1997.67,2015.01,1960.025,2014.7,111972,0.0
2022-01-11,2017.62,2025.24,1975.02,2001.45,79979,0.0
2022-01-12,2010.22,2055.09,2002.76,2052.9,132169,0.0
2022-01-13,2058.04,2077.07,2042.6,2050.23,73140,0.0
2022-01-14,2030,2057.7107,2020.122,2035.46,86502,0.0
2022-01-18,2008.45,2012.76,1953.595,1967.19,136745,0.0
2022-01-19,1981.09,1991.97,1945.19,1946.76,84310,0.0
2022-01-20,1957.4,1988.68,1930.22,1931.33,94983,0.0
2022-01-21,1930,1964.5,1932.73,1940.28,125924,0.0
2022-01-24,1920.66,1979.83,1891.275,1973.16,202424,0.0
2022-01-25,1960.57,1964.085,1915.145,1929.81,157893,0.0
2022-01-26,1952.44,1952.44,1876.565,1881.7,188780,0.0
2022-01-27,1904.69,1927.5,1891.29,1909.76,150073,0.0
2022-01-28,1912.92,1952.54,1893.02,1952.54,128770,0.0
2022-01-31,1944.3,1996.37,1944.3,1986.79,163884,0.0
2022-02-01,1983.06,2014.88,1974.51,2013.16,147845,0.0
2022-02-02,2032.46,2071.07,2024.5935,2065.6,145422,0.0
2022-02-03,2040.94,2078.73,2025.52,2026.95,133839,0.0
2022-02-04,2024.21,2041.1,1975.36,2019.82,142722,0.0
2022-02-07,2023.89,2045.525,1989.77,1996.12,140218,0.0
2022-02-08,1991.88,2047.6,1980.03,2017.02,129601,0.0
2022-02-09,2031.575,2047.44,1995,2005.31,100671,0.0
2022-02-10,1944.83,1952.37,1904.835,1942.05,287440,0.0
2022-02-11,1947.8,1991.58,1940,1947.52,123344,0.0
