Date,Open,High,Low,Close,volume,trade_count,vwap
2020-12-31,41.69,42.49,41.58,42.44,2956571,21028,42.170488
2021-01-04,42.5,42.64,41.23,41.69,5710205,39102,41.702085
2021-01-05,41.69,42.425,41.3411,42.16,4592376,34200,42.020818
2021-01-06,43.52,45.42,43.43,45.01,8467161,69402,44.887097
2021-01-07,45.59,46.04,45.24,45.28,5086803,37603,45.534632
2021-01-08,45.35,45.46,44.43,44.8,3621016,29312,44.814425
2021-01-11,44.43,45.57,44.1,45.56,4590248,31442,45.277739
2021-01-12,45.91,46.67,45.85,46.56,4933797,36565,46.480861
2021-01-13,46.52,46.835,46.185,46.32,4343292,30487,46.448103
2021-01-14,46.36,46.8362,45.8051,46.53,3362424,31619,46.48934
2021-01-15,45.96,46.13,45.32,45.57,4330838,31194,45.651056
2021-01-19,45.75,46.33,45.2301,45.82,6427772,49065,45.856625
2021-01-20,43.72,44.0,42.26,42.49,10494481,74161,42.702805
2021-01-21,42.53,42.79,41.7,42.26,8672271,57722,42.197216
2021-01-22,41.81,42.275,41.47,41.93,5509162,39005,41.941999
2021-01-25,41.5,41.695,41.11,41.3,8239637,51880,41.263992
2021-01-26,41.48,41.665,40.88,41.34,5936765,43578,41.282831
2021-01-27,40.76,40.84,39.58,39.82,8475560,60289,40.234959
2021-01-28,40.13,41.06,40.04,40.69,7315459,47630,40.755444
2021-01-29,40.21,40.595,39.455,39.83,7392663,51691,39.964778
2021-02-01,40.13,41.07,40.02,40.47,7013646,53974,40.59083
2021-02-02,40.75,41.625,40.53,40.85,8285451,45232,41.104151
2021-02-03,40.72,41.315,40.56,41.06,5403207,36336,40.955318
2021-02-04,41.29,42.3,41.17,42.23,5020298,38133,42.001997
2021-02-05,42.53,42.58,41.885,42.03,3505045,31693,42.094799
2021-02-08,42.15,42.44,41.79,41.95,3988752,34623,41.979218
2021-02-09,41.85,42.15,41.4,41.96,4202854,31031,41.868893
2021-02-10,42.15,42.39,41.71,41.74,4574807,33610,41.943441
2021-02-11,42.92,43.84,42.03,42.13,10917505,73984,42.703209
2021-02-12,41.93,42.54,41.58,41.93,8844761,48730,41.898735
2021-02-16,42.11,43.3491,42.11,42.75,8707618,50730,42.804363
2021-02-17,42.81,43.3,42.43,42.9,4602223,30614,42.907255
2021-02-18,42.59,42.8,41.9,42.18,3716872,28862,42.28084
2021-02-19,42.42,42.89,42.24,42.32,5899935,47065,42.538229
2021-02-22,42.1,43.98,42.08,43.73,9732975,63465,43.249218
2021-02-23,43.98,44.54,43.65,43.83,8004612,61011,44.117114
2021-02-24,43.97,44.57,43.83,44.26,7416804,51963,44.321108
2021-02-25,44.6,44.945,43.25,43.42,7042347,62717,44.010957
2021-02-26,43.07,43.2,41.98,42.16,6967323,52801,42.340662
2021-03-01,42.86,43.87,42.69,43.68,6377147,38969,43.579072
2021-03-02,43.71,44.32,43.58,43.6,4494559,39362,43.849063
2021-03-03,43.78,45.56,43.78,44.53,7398087,56908,44.940468
2021-03-04,44.53,45.35,44.04,44.76,6910317,60968,44.769635
2021-03-05,45.4,45.72,44.4,45.03,5828733,57047,44.934643
2021-03-08,45.57,46.16,45.1532,45.63,4341741,37959,45.75628
2021-03-09,45.03,45.935,44.35,44.94,6057814,50267,45.236424
2021-03-10,45.11,46.2701,44.9,45.9,5011985,40169,45.690798
2021-03-11,45.56,46.0,45.2,45.73,3697104,31046,45.738613
2021-03-12,46.54,46.9,46.2,46.66,4741844,35959,46.626672
2021-03-15,46.69,46.78,46.0189,46.69,3680189,31272,46.464791
2021-03-16,46.41,46.63,45.92,46.24,3746136,30212,46.27089
2021-03-17,46.67,46.82,45.88,46.51,4903967,39159,46.348983
2021-03-18,47.03,47.76,46.53,46.7,6303573,51149,47.067493
2021-03-19,46.23,46.71,45.605,46.35,14571155,53858,46.337926
2021-03-22,45.21,45.8,44.88,45.21,6265684,41763,45.223621
2021-03-23,44.94,45.34,44.195,44.37,3727790,34406,44.671287
2021-03-24,45.49,46.04,45.25,45.25,5262869,44519,45.557149
2021-03-25,45.34,46.37,44.695,46.33,6261846,43486,45.951808
2021-03-26,46.82,47.56,46.76,47.49,7413811,58200,47.17009
2021-03-29,46.63,47.905,46.46,47.52,4829210,40628,47.397796
2021-03-30,47.8,48.145,47.5,47.86,4451209,33457,47.862865
2021-03-31,47.63,47.88,47.22,47.29,4855585,37232,47.411355
2021-04-01,47.24,47.5184,46.85,47.47,4175512,34213,47.316531
2021-04-05,47.98,48.5,47.6801,48.13,3645890,35815,48.193518
2021-04-06,48.04,48.13,47.41,47.78,3114147,29612,47.722475
2021-04-07,48.03,48.29,47.6,47.84,3336445,30992,47.821374
2021-04-08,47.63,48.05,47.39,48.0,3095587,33893,47.836876
2021-04-09,48.3,48.695,48.17,48.62,3146001,28845,48.46517
2021-04-12,48.62,49.13,48.53,49.09,2825489,29394,48.958761
2021-04-13,48.81,48.92,48.26,48.34,3161404,28581,48.448442
2021-04-14,48.3,48.97,48.09,48.64,4168942,36213,48.678999
2021-04-15,48.73,48.8,47.95,48.01,7702656,59536,48.166111
2021-04-16,46.7,47.5,45.8,46.07,9663857,67368,46.318727
2021-04-19,46.31,46.934,46.13,46.81,6272821,51535,46.588446
2021-04-20,46.64,47.21,46.28,46.58,7365956,60011,46.791307
2021-04-21,46.31,47.41,46.19,47.19,4987552,42100,47.05887
2021-04-22,46.87,47.23,46.38,46.55,5344947,45789,46.724751
2021-04-23,46.55,47.89,46.25,47.6,4502758,40759,47.468594
2021-04-26,47.84,48.54,47.75,48.11,5542724,39474,48.260741
2021-04-27,47.87,48.655,47.58,48.55,5523505,41315,48.298147
2021-04-28,48.61,49.24,48.61,49.18,5892194,43045,49.021848
2021-04-29,49.5,50.2568,49.46,50.08,6896790,50784,50.000786
2021-04-30,49.97,50.245,49.705,49.88,6842255,44538,49.931708
2021-05-03,50.25,50.45,49.7,50.23,3872150,29443,50.180528
2021-05-04,50.13,50.65,49.99,50.49,6075559,50657,50.390963
2021-05-05,50.61,51.59,50.14,51.45,4170771,35024,51.236594
2021-05-06,51.74,51.925,51.34,51.89,4869472,38934,51.740614
2021-05-07,51.17,51.95,50.59,51.82,4629215,44868,51.624838
2021-05-10,52.19,52.82,52.0,52.27,4649709,38190,52.419035
2021-05-11,51.87,52.63,51.35,51.58,6476678,57153,51.738797
2021-05-12,52.12,52.34,50.865,51.03,4153484,42964,51.383994
2021-05-13,50.76,52.01,50.62,51.69,4635934,46380,51.676922
2021-05-14,51.98,52.29,51.635,51.78,4446952,38403,51.87325
2021-05-17,51.8,52.29,51.425,52.09,3919944,35853,52.044687
2021-05-18,52.09,52.305,50.73,50.75,5463969,44451,51.295271
2021-05-19,50.21,50.89,49.81,50.86,4990264,46478,50.43251
2021-05-20,50.85,50.99,50.41,50.61,2854628,29322,50.673175
2021-05-21,50.8,51.755,50.72,51.56,3669099,30401,51.445597
2021-05-24,51.61,51.86,51.465,51.74,2663962,27306,51.712194
2021-05-25,51.77,52.25,51.0,51.12,3035229,28425,51.46327
2021-05-26,51.41,51.71,50.98,51.56,3766381,32391,51.504935
2021-05-27,52.21,52.69,51.82,52.1,6573331,40393,52.122161
2021-05-28,52.18,52.215,51.65,52.08,3404430,27604,51.977542
2021-06-01,52.81,52.9,52.04,52.3,3182027,27256,52.320406
2021-06-02,52.23,52.43,51.74,52.12,3302349,30853,52.085091
2021-06-03,52.05,52.475,51.73,52.2,2788668,27565,52.186961
2021-06-04,52.18,52.25,51.635,52.21,2204999,21223,52.044196
2021-06-07,52.33,52.33,51.77,51.82,2285758,22399,51.909068
2021-06-08,51.41,51.64,50.85,51.42,2803304,29224,51.391473
2021-06-09,51.08,51.08,50.55,50.62,2910423,29927,50.691387
2021-06-10,51.04,51.25,49.835,49.87,3179306,31463,50.270859
2021-06-11,49.96,50.445,49.9,50.41,3549289,32961,50.305786
2021-06-14,50.18,50.37,48.83,49.64,5980209,54249,49.624417
2021-06-15,49.79,50.57,49.65,50.45,3685458,34401,50.242051
2021-06-16,50.34,51.95,49.64,51.23,9764932,81186,50.908053
2021-06-17,51.83,51.85,49.155,49.48,7438092,66340,49.891914
2021-06-18,48.87,48.95,48.04,48.22,11478487,61695,48.336813
2021-06-21,48.61,49.73,48.51,49.66,4157533,41435,49.38244
2021-06-22,49.69,49.74,49.04,49.44,3874659,43144,49.446399
2021-06-23,49.57,49.87,49.35,49.37,4580340,39042,49.492334
2021-06-24,49.61,50.45,49.38,50.25,3662752,31941,50.084051
2021-06-25,50.41,51.14,50.28,50.99,4156373,32795,50.943978
2021-06-28,50.8,50.905,50.16,50.86,2783438,28140,50.649185
2021-06-29,51.25,51.68,50.87,51.02,3913782,38554,51.170249
2021-06-30,50.72,51.375,50.55,51.23,5497801,36444,51.117309
2021-07-01,51.56,51.74,51.16,51.43,2849208,28235,51.402556
2021-07-02,51.4,51.53,50.99,51.24,3060568,28756,51.212568
2021-07-06,50.99,51.1,49.205,49.49,6175654,48156,49.544302
2021-07-07,49.21,49.69,48.91,49.48,3003305,26687,49.381049
2021-07-08,48.73,48.97,48.03,48.34,4491580,36786,48.427687
2021-07-09,49.32,50.09,49.09,49.93,3552690,31963,49.763132
2021-07-12,49.56,50.54,49.25,50.28,2984136,30662,50.27001
2021-07-13,50.3,50.48,49.645,49.96,2707928,25636,49.941424
2021-07-14,49.89,50.39,48.99,49.28,4832179,39668,49.34771
2021-07-15,48.35,49.67,47.57,48.68,6832614,61820,48.63898
2021-07-16,48.96,49.585,48.51,49.38,8152033,60986,49.18054
2021-07-19,48.35,48.56,47.32,47.58,7296957,66897,47.602687
2021-07-20,47.58,49.955,47.33,49.44,6376566,65567,49.357467
2021-07-21,49.82,50.4873,49.6,50.06,5126058,42588,50.130527
2021-07-22,49.99,50.06,49.51,49.83,4759332,39012,49.840601
2021-07-23,50.21,50.54,49.69,49.97,4397208,43991,50.037867
2021-07-26,49.5,50.475,49.47,50.25,4552952,40318,50.199455
2021-07-27,49.64,50.84,49.43,50.19,6012835,40775,50.287306
2021-07-28,50.41,50.875,49.909,50.35,6585438,44904,50.36888
2021-07-29,50.91,51.76,50.58,51.3,4435321,41732,51.354194
2021-07-30,51.05,51.68,50.96,51.33,4511199,40029,51.307109
2021-08-02,51.73,52.56,51.21,51.28,5408821,50958,51.680664
2021-08-03,51.45,52.305,50.81,52.0,4500781,42631,51.811965
2021-08-04,51.6,52.065,51.22,51.49,4293489,44629,51.754636
2021-08-05,51.81,52.245,51.59,51.8,4793204,44916,51.847282
2021-08-06,52.4,53.52,52.35,53.16,5598833,49714,53.120777
2021-08-09,53.0,53.72,52.73,53.38,4645167,46935,53.452434
2021-08-10,53.22,54.04,53.16,53.83,4586024,45611,53.769777
2021-08-11,54.02,54.86,53.79,54.77,5014708,49783,54.616191
2021-08-12,54.77,55.02,54.43,54.89,3869041,37550,54.781171
2021-08-13,54.72,54.99,53.77,53.87,6782713,63266,54.073631
2021-08-16,53.51,54.37,53.17,54.27,4321172,41469,54.022524
2021-08-17,53.89,54.33,53.4,53.8,4445137,42295,53.898136
2021-08-18,53.6,54.545,53.26,53.53,4565028,49380,54.06046
2021-08-19,52.98,53.32,52.54,52.77,5362621,53329,52.85912
2021-08-20,52.76,53.515,52.44,53.32,4247540,45771,53.212109
2021-08-23,53.63,54.395,53.63,54.06,3580635,37141,54.117699
2021-08-24,54.23,54.875,54.04,54.53,3502545,36181,54.580384
2021-08-25,54.7,55.97,54.53,55.57,4653197,42286,55.524422
2021-08-26,55.56,55.88,55.4,55.48,4293024,44611,55.605049
2021-08-27,55.49,56.5,55.4,56.41,4294950,42517,56.231051
2021-08-30,56.6,56.64,55.155,55.18,2472711,28693,55.501543
2021-08-31,55.29,55.6,54.88,55.22,3953243,34590,55.218638
2021-09-01,55.29,55.54,54.19,54.4,4779190,45743,54.463234
2021-09-02,54.5,54.67,54.07,54.31,3691427,30920,54.347196
2021-09-03,54.41,54.49,53.715,53.93,3049117,32399,53.962821
2021-09-07,53.89,54.0,53.0,53.12,3989739,39902,53.333233
2021-09-08,53.01,53.09,52.52,52.98,4110652,37586,52.875545
2021-09-09,52.86,53.66,52.8,52.88,4137829,40924,53.163845
2021-09-10,53.23,53.25,51.855,51.91,6868903,62831,52.14654
2021-09-13,52.29,52.595,51.82,52.24,4006947,43990,52.167896
2021-09-14,52.33,52.5,50.88,51.14,4397308,46452,51.188475
2021-09-15,51.2,52.18,51.05,52.07,5773639,54004,51.887918
2021-09-16,52.42,52.56,50.98,51.37,6185820,51518,51.592178
2021-09-17,51.18,51.49,50.465,51.15,11536503,52264,51.041475
2021-09-20,49.84,49.94,48.74,49.59,6131966,65373,49.274809
2021-09-21,49.82,49.99,49.13,49.3,4078148,39220,49.434438
2021-09-22,49.99,50.39,49.78,49.93,4153445,39244,50.057318
2021-09-23,50.58,52.0,50.47,51.5,4663400,42942,51.577337
2021-09-24,51.31,52.14,51.31,51.55,2712053,28878,51.683901
2021-09-27,52.04,53.785,51.962,53.4,4768601,46559,53.360488
2021-09-28,53.53,54.29,52.8,52.91,5413920,58811,53.302026
2021-09-29,52.81,52.98,52.355,52.63,2788639,29913,52.666822
2021-09-30,52.97,53.17,51.83,51.84,4314837,39523,52.268571
2021-10-01,51.84,53.365,51.83,52.92,4868773,47411,52.653609
2021-10-04,52.75,53.89,52.67,52.85,5151705,52979,53.043876
2021-10-05,53.23,54.735,53.05,54.42,4865871,48310,54.284888
2021-10-06,53.88,54.78,53.54,54.54,5111669,52880,54.296289
2021-10-07,55.0,55.42,54.4,54.53,5660484,58409,54.831545
2021-10-08,54.63,56.14,54.61,55.84,4671172,45161,55.831747
2021-10-11,55.93,56.65,55.48,55.52,4895206,47113,55.996052
2021-10-12,55.51,56.06,55.28,55.51,4635590,48097,55.692386
2021-10-13,55.5,55.64,54.45,55.29,5350532,48452,55.181175
2021-10-14,55.9,56.63,55.5,56.57,6258650,50533,56.300494
2021-10-15,57.18,57.695,56.73,57.16,5420772,44135,57.214939
2021-10-18,57.0,57.99,57.0,57.41,5109896,44653,57.448863
2021-10-19,55.56,57.7,55.5,57.65,5709588,51907,57.012126
2021-10-20,57.65,59.655,57.47,59.31,6203512,58051,59.007494
2021-10-21,59.48,60.06,59.13,59.74,4135475,41576,59.558515
2021-10-22,60.03,60.52,59.52,59.71,4853319,42210,59.841958
2021-10-25,59.74,59.9,59.23,59.4,3352549,34301,59.447956
2021-10-26,59.53,59.59,58.945,59.1,3809815,33886,59.238916
2021-10-27,58.79,59.49,58.38,58.45,4336445,44286,58.725971
2021-10-28,58.49,59.52,58.49,59.44,3773461,36736,59.286344
2021-10-29,59.17,59.75,59.03,59.2,4548517,39055,59.360513
2021-11-01,59.85,60.06,59.48,60.02,3653118,33683,59.858225
2021-11-02,59.98,60.47,59.79,59.93,3254076,29883,60.065227
2021-11-03,59.67,60.48,59.53,60.09,3022306,28731,60.03538
2021-11-04,60.0,60.01,58.505,59.06,3285267,33992,58.997806
2021-11-05,59.46,59.68,58.765,58.82,3947053,40855,59.118646
2021-11-08,59.16,59.46,58.705,58.98,3217101,34894,59.028672
2021-11-09,58.61,58.87,58.16,58.58,3760352,36247,58.495789
2021-11-10,58.46,59.6,58.425,59.16,4139997,39196,59.21092
2021-11-11,59.14,60.44,58.935,59.99,3831281,38951,59.977611
2021-11-12,60.0,60.15,59.61,60.08,3387934,33212,59.928449
2021-11-15,60.29,60.38,59.73,59.91,2370718,26233,60.052495
2021-11-16,59.83,59.94,59.13,59.15,3390967,30980,59.44528
2021-11-17,59.01,59.19,57.825,58.05,2936944,29486,58.256837
2021-11-18,58.25,58.42,57.58,57.77,2895478,28329,57.853744
2021-11-19,57.16,57.48,56.363,57.07,3807519,32617,56.987398
2021-11-22,57.8,58.86,57.66,58.21,2944799,32621,58.378008
2021-11-23,58.63,59.07,58.31,59.01,2598943,29764,58.792224
2021-11-24,58.85,59.32,58.44,58.92,2597821,28017,58.978805
2021-11-26,56.81,57.165,55.97,56.75,3292034,35925,56.719691
2021-11-29,57.4,57.7,56.7,57.01,3793311,42346,57.104875
2021-11-30,56.32,56.32,54.58,54.79,7467922,57313,54.951541
2021-12-01,56.09,56.485,54.095,54.14,4813493,56175,55.15878
2021-12-02,54.71,56.515,54.49,56.15,4031475,44110,55.955761
2021-12-03,56.26,56.36,54.39,54.88,5322575,53850,55.113067
2021-12-06,55.35,56.16,54.74,55.43,3786996,48260,55.508033
2021-12-07,55.97,56.345,55.56,56.13,4096062,43236,56.093491
2021-12-08,56.08,57.42,55.82,56.32,5621618,60989,56.591444
2021-12-09,56.2,57.62,55.86,57.08,5151769,46157,57.020655
2021-12-10,57.42,57.47,56.615,56.73,4340956,41758,56.862368
2021-12-13,56.66,56.66,55.84,56.13,3415880,37049,56.198419
2021-12-14,56.18,57.43,56.135,56.78,3651057,41894,56.827662
2021-12-15,56.9,57.06,55.88,56.9,3744917,46283,56.663343
2021-12-16,58.43,58.76,57.6724,58.42,5379140,54708,58.378176
2021-12-17,58.22,58.36,56.88,57.5,14490131,60696,57.574332
2021-12-20,56.68,57.0,55.34,56.48,4023349,39113,56.14334
2021-12-21,57.16,58.13,57.135,57.89,3408539,38117,57.82724
2021-12-22,57.85,58.255,57.69,57.91,2331462,31256,57.938774
2021-12-23,58.18,58.82,58.015,58.11,1840542,23356,58.222995
2021-12-27,58.2,58.53,57.93,58.52,2386976,27230,58.326747
2021-12-28,58.39,58.98,58.343,58.46,1808695,22416,58.550456
2021-12-29,58.62,58.85,58.29,58.37,1824848,20180,58.459811
2021-12-30,58.29,58.6799,57.93,57.97,1586259,20568,58.171778
2021-12-31,57.96,58.3,57.86,58.08,1910309,20234,58.086746
2022-01-03,58.6,59.02,58.345,58.51,3251313,34245,58.565988
2022-01-04,59.36,61.215,59.33,60.6,4912925,46656,60.608669
2022-01-05,61.12,61.62,60.06,60.18,3645576,36781,60.794258
2022-01-06,61.0,61.44,60.24,61.3,3494141,34503,61.03077
2022-01-07,61.36,62.39,60.99,62.33,5152343,45281,61.999003
2022-01-10,63.13,63.42,62.02,62.8,5176721,55760,62.633326
2022-01-11,62.64,63.28,61.95,63.07,4054367,40207,62.749061
2022-01-12,63.35,63.915,62.87,63.55,6405347,50278,63.426898
2022-01-13,63.56,64.53,63.49,63.65,4147376,40612,63.918915
2022-01-14,62.82,63.69,62.16,63.6,5768765,55979,63.313242
2022-01-18,62.23,63.22,61.5,62.92,6755413,59363,62.596333
2022-01-19,63.19,63.2,58.98,59.24,6233584,70541,59.967632
2022-01-20,59.19,61.21,58.95,59.92,6950541,71590,60.265494
2022-01-21,59.76,59.76,56.855,57.18,5935963,59910,57.779239
2022-01-24,56.05,58.98,55.17,58.9,6928973,74616,57.237313
2022-01-25,58.2,59.595,57.04,59.02,5902383,65058,58.708069
2022-01-26,59.65,60.3499,58.17,58.92,5445031,62025,59.105061
2022-01-27,59.63,60.68,57.59,58.37,4927252,67714,58.76175
2022-01-28,57.86,58.51,57.0,58.48,4107565,46615,57.841581
2022-01-31,58.07,59.33,57.55,59.26,6881291,60269,59.013282
2022-02-01,59.58,60.906,59.05,60.69,4748426,52901,60.270336
2022-02-02,60.56,61.12,60.19,61.05,4334835,41193,60.802829
2022-02-03,61.35,61.675,60.63,60.77,2941087,33292,60.991576
2022-02-04,60.87,62.66,60.61,61.81,4356210,46301,61.715523
2022-02-07,61.96,62.54,61.63,62.25,2877390,34344,62.154263
2022-02-08,63.11,63.97,62.69,63.62,4912800,45097,63.51835
2022-02-09,63.92,63.92,63.11,63.66,3224695,39370,63.518341
2022-02-10,63.27,64.63,62.825,63.47,5776288,52296,63.819728
2022-02-11,63.15,64.295,61.91,62.33,6038947,52541,63.022745
2022-02-14,62.35,62.53,60.769,61.47,4955674,41696,61.592171
2022-02-15,62.13,62.56,61.81,62.23,4348233,44367,62.280918
2022-02-16,61.81,62.89,61.59,62.5,3511912,45345,62.544049
2022-02-17,61.48,61.69,57.3,57.35,9633587,92916,58.680113
2022-02-18,57.09,57.46,56.01,56.38,7305981,85830,56.489442
2022-02-22,56.0,56.625,55.2,55.64,5863878,68963,55.820448
2022-02-23,56.0,56.25,53.09,53.35,6331136,77889,54.147459
2022-02-24,51.5,52.695,50.61,52.5,8487870,96417,51.610067
2022-02-25,52.97,54.48,52.81,54.37,6023115,61548,54.053927
2022-02-28,52.59,53.5,52.35,53.15,9244204,80150,53.012544
2022-03-01,52.62,52.76,49.805,50.58,7884214,86412,50.692627
2022-03-02,51.16,52.72,51.16,52.14,4339741,50149,52.173372
2022-03-03,52.25,52.86,51.57,52.36,4494111,53887,52.185301
2022-03-04,50.92,51.23,50.205,50.92,5882106,64055,50.661768
2022-03-07,50.39,50.835,49.82,50.01,7714301,89520,50.217706
2022-03-08,50.69,51.83,49.89,50.73,7543644,88174,50.82022
2022-03-09,52.8,53.36,52.02,52.18,6542222,66954,52.487894
2022-03-10,50.97,51.175,48.84,50.0,9042007,94327,49.797724
2022-03-11,50.98,51.12,49.795,50.0,5441780,65674,50.32347
2022-03-14,50.78,51.31,50.2433,50.53,5866327,71974,50.72691
2022-03-15,50.84,50.99,49.95,50.55,5499579,60983,50.51555
2022-03-16,51.57,52.71,50.91,51.91,6765803,70662,51.775506
2022-03-17,51.06,52.54,50.37,52.51,6866864,68410,51.731808
2022-03-18,52.52,52.58,51.12,52.3,19285246,81468,52.1373
2022-03-21,52.64,52.91,51.79,52.18,6627408,56843,52.179948
2022-03-22,52.87,53.46,52.305,52.69,5203023,50653,52.672828
2022-03-23,52.4,52.675,51.68,51.73,3566904,39680,52.050048
2022-03-24,52.04,52.2,51.45,52.04,3793630,37196,51.970065
2022-03-25,52.09,53.01,52.03,52.74,4271616,49712,52.674592
2022-03-28,52.79,52.8,51.895,52.51,4196004,46246,52.252566
2022-03-29,53.38,53.63,52.3,52.74,3567884,45940,52.714642
2022-03-30,52.0,52.43,51.56,51.84,4156469,48901,51.871329
2022-03-31,51.51,51.77,49.61,49.63,5780676,60129,50.271613
2022-04-01,50.29,50.48,49.1,49.45,4238845,53799,49.56714
2022-04-04,49.5,50.77,48.57,49.51,5496085,58695,49.42261
2022-04-05,49.26,49.62,48.74,48.96,4298926,46837,49.148604
2022-04-06,48.61,48.73,47.955,48.2,5089477,57987,48.193909
2022-04-07,48.11,48.4104,46.9511,47.76,4486529,55792,47.591389
2022-04-08,47.96,48.615,47.77,48.34,3148920,39574,48.327645
2022-04-11,48.0,48.92,47.79,48.07,3715471,44895,48.268484
2022-04-12,47.81,48.63,47.415,47.65,4164976,46523,48.031987
2022-04-13,47.28,48.39,46.88,48.34,5995184,62340,47.978999
2022-04-14,48.44,48.97,47.26,47.29,7273594,79682,47.729746
2022-04-18,45.6,46.66,44.9856,46.21,6025782,57950,45.997075
2022-04-19,46.41,46.82,46.15,46.52,6361734,61843,46.520975
2022-04-20,46.97,47.53,46.79,47.02,4925614,42914,47.131164
2022-04-21,47.61,47.77,46.035,46.15,4659428,45246,46.54157
2022-04-22,45.9,46.05,44.14,44.21,4733388,41491,44.841282
2022-04-25,43.79,44.48,43.14,44.37,6509414,60491,43.797949
2022-04-26,43.99,44.52,43.25,43.26,6179453,60664,43.607548
2022-04-27,42.6,42.91,42.175,42.35,6601150,66138,42.500529
2022-04-28,43.21,43.54,42.35,43.46,5636377,50060,43.127383
2022-04-29,43.47,43.68,41.955,42.06,4436006,43512,42.520273
2022-05-02,42.37,42.94,41.765,42.7,8043563,74898,42.404953
2022-05-03,42.94,43.69,42.53,43.11,7109593,56556,43.148242
2022-05-04,43.23,44.845,42.96,44.8,5896236,64787,43.933005
2022-05-05,44.19,44.33,43.25,44.1,5683653,59727,43.875547
