Date,Open,High,Low,Close,volume,trade_count,vwap
2020-12-31,35.6,36.005,35.37,35.95,6214812,38188,35.743255
2021-01-04,36.08,36.1,35.03,35.27,14068966,67171,35.374839
2021-01-05,35.39,36.47,35.13,36.24,14812571,66243,35.927496
2021-01-06,35.97,36.93,35.87,36.76,13236509,69041,36.606151
2021-01-07,36.76,36.81,36.345,36.56,7267658,45784,36.550349
2021-01-08,36.58,37.04,36.52,36.75,7288865,45678,36.735349
2021-01-11,36.38,36.54,36.17,36.44,7228421,45339,36.360704
2021-01-12,36.3,36.37,34.58,35.33,19636540,112672,35.193881
2021-01-13,35.25,36.18,35.2,36.06,9942223,54066,35.7758
2021-01-14,36.1,36.46,35.895,36.16,10213169,58450,36.162232
2021-01-15,36.16,36.57,35.875,36.33,15109680,59115,36.309819
2021-01-19,36.87,36.89,35.935,36.27,8081343,48335,36.284601
2021-01-20,36.28,36.815,36.07,36.66,7617814,45078,36.602782
2021-01-21,36.7,37.74,36.5,37.52,12188199,73603,37.34609
2021-01-22,37.44,37.5933,37.0,37.03,7406240,50401,37.212445
2021-01-25,36.89,37.135,36.435,36.78,6157878,41153,36.714401
2021-01-26,36.75,36.89,36.49,36.64,5869604,38643,36.633516
2021-01-27,36.25,36.38,35.66,35.82,15133831,70267,35.906339
2021-01-28,35.93,36.57,35.6,36.34,16575482,74388,36.269635
2021-01-29,36.12,36.69,35.045,35.44,18873502,122576,35.767029
2021-02-01,35.83,36.145,35.22,35.95,12285373,67008,35.731769
2021-02-02,36.25,37.065,35.97,36.64,12475850,80991,36.719633
2021-02-03,36.45,37.58,36.3,37.45,16681886,93514,37.155254
2021-02-04,37.5,39.06,37.41,38.76,16035396,96609,38.712176
2021-02-05,39.0,39.4,38.81,38.96,19216657,78128,39.025473
2021-02-08,38.92,39.68,38.92,39.57,10355480,63981,39.38557
2021-02-09,39.51,39.6,38.68,39.25,11600473,54278,39.160709
2021-02-10,39.31,39.5,38.52,38.85,8847502,54383,38.830394
2021-02-11,39.01,39.15,38.6,38.87,5546573,37624,38.860253
2021-02-12,38.75,38.82,38.18,38.39,12443868,46675,38.423807
2021-02-16,38.28,38.46,37.69,37.93,8842821,48739,37.920793
2021-02-17,37.62,37.77,37.37,37.5,6122959,38349,37.540234
2021-02-18,37.28,37.745,36.88,37.52,6390210,39053,37.468076
2021-02-19,37.6,38.065,37.19,38.03,9407964,51326,37.833057
2021-02-22,37.92,39.34,37.85,39.2,10922144,60661,38.954346
2021-02-23,39.2,39.6225,38.73,38.75,10173880,64611,39.142554
2021-02-24,38.75,39.86,38.67,39.53,9267051,45145,39.414845
2021-02-25,39.5,39.955,39.31,39.67,11652249,69086,39.643989
2021-02-26,39.51,39.69,38.73,38.78,13454713,73151,39.111529
2021-03-01,39.12,39.1762,38.47,38.9,7790741,48712,38.806235
2021-03-02,38.9,38.99,38.57,38.76,6064524,41986,38.782173
2021-03-03,38.69,39.01,38.312,38.82,6666902,45329,38.747923
2021-03-04,39.07,39.08,37.53,37.93,8514216,62449,38.170675
2021-03-05,38.36,39.7053,38.19,39.54,12809414,75950,39.06149
2021-03-08,39.53,39.985,39.13,39.52,9616426,70399,39.624197
2021-03-09,39.5,40.125,39.434,39.55,13646708,65166,39.768433
2021-03-10,39.79,39.81,39.24,39.34,7696971,50484,39.427121
2021-03-11,39.29,39.34,38.62,38.65,6470724,45001,38.860518
2021-03-12,38.62,39.04,38.51,38.85,5276344,32249,38.874372
2021-03-15,39.0,39.48,38.56,39.4,7096169,37293,39.15655
2021-03-16,39.33,39.52,38.605,38.86,6225113,40306,38.918251
2021-03-17,38.95,39.235,38.67,38.88,6665617,43722,39.000034
2021-03-18,38.85,38.97,38.16,38.19,8349881,42586,38.46895
2021-03-19,38.19,38.625,37.61,38.17,12364068,40528,38.169978
2021-03-22,38.17,38.625,37.95,38.23,5845535,37106,38.317526
2021-03-23,38.22,38.22,37.15,37.24,6119593,41329,37.52902
2021-03-24,37.23,38.01,37.2,37.58,7334753,46812,37.618909
2021-03-25,37.68,37.98,37.13,37.92,5708623,34040,37.59728
2021-03-26,37.95,38.25,37.53,38.22,7624441,47390,37.913558
2021-03-29,38.04,38.82,38.0,38.59,6090996,44503,38.498696
2021-03-30,38.4,39.06,38.26,38.96,5900648,38313,38.876266
2021-03-31,39.0,39.1,38.535,38.65,5811171,35091,38.758348
2021-04-01,38.61,38.785,38.0,38.58,5595268,36571,38.526489
2021-04-05,38.87,39.13,38.73,39.04,4938613,36089,39.005826
2021-04-06,39.2,39.25,38.845,38.95,7664861,49446,39.030722
2021-04-07,38.96,39.22,38.74,38.85,4825130,29499,38.880313
2021-04-08,38.93,39.12,38.645,38.72,3964089,26067,38.822992
2021-04-09,38.77,39.33,38.545,39.32,5403635,38714,38.992583
2021-04-12,39.26,39.47,38.88,39.34,3599643,34019,39.279232
2021-04-13,39.22,39.48,39.1,39.41,5458185,42977,39.327876
2021-04-14,39.34,39.98,39.3332,39.67,3323856,28484,39.716928
2021-04-15,39.88,41.06,39.84,40.86,7950723,58080,40.727685
2021-04-16,41.14,41.18,40.59,40.91,6509794,41951,40.893448
2021-04-19,40.79,40.97,40.52,40.88,5885228,33342,40.81568
2021-04-20,40.82,41.73,40.71,41.13,10021571,62432,41.203479
2021-04-21,41.24,42.54,41.0,42.31,14797376,67987,42.216686
2021-04-22,42.31,42.8,42.03,42.57,11992894,61220,42.539665
2021-04-23,42.6,42.94,42.58,42.73,9919208,50730,42.756421
2021-04-26,42.81,42.905,42.23,42.27,11155807,55630,42.542544
2021-04-27,41.99,42.76,41.59,42.41,8347510,52941,42.3693
2021-04-28,43.98,44.63,43.75,44.24,16055532,86848,44.265527
2021-04-29,44.04,44.27,43.63,44.1,8550730,54331,43.992652
2021-04-30,43.84,43.96,43.36,43.6,12592826,71120,43.597634
2021-05-03,43.79,43.79,43.44,43.63,7582826,43535,43.583744
2021-05-04,43.5,43.5,43.09,43.33,8964395,46615,43.250588
2021-05-05,43.47,43.67,43.05,43.09,6790718,36323,43.230042
2021-05-06,43.03,43.105,42.62,43.04,8186411,49455,42.883732
2021-05-07,43.1,43.83,42.99,43.13,6079449,41449,43.291218
2021-05-10,43.16,43.61,43.08,43.22,5590692,41255,43.346207
2021-05-11,43.15,43.38,42.37,42.53,10819031,54590,42.867708
2021-05-12,42.34,42.34,41.23,41.35,9770224,64702,41.545242
2021-05-13,41.51,41.88,41.325,41.61,4867636,42703,41.675
2021-05-14,41.84,42.04,41.54,41.55,3972685,31284,41.726842
2021-05-17,41.5,41.82,41.23,41.72,5552367,43478,41.587241
2021-05-18,41.73,42.19,41.66,41.77,5212333,37781,41.897123
2021-05-19,41.26,41.495,41.04,41.43,5900616,42312,41.32348
2021-05-20,41.36,42.28,41.23,41.92,4427546,31523,41.920631
2021-05-21,42.14,42.64,42.07,42.11,5203813,34797,42.341565
2021-05-24,42.37,42.98,42.2,42.8,7794420,53419,42.766033
2021-05-25,43.01,43.34,42.68,43.03,5891519,47771,43.036501
2021-05-26,41.52,42.35,41.05,41.83,10531840,74941,41.766155
2021-05-27,42.05,42.23,41.78,41.96,8004476,40728,41.998589
2021-05-28,42.36,42.86,42.08,42.55,5720660,40112,42.616753
2021-06-01,42.82,43.2,42.5,42.93,8166472,52784,42.913107
2021-06-02,43.0,43.06,41.55,41.61,11253654,55838,41.902166
2021-06-03,41.36,41.54,40.87,41.35,5658302,40990,41.268316
2021-06-04,41.78,42.12,41.4,42.03,5465346,35894,41.903008
2021-06-07,42.21,42.695,42.005,42.14,7467356,42886,42.243383
2021-06-08,42.37,42.39,41.43,42.02,4839799,35854,41.879458
2021-06-09,42.15,42.4,42.015,42.33,3863518,29191,42.251146
2021-06-10,42.49,42.91,42.39,42.84,3975487,28463,42.725381
2021-06-11,42.76,42.93,42.38,42.91,5340025,31881,42.689232
2021-06-14,42.94,42.94,42.37,42.54,5030051,34799,42.520591
2021-06-15,42.7,42.93,42.39,42.75,6392205,37084,42.616576
2021-06-16,42.81,43.03,42.53,42.78,4891121,31182,42.795392
2021-06-17,42.72,43.5,42.7,43.35,6513579,40280,43.301775
2021-06-18,43.11,43.36,42.81,43.02,8787083,42533,43.08275
2021-06-21,43.3,43.82,43.17,43.6,6660826,41896,43.624723
2021-06-22,43.53,43.92,43.285,43.83,5592677,38865,43.682142
2021-06-23,43.79,43.97,43.62,43.79,3739530,24114,43.802208
2021-06-24,44.03,44.2,43.71,43.71,6313328,35472,43.864736
2021-06-25,43.87,44.265,43.84,44.1,6869544,33909,44.062821
2021-06-28,44.16,44.22,43.04,43.33,6752798,46961,43.410023
2021-06-29,43.37,43.5,42.98,43.23,5364367,41205,43.209659
2021-06-30,43.3,43.3,42.44,42.76,8897829,53914,42.698961
2021-07-01,42.78,43.51,42.685,43.36,5723765,38513,43.277875
2021-07-02,43.4,44.0,43.21,43.92,4992158,27888,43.719386
2021-07-06,43.79,43.8,43.25,43.62,6633920,39850,43.514795
2021-07-07,43.72,43.99,43.535,43.93,5349412,30435,43.857243
2021-07-08,43.46,43.54,42.79,43.34,6002647,40895,43.20693
2021-07-09,43.55,43.83,43.39,43.59,4108384,32188,43.632678
2021-07-12,43.62,43.62,43.36,43.49,3767416,23497,43.484039
2021-07-13,43.39,43.52,43.0,43.06,4107496,24532,43.158372
2021-07-14,43.13,43.335,42.65,42.74,4143514,30276,42.87122
2021-07-15,42.42,42.55,41.86,42.16,6058562,40976,42.123881
2021-07-16,42.31,42.43,41.9838,42.1,5519519,37810,42.159113
2021-07-19,41.66,41.83,40.93,41.23,6185264,45645,41.320038
2021-07-20,41.32,43.0,41.31,42.79,7952422,55669,42.646741
2021-07-21,43.25,43.825,43.02,43.58,7543414,48831,43.519819
2021-07-22,43.63,43.92,43.18,43.55,4784476,37360,43.49813
2021-07-23,43.93,44.27,43.69,44.12,5187389,30220,44.112385
2021-07-26,43.87,44.08,43.68,43.97,5891173,41838,43.936828
2021-07-27,44.75,46.03,43.78,45.51,14086894,83431,45.370827
2021-07-28,45.41,45.8,44.83,45.43,8146816,55401,45.451851
2021-07-29,45.52,45.57,44.92,45.32,5197830,39289,45.293917
2021-07-30,45.19,45.93,45.0112,45.6,9089808,54151,45.625647
2021-08-02,45.77,46.285,45.34,45.88,10013257,61425,45.875555
2021-08-03,45.9,45.925,45.16,45.54,7698816,42095,45.549116
2021-08-04,45.38,45.6,44.24,44.26,8086381,55556,44.692416
2021-08-05,44.33,44.66,44.06,44.65,6465638,39649,44.328038
2021-08-06,44.71,44.735,44.285,44.7,5604901,40979,44.531863
2021-08-09,44.7,44.8699,43.675,43.81,5913269,42139,43.993268
2021-08-10,43.84,43.98,42.125,42.65,14854305,77030,42.615902
2021-08-11,42.81,43.95,42.71,43.63,7568893,51606,43.557312
2021-08-12,43.66,44.26,43.48,44.07,5004631,41082,44.03357
2021-08-13,44.0,44.37,43.85,44.33,3135245,25601,44.212335
2021-08-16,44.3,44.705,44.09,44.66,5251926,38961,44.381622
2021-08-17,44.63,45.38,44.37,45.15,8517024,45787,45.157933
2021-08-18,45.08,45.1,44.06,44.09,10507277,53255,44.365389
2021-08-19,43.99,44.57,43.8,44.27,4587526,34075,44.266708
2021-08-20,44.2,44.51,43.94,44.44,5193501,36183,44.370177
2021-08-23,44.5,44.6,43.815,43.99,10117370,60819,44.071442
2021-08-24,44.16,45.68,44.01,44.85,7916181,52589,44.970559
2021-08-25,44.86,45.3055,44.455,44.81,4267188,28688,44.773676
2021-08-26,44.71,44.89,44.52,44.66,4004111,31967,44.698717
2021-08-27,44.85,45.04,44.59,44.8,4001052,25689,44.820286
2021-08-30,44.88,45.09,44.625,44.83,3655832,30277,44.822884
2021-08-31,44.89,45.265,44.675,45.15,6757227,41798,45.088952
2021-09-01,45.33,45.6977,44.91,45.58,5393250,40180,45.519142
2021-09-02,45.8,45.87,44.95,45.06,7281058,44802,45.237438
2021-09-03,45.0,45.12,44.46,44.92,8241868,49452,44.799337
2021-09-07,44.66,45.155,44.27,45.1,3606887,30807,44.825788
2021-09-08,45.03,45.8,44.86,45.51,5437440,35731,45.491002
2021-09-09,45.5,45.95,45.27,45.41,4942032,36006,45.594449
2021-09-10,45.56,45.56,44.25,44.46,5095133,34481,44.707961
2021-09-13,44.72,44.88,43.82,44.21,5805636,41165,44.190197
2021-09-14,44.54,45.0086,44.095,44.85,4629296,33410,44.721922
2021-09-15,44.88,45.365,44.62,45.01,5253745,35614,45.116071
2021-09-16,45.01,45.12,44.64,44.9,5308298,33323,44.860843
2021-09-17,44.53,44.71,43.92,44.37,8414982,40456,44.342661
2021-09-20,43.8,44.08,43.24,43.64,7535118,48550,43.672194
2021-09-21,44.02,44.355,43.34,43.36,6330009,43131,43.680781
2021-09-22,43.43,44.94,43.23,44.31,8907756,60341,44.299618
2021-09-23,44.51,45.4,44.32,45.0,8171754,47816,45.078391
2021-09-24,44.9,45.1,44.385,44.7,4319117,35801,44.686372
2021-09-27,44.51,44.81,44.23,44.46,4831436,33317,44.488988
2021-09-28,44.22,44.32,43.47,43.67,4835466,39587,43.711933
2021-09-29,43.84,44.2,43.72,43.89,5039936,39928,43.934071
2021-09-30,43.91,44.275,43.38,43.39,6597524,49059,43.780661
2021-10-01,43.49,44.03,43.2,43.8,4757572,36297,43.674144
2021-10-04,43.53,43.78,42.01,42.41,8808902,55371,42.502296
2021-10-05,42.52,43.23,42.43,42.44,5359114,36817,42.766018
2021-10-06,42.18,42.91,41.86,42.86,5163649,43552,42.441642
2021-10-07,43.2,44.245,43.2,43.62,6740807,48786,43.810607
2021-10-08,43.63,44.02,43.1,43.16,4128319,35142,43.469765
2021-10-11,42.98,43.235,42.095,42.14,3719368,32149,42.539272
2021-10-12,42.29,42.485,41.95,42.09,4066505,33407,42.193808
2021-10-13,42.15,42.33,41.75,41.79,5560065,39031,41.921369
2021-10-14,42.06,43.37,42.06,43.25,6745792,47744,43.10684
2021-10-15,43.58,43.68,43.0525,43.4,5450585,38803,43.443888
2021-10-18,43.01,43.05,42.26,42.8,4064252,27976,42.806704
2021-10-19,43.23,44.47,43.11,44.13,6048702,47822,44.045672
2021-10-20,44.46,45.0,44.225,44.47,7774101,51928,44.496859
2021-10-21,44.3,44.93,44.05,44.87,5864936,43613,44.692113
2021-10-22,44.8,45.115,44.59,44.84,3606627,29629,44.898974
2021-10-25,44.99,45.02,44.44,44.49,5179401,33932,44.634823
2021-10-26,44.58,44.76,44.28,44.32,5246146,37225,44.415129
2021-10-27,45.43,45.43,43.58,43.73,6919308,51633,43.968587
2021-10-28,43.53,43.84,43.07,43.24,5646408,43901,43.382557
2021-10-29,43.08,43.28,42.58,43.13,7081257,50364,42.937485
2021-11-01,43.3,43.42,42.76,42.8,8192825,50119,42.961464
2021-11-02,43.06,43.5,42.56,43.21,12961750,54276,43.037009
2021-11-03,43.11,43.31,42.32,42.91,10394364,49667,42.742161
2021-11-04,42.98,43.19,42.08,42.5,7236608,48014,42.535229
2021-11-05,42.55,44.57,42.5,43.16,14636257,85353,43.615123
2021-11-08,43.3,43.53,42.72,43.35,7057425,37882,43.328337
2021-11-09,43.37,43.39,42.555,42.79,4914044,34575,42.868846
2021-11-10,42.62,43.022,42.34,42.45,4804694,29865,42.601718
2021-11-11,42.46,42.62,41.67,41.96,9437758,45168,41.976236
2021-11-12,42.12,42.27,41.62,42.07,9919957,49881,42.007992
2021-11-15,42.18,42.27,41.16,41.34,9645530,59682,41.463484
2021-11-16,41.31,41.643,40.88,41.42,9549492,64541,41.435572
2021-11-17,41.66,42.02,41.385,41.61,6716141,43217,41.722894
2021-11-18,41.65,41.65,40.82,41.21,7218782,45325,41.244975
2021-11-19,41.15,41.165,40.5,41.03,7946583,46094,40.953939
2021-11-22,41.12,41.21,40.445,40.7,6637020,45448,40.759293
2021-11-23,40.55,41.08,39.78,40.23,11566042,58941,40.204341
2021-11-24,40.22,40.775,40.13,40.7,7779312,41761,40.595999
2021-11-26,40.0,40.165,38.44,38.57,9243555,47590,38.835871
2021-11-29,38.97,39.2,38.44,38.59,9528128,55317,38.694737
2021-11-30,38.42,39.07,37.96,38.07,14692561,78583,38.304074
2021-12-01,38.71,39.415,38.11,38.14,10316646,67304,38.761779
2021-12-02,38.27,39.675,38.18,39.6,11051262,62515,39.35845
2021-12-03,39.87,40.09,38.975,39.46,8678078,60750,39.407532
2021-12-06,39.88,41.28,39.76,40.7,8943999,57890,40.835977
2021-12-07,41.24,42.06,41.05,41.4,10123603,50061,41.543739
2021-12-08,41.42,41.87,41.32,41.66,4616399,30315,41.640991
2021-12-09,41.38,41.865,40.95,41.28,5827194,32308,41.478625
2021-12-10,41.38,41.53,40.9,41.17,4588638,33309,41.188915
2021-12-13,41.05,41.74,41.0,41.43,5891248,36951,41.434321
2021-12-14,41.17,41.49,40.7,40.85,6557910,41978,40.995
2021-12-15,40.83,41.09,39.775,40.24,14217239,73322,40.327023
2021-12-16,40.28,41.165,40.225,40.43,13242711,74344,40.581236
2021-12-17,40.38,41.48,40.125,40.86,11216455,44683,40.820104
2021-12-20,40.31,40.31,39.27,39.5,11546104,61251,39.551079
2021-12-21,39.97,41.15,39.83,41.11,9385386,61444,40.749298
2021-12-22,41.06,42.2,41.0,42.16,7830942,45465,41.79635
2021-12-23,42.53,43.04,42.24,42.72,6405370,42943,42.78729
2021-12-27,42.71,43.18,42.52,43.12,4100791,31917,42.95746
2021-12-28,43.11,43.59,43.02,43.24,5509945,37953,43.290223
2021-12-29,43.31,43.415,43.02,43.17,3419384,26625,43.19124
2021-12-30,43.17,43.42,42.945,42.99,3530129,27322,43.162182
2021-12-31,42.81,43.065,42.465,42.48,4172529,29654,42.690582
2022-01-03,42.59,43.15,42.1,43.12,5087760,38430,42.903492
2022-01-04,43.32,44.63,43.21,43.64,9132457,63415,43.771168
2022-01-05,43.5,44.14,43.04,43.05,6562117,46843,43.462778
2022-01-06,43.1,43.36,42.54,42.59,5485078,41394,42.814558
2022-01-07,42.41,42.76,42.07,42.11,5331019,38258,42.27266
2022-01-10,41.9,42.43,41.44,42.41,6412373,44211,42.036087
2022-01-11,42.65,43.645,42.385,43.4,6208579,45403,43.168959
2022-01-12,43.58,44.65,43.42,44.41,14244507,89594,44.378008
2022-01-13,44.24,45.315,44.07,44.57,11860195,74286,44.635974
2022-01-14,44.17,44.95,43.84,44.86,8659509,62882,44.430634
2022-01-18,44.29,44.5,43.93,44.22,10692976,63677,44.206068
2022-01-19,44.17,44.72,44.0,44.05,8702792,57324,44.25193
2022-01-20,44.08,45.04,43.375,43.45,9523367,61262,44.277198
2022-01-21,43.47,43.545,42.685,42.97,11199650,80080,43.04319
2022-01-24,42.18,42.75,41.08,42.66,8717569,71727,41.92772
2022-01-25,41.91,42.75,41.29,42.51,10814877,77439,42.249295
2022-01-26,42.81,43.68,42.47,43.04,16333692,109616,43.161292
2022-01-27,43.33,43.95,42.86,43.23,12118296,85775,43.346931
2022-01-28,43.22,43.44,41.745,42.74,12222395,80669,42.375207
2022-01-31,42.65,43.135,42.29,42.9,13605920,84848,42.8313
2022-02-01,42.88,43.565,42.62,43.5,10410018,72504,43.205922
2022-02-02,41.7,42.49,40.91,41.44,26571204,123490,41.518815
2022-02-03,41.3,42.865,41.27,42.61,16108658,78357,42.320886
2022-02-04,42.32,43.19,42.29,42.77,8890252,56137,42.840176
2022-02-07,42.64,43.51,42.54,42.91,7228215,50777,43.094322
2022-02-08,43.2,44.26,42.98,44.16,8002460,54626,43.877733
2022-02-09,44.44,45.0,44.265,44.75,9505396,53989,44.731341
2022-02-10,44.26,44.54,43.56,43.75,8388811,54187,44.010562
2022-02-11,43.84,44.0,42.9,43.11,6251330,40897,43.350308
2022-02-14,43.0,43.23,42.44,42.73,7495640,43595,42.779723
2022-02-15,43.38,44.01,43.28,44.01,7777322,45155,43.784911
2022-02-16,43.81,44.26,43.235,44.19,6351389,35367,43.937565
2022-02-17,43.8,44.04,42.595,42.83,7495128,51575,43.137833
2022-02-18,42.88,43.1,42.19,42.55,6595093,44191,42.563476
2022-02-22,42.55,43.365,42.455,42.98,7480425,47492,42.94951
2022-02-23,43.28,44.375,43.14,43.71,12213966,66865,43.648367
2022-02-24,42.98,44.025,42.285,43.95,8259041,66065,43.372868
2022-02-25,44.0,45.17,43.77,45.1,10065363,63862,44.743281
2022-02-28,44.49,44.69,43.66,44.17,9962495,72360,44.175821
2022-03-01,43.94,44.33,42.98,43.36,9196033,67000,43.457251
2022-03-02,43.96,44.44,43.64,43.9,11213377,82882,44.116435
2022-03-03,44.17,44.31,43.54,43.96,6580159,59546,43.931868
2022-03-04,43.29,44.07,43.075,43.96,6693523,46139,43.749779
2022-03-07,43.72,43.8,42.49,42.55,7917675,58545,42.761675
2022-03-08,42.46,42.53,40.8,40.9,10619632,85319,41.193201
2022-03-09,41.76,42.295,41.295,42.07,9997017,73484,41.896633
2022-03-10,41.45,41.86,41.27,41.74,8908655,48305,41.584487
2022-03-11,42.0,42.56,41.66,41.7,5836204,49343,42.044528
2022-03-14,42.19,42.39,41.64,41.9,7861406,56049,41.992455
2022-03-15,42.5,42.85,42.12,42.66,6617452,46804,42.521428
2022-03-16,43.12,44.01,43.0,43.84,7308018,63076,43.65041
2022-03-17,43.62,44.24,43.62,44.21,7911255,46511,44.09547
2022-03-18,44.19,44.33,43.63,44.22,10431305,57638,44.108598
2022-03-21,43.87,44.47,43.8,44.32,5121308,43187,44.227879
2022-03-22,44.33,44.59,43.675,43.74,6439783,48399,43.92826
2022-03-23,43.54,43.56,41.99,42.3,11592694,75613,42.318306
2022-03-24,42.36,42.995,42.11,42.87,5529640,42737,42.748578
2022-03-25,43.05,43.52,42.905,43.5,6018256,37949,43.335477
2022-03-28,43.68,44.3,43.5,44.27,4498434,37654,43.968452
2022-03-29,44.79,45.08,44.43,44.85,6133649,48612,44.728265
2022-03-30,44.65,45.075,44.42,44.7,6862600,42944,44.700463
2022-03-31,44.62,45.135,44.27,44.29,10117451,60492,44.661724
2022-04-01,44.55,45.03,44.21,44.99,5158077,45953,44.758054
2022-04-04,44.83,45.08,43.73,44.16,10626499,49994,44.235591
2022-04-05,44.05,44.64,44.02,44.35,11402018,54764,44.312386
2022-04-06,43.97,44.66,43.555,44.58,7226283,57368,44.203063
2022-04-07,44.44,45.17,44.32,44.96,5727840,45586,44.924899
2022-04-08,44.95,45.24,44.66,44.84,9597616,57527,44.895427
2022-04-11,44.77,44.91,44.15,44.22,6479580,40617,44.335639
2022-04-12,44.22,44.535,43.615,43.76,4134014,35424,43.988919
2022-04-13,43.86,44.535,43.6501,44.43,4124844,36927,44.195207
2022-04-14,44.51,44.71,44.03,44.25,5155776,40972,44.289807
2022-04-18,44.13,44.565,43.55,43.74,4059182,35305,43.810515
2022-04-19,43.92,45.95,43.83,45.72,9178397,79722,45.586985
2022-04-20,45.93,47.495,45.62,47.1,14179478,89856,47.019133
2022-04-21,47.22,47.38,46.26,46.31,8033635,65117,46.69721
2022-04-22,45.8,45.97,43.725,43.9,11438765,82855,44.170294
2022-04-25,43.76,44.775,43.59,44.59,10266680,79784,44.196011
2022-04-26,43.85,44.17,42.54,42.6,14171614,95748,43.027452
2022-04-27,43.23,44.85,42.86,43.06,14660789,93413,43.432903
2022-04-28,43.44,43.61,42.0,42.73,8501980,70588,42.684897
2022-04-29,42.52,42.98,41.95,42.11,15058909,71280,42.385998
2022-05-02,42.36,42.65,40.78,41.63,9825495,79075,41.503776
2022-05-03,41.85,42.27,41.5,41.77,7376244,58922,41.906155
2022-05-04,41.78,42.9,41.4,42.75,6031320,55542,42.248631
2022-05-05,42.47,42.93,41.575,42.03,9507151,74714,42.071375
