Date,Open,High,Low,Close,volume,trade_count,vwap
2020-12-31,36.2,36.29,35.72,36.26,2317041,17521,36.100844
2021-01-04,36.4,36.48,35.7601,35.99,4339753,41453,36.084598
2021-01-05,35.28,35.77,35.25,35.56,4993730,37797,35.536363
2021-01-06,35.52,36.095,35.48,35.73,4167183,37123,35.749446
2021-01-07,35.69,35.7,33.76,33.78,8903851,60932,34.342724
2021-01-08,33.89,34.13,33.4,34.07,6455371,45301,33.789374
2021-01-11,34.14,34.27,33.0399,33.1,6966409,51496,33.40962
2021-01-12,33.1,33.33,32.55,32.91,6292048,52864,32.871233
2021-01-13,32.86,33.645,32.81,33.38,5380972,40290,33.417849
2021-01-14,33.55,34.11,33.28,34.05,4063019,31096,33.81106
2021-01-15,33.93,34.255,33.79,33.86,4462785,34179,33.959248
2021-01-19,33.93,34.0195,33.59,33.63,4251430,31782,33.793393
2021-01-20,33.65,33.86,33.06,33.76,3904244,33058,33.538405
2021-01-21,33.81,34.12,33.445,34.06,4216423,28904,33.929855
2021-01-22,34.13,34.67,34.04,34.38,4256579,30989,34.434811
2021-01-25,34.38,35.64,34.26,34.96,3925927,33775,35.03337
2021-01-26,34.92,35.555,34.865,35.49,3965800,32327,35.225891
2021-01-27,35.23,36.6,35.18,35.77,5167785,48978,35.997451
2021-01-28,34.97,35.66,34.345,34.7,5154579,45707,34.908416
2021-01-29,34.73,35.31,34.55,34.6,4118296,33862,34.749336
2021-02-01,34.65,34.94,34.02,34.2,5130970,40458,34.3788
2021-02-02,34.33,34.995,34.12,34.67,3909072,35277,34.606871
2021-02-03,34.56,34.89,34.09,34.62,3196940,28014,34.558831
2021-02-04,34.5,34.98,34.39,34.59,2905659,25894,34.681204
2021-02-05,34.62,35.035,34.41,34.62,3102554,26410,34.721287
2021-02-08,34.85,34.85,34.34,34.8,3250972,26137,34.647215
2021-02-09,34.89,35.08,34.56,34.78,2192086,21712,34.764036
2021-02-10,35.05,35.445,34.99,35.32,2668321,25243,35.227869
2021-02-11,35.18,35.4,34.32,34.43,2925382,25792,34.627724
2021-02-12,34.35,34.6,34.1,34.55,3216686,25697,34.394003
2021-02-16,34.41,34.44,33.62,33.9,3685326,30006,33.926701
2021-02-17,33.77,34.13,33.605,33.97,3763743,27561,33.959603
2021-02-18,33.95,34.93,33.74,34.7,3233576,31088,34.604961
2021-02-19,34.78,34.92,34.1,34.1,4819410,25231,34.254886
2021-02-22,34.13,34.64,33.98,34.48,3378659,26191,34.371829
2021-02-23,34.83,35.16,34.32,34.97,3623829,32202,34.764248
2021-02-24,35.0,35.41,34.9,35.24,4809449,36540,35.217978
2021-02-25,35.22,35.58,34.455,34.57,4155755,33655,34.932812
2021-02-26,34.61,34.69,33.91,33.93,4591294,29534,34.140986
2021-03-01,34.05,34.6,33.99,34.15,2873171,24345,34.288999
2021-03-02,34.17,34.54,33.99,34.31,2760537,24397,34.261303
2021-03-03,34.26,34.845,33.89,34.79,3997368,29499,34.637459
2021-03-04,34.9,35.57,34.505,34.67,3853342,32898,34.916646
2021-03-05,34.88,35.78,34.74,35.5,6531578,55997,35.440568
2021-03-08,35.55,36.92,35.46,36.53,5818273,50130,36.430171
2021-03-09,36.46,36.86,36.02,36.04,4259145,37489,36.381875
2021-03-10,36.18,36.89,35.62,36.81,3682452,35364,36.446709
2021-03-11,36.51,36.91,36.41,36.5,2519100,24544,36.630045
2021-03-12,36.7,37.19,36.61,37.08,2383773,20606,37.044114
2021-03-15,37.17,37.415,36.905,37.33,2525918,22683,37.19853
2021-03-16,37.3,37.515,37.04,37.32,3064693,26600,37.300435
2021-03-17,37.47,37.47,36.99,37.05,2477055,22447,37.108111
2021-03-18,37.0,37.33,36.955,37.12,2274946,22399,37.13721
2021-03-19,37.21,37.99,37.1201,37.85,7734453,44460,37.742086
2021-03-22,37.55,38.27,37.41,38.27,4057809,38456,37.975239
2021-03-23,38.44,38.48,37.895,38.0,3563103,28111,38.158044
2021-03-24,37.38,37.54,36.72,36.9,3056631,30357,37.034539
2021-03-25,37.13,38.02,36.9,37.88,3842857,33160,37.700902
2021-03-26,37.84,38.57,37.73,38.5,2689263,26100,38.164645
2021-03-29,38.54,38.915,38.45,38.69,2381739,22386,38.696812
2021-03-30,38.73,38.98,38.29,38.32,2873001,28590,38.52722
2021-03-31,38.23,38.23,37.53,37.6,4084861,33523,37.744097
2021-04-01,37.58,37.67,36.84,37.29,4434751,41616,37.277971
2021-04-05,37.51,37.87,37.28,37.49,3704704,32116,37.520982
2021-04-06,37.47,37.895,37.38,37.62,3101180,31563,37.637026
2021-04-07,37.82,37.89,37.05,37.24,4251511,38832,37.289163
2021-04-08,36.36,37.35,35.88,37.3,4519813,35325,37.018187
2021-04-09,37.22,37.29,35.841,36.19,5023395,41512,36.211972
2021-04-12,36.37,37.57,36.28,37.53,5383535,42847,37.254376
2021-04-13,37.53,37.64,37.18,37.22,3251258,24914,37.329583
2021-04-14,37.21,37.42,36.93,37.25,3006938,26273,37.236985
2021-04-15,37.28,37.62,37.28,37.58,1880621,18730,37.519448
2021-04-16,37.65,37.74,37.145,37.55,2782092,20150,37.499102
2021-04-19,37.72,37.92,37.41,37.85,3086344,23425,37.783903
2021-04-20,37.73,38.35,37.505,38.27,3551909,29557,38.108433
2021-04-21,38.39,38.65,38.18,38.55,3130521,28887,38.46166
2021-04-22,38.59,38.69,38.045,38.17,2074361,20811,38.203525
2021-04-23,38.01,38.07,37.34,37.61,2685201,23639,37.602605
2021-04-26,37.65,37.65,37.17,37.2,2440021,22043,37.313006
2021-04-27,37.2,37.35,37.0,37.06,3143530,26199,37.112843
2021-04-28,37.17,37.35,36.87,36.99,2572607,24876,36.999565
2021-04-29,36.68,37.16,36.68,36.96,3228118,32333,36.989408
2021-04-30,37.12,37.19,36.78,37.09,2872219,19531,37.056629
2021-05-03,37.19,37.695,37.11,37.5,2886976,22745,37.484816
2021-05-04,37.0,37.61,37.0,37.59,3189683,28568,37.370317
2021-05-05,37.52,37.83,37.295,37.77,3395837,25535,37.624777
2021-05-06,38.18,38.56,37.89,38.15,5041767,45517,38.17826
2021-05-07,37.97,38.01,37.49,37.95,2469488,23952,37.783262
2021-05-10,38.0,38.46,37.86,38.25,2789608,27031,38.253824
2021-05-11,38.5,38.6,37.685,37.95,3171546,29080,38.05845
2021-05-12,38.06,38.12,37.49,37.5,2661875,22562,37.759491
2021-05-13,37.34,38.37,37.17,38.13,3662238,34841,37.992608
2021-05-14,38.19,38.4532,37.53,37.56,2870541,24374,37.786538
2021-05-17,37.69,38.09,37.435,37.72,2510256,25431,37.791427
2021-05-18,37.66,37.89,37.54,37.62,2457461,23839,37.692243
2021-05-19,37.65,37.65,37.11,37.63,2632113,24103,37.468594
2021-05-20,37.66,38.38,37.66,38.03,3007199,25655,38.076746
2021-05-21,38.09,38.47,38.04,38.17,2879751,18241,38.178786
2021-05-24,38.17,38.59,38.07,38.23,1777859,20119,38.332933
2021-05-25,38.21,38.3465,37.82,38.11,2159568,19337,38.063319
2021-05-26,38.14,38.16,37.78,37.91,1797197,17861,37.926166
2021-05-27,37.99,38.18,37.84,37.92,4048219,19860,37.951561
2021-05-28,37.97,38.37,37.88,38.1,2387537,20246,38.127061
2021-06-01,38.16,38.435,37.9,38.18,2230585,19848,38.11451
2021-06-02,38.32,38.87,38.01,38.87,3033589,24935,38.65595
2021-06-03,38.84,39.09,38.55,38.81,2465754,22817,38.769108
2021-06-04,38.87,39.01,38.71,38.92,1841517,16640,38.877435
2021-06-07,39.0,39.03,38.505,38.79,1646275,16430,38.723118
2021-06-08,38.76,38.9,38.34,38.47,2600164,23679,38.548362
2021-06-09,37.85,38.2,37.04,37.31,7351449,53829,37.503128
2021-06-10,37.31,37.53,36.82,37.17,3748533,33593,37.219581
2021-06-11,37.17,37.51,36.97,37.33,3165346,22734,37.268293
2021-06-14,37.25,37.5,37.08,37.47,2707749,23090,37.356465
2021-06-15,37.61,37.61,37.23,37.25,3045823,20015,37.31113
2021-06-16,37.31,37.33,36.97,37.03,2223497,20682,37.113666
2021-06-17,36.97,37.07,36.335,36.38,3251530,31516,36.498418
2021-06-18,36.21,36.26,35.655,35.68,6424343,32937,35.826776
2021-06-21,35.8,35.96,35.595,35.84,2398976,21345,35.783445
2021-06-22,35.93,35.97,35.55,35.73,3633743,22493,35.718651
2021-06-23,35.72,35.735,35.27,35.27,2003743,15525,35.449515
2021-06-24,35.28,35.66,35.06,35.42,2120225,19659,35.41973
2021-06-25,35.4,35.705,35.36,35.65,4271652,21316,35.618784
2021-06-28,35.69,36.03,35.57,35.83,2209879,17613,35.85145
2021-06-29,35.81,36.115,35.79,35.96,3279634,26256,35.954148
2021-06-30,35.91,36.67,35.91,36.38,6060024,35371,36.372467
2021-07-01,36.3,36.4858,35.82,36.0,4568228,31538,36.004082
2021-07-02,36.1,36.125,35.8,35.86,2279829,17654,35.879512
2021-07-06,35.85,35.945,35.625,35.89,2627151,22177,35.835926
2021-07-07,35.83,36.43,35.8,36.17,2285479,22073,36.190858
2021-07-08,36.04,36.375,35.87,36.09,2205447,19501,36.116717
2021-07-09,36.22,36.38,35.925,36.12,2526106,21025,36.107298
2021-07-12,36.0,36.005,35.68,35.93,3745729,28169,35.869871
2021-07-13,34.64,35.27,33.88,33.98,11032748,72898,34.280963
2021-07-14,33.39,34.165,33.3,33.89,6721244,50115,33.86956
2021-07-15,33.79,34.78,33.79,34.68,5277375,37978,34.449815
2021-07-16,34.91,35.085,34.7,34.86,3460084,27241,34.871456
2021-07-19,34.76,35.57,34.75,35.4,5479650,41244,35.188259
2021-07-20,35.46,35.736,35.0,35.01,3397522,29001,35.173067
2021-07-21,34.99,35.095,34.48,34.52,2947277,23001,34.682903
2021-07-22,34.33,34.48,33.95,34.13,3463331,23926,34.104581
2021-07-23,34.15,34.4,34.06,34.25,4376298,29177,34.268667
2021-07-26,34.18,34.44,34.18,34.25,3405519,23938,34.314078
2021-07-27,34.28,34.51,34.07,34.22,2759840,22427,34.274691
2021-07-28,34.08,34.3,33.68,33.76,3617258,27399,33.858301
2021-07-29,33.91,34.005,33.59,33.64,2922691,23468,33.761871
2021-07-30,33.66,34.035,33.49,33.49,6269056,28798,33.623184
2021-08-02,33.22,33.445,33.08,33.38,4290349,36182,33.31308
2021-08-03,33.34,33.565,33.085,33.12,3051969,22650,33.272123
2021-08-04,33.01,33.13,32.32,32.39,3572291,26387,32.515684
2021-08-05,32.41,32.625,32.25,32.27,3522342,24814,32.384401
2021-08-06,32.42,32.89,32.4,32.76,2983920,22281,32.719022
2021-08-09,32.84,33.18,32.76,33.15,2595271,22746,33.032094
2021-08-10,33.04,33.465,32.991,33.4,2939419,21646,33.277744
2021-08-11,33.51,34.02,33.44,33.81,5729441,33060,33.851029
2021-08-12,33.76,33.87,33.56,33.58,2141927,17314,33.671286
2021-08-13,33.73,34.08,33.63,34.05,2066971,16038,33.957127
2021-08-16,34.07,34.28,33.85,33.97,2114345,17536,34.01035
2021-08-17,33.85,34.16,33.85,34.07,4920133,23037,34.052175
2021-08-18,34.07,34.07,33.23,33.26,3184040,26056,33.48941
2021-08-19,33.31,33.82,33.29,33.54,3179576,23644,33.633933
2021-08-20,33.57,33.895,33.37,33.73,2621698,21544,33.758212
2021-08-23,33.69,33.75,33.42,33.55,2044514,17786,33.62697
2021-08-24,33.61,33.61,33.03,33.1,3120946,26685,33.15415
2021-08-25,32.9,33.035,32.66,32.86,2649747,21750,32.860365
2021-08-26,32.77,32.89,32.315,32.83,5289480,36722,32.717134
2021-08-27,32.81,33.235,32.7,33.05,2668979,22080,33.062419
2021-08-30,32.98,32.995,32.57,32.63,3017038,24185,32.780886
2021-08-31,32.6,33.165,32.37,33.12,6946185,29776,32.994264
2021-09-01,33.26,33.48,33.04,33.43,3419122,27608,33.3042
2021-09-02,33.43,33.73,33.185,33.47,3392500,22318,33.43223
2021-09-03,33.49,33.63,33.225,33.49,3317541,20448,33.495618
2021-09-07,33.38,33.42,32.87,33.18,5004419,24256,33.173234
2021-09-08,33.21,33.87,33.21,33.57,3547917,26786,33.637193
2021-09-09,33.54,33.58,33.21,33.22,3215613,18395,33.321296
2021-09-10,33.17,33.275,32.745,33.09,3044281,24519,33.022573
2021-09-13,33.16,33.58,33.1,33.39,3804395,27005,33.41836
2021-09-14,33.49,33.55,33.06,33.19,2725953,23355,33.194017
2021-09-15,33.11,33.535,33.07,33.44,2446345,21955,33.383554
2021-09-16,33.55,33.7,33.16,33.43,2234504,18234,33.388527
2021-09-17,33.36,33.69,33.15,33.47,4377535,21929,33.480109
2021-09-20,33.35,33.565,32.95,33.23,2551615,21721,33.230113
2021-09-21,33.21,33.47,32.915,32.97,1854234,15104,33.076519
2021-09-22,33.3,33.565,32.99,33.3,2775643,25332,33.349925
2021-09-23,33.3,33.49,33.17,33.19,2740943,20435,33.291943
2021-09-24,33.24,33.45,33.24,33.35,1638552,12150,33.365807
2021-09-27,33.5,33.945,33.36,33.79,2245360,18714,33.807288
2021-09-28,33.83,34.1,33.45,33.64,3029813,22484,33.700571
2021-09-29,33.9,35.015,33.8,34.66,6683626,44489,34.718838
2021-09-30,34.51,34.64,33.86,33.87,3891404,30703,34.085254
2021-10-01,34.07,34.1,33.56,33.7,2655196,23722,33.789758
2021-10-04,33.76,34.18,33.75,34.02,3215737,26285,33.97169
2021-10-05,33.95,34.5754,33.94,34.27,5095686,32649,34.333259
2021-10-06,34.24,34.5,33.85,34.48,2894856,23826,34.243991
2021-10-07,34.55,34.8,34.1,34.22,4422733,33378,34.363837
2021-10-08,33.69,34.49,33.5201,33.72,4695638,32024,33.968008
2021-10-11,33.77,34.155,33.39,33.55,3754862,30417,33.652953
2021-10-12,33.47,33.8,33.29,33.41,3067236,22296,33.487816
2021-10-13,33.39,33.56,33.06,33.16,3631990,25150,33.198743
2021-10-14,33.2,33.82,33.09,33.8,3706976,23974,33.538033
2021-10-15,33.89,33.95,33.14,33.25,2889028,21270,33.398278
2021-10-18,33.13,33.45,32.98,33.15,2801405,19257,33.216735
2021-10-19,33.16,33.23,32.885,33.22,1947374,17002,33.100375
2021-10-20,33.25,33.785,33.19,33.7,2058138,16685,33.62467
2021-10-21,33.69,33.76,33.18,33.34,1562297,14653,33.373905
2021-10-22,33.29,33.52,33.25,33.34,1278955,12062,33.337842
2021-10-25,33.26,33.34,32.865,32.89,2361577,20349,33.031219
2021-10-26,32.89,33.195,32.83,33.03,2427540,20511,33.014214
2021-10-27,33.2,33.26,32.385,32.62,2999674,26182,32.726874
2021-10-28,32.67,32.85,32.53,32.78,4007345,28603,32.701979
2021-10-29,32.54,32.695,32.19,32.2,3311854,23525,32.329585
2021-11-01,32.22,32.675,32.11,32.42,5486764,23551,32.43393
2021-11-02,32.47,32.88,32.22,32.83,4043407,29746,32.593291
2021-11-03,32.81,33.01,32.645,33.0,2505812,21017,32.921535
2021-11-04,32.99,33.02,32.36,32.65,2727681,20913,32.654208
2021-11-05,32.75,32.945,32.5,32.59,2287988,17662,32.645524
2021-11-08,32.59,32.59,32.19,32.29,3785158,31766,32.305455
2021-11-09,32.34,32.69,32.23,32.54,3709783,22851,32.528791
2021-11-10,32.65,32.78,32.23,32.48,3472837,28837,32.457961
2021-11-11,32.35,32.42,32.07,32.08,3099654,23149,32.169255
2021-11-12,32.05,32.28,31.93,32.25,4360231,24020,32.180764
2021-11-15,32.32,32.375,32.025,32.3,3437234,26884,32.223918
2021-11-16,32.38,32.64,31.965,31.99,3037071,21675,32.11526
2021-11-17,31.93,32.02,31.695,31.81,2207458,19656,31.824787
2021-11-18,31.68,31.72,30.96,31.12,6926127,40987,31.12252
2021-11-19,31.12,31.31,30.72,30.72,3437412,27520,30.90528
2021-11-22,30.64,31.65,30.515,31.37,4869642,33327,31.311746
2021-11-23,31.53,31.81,31.405,31.53,3995410,33155,31.57836
2021-11-24,31.62,31.85,31.38,31.6,2928526,24964,31.608312
2021-11-26,31.5,31.97,31.445,31.6,2598983,20269,31.686254
2021-11-29,31.69,31.8,31.4,31.51,2969054,27699,31.593756
2021-11-30,31.32,31.45,30.45,30.55,8379812,43406,30.781676
2021-12-01,30.84,31.27,30.44,30.45,4740023,34497,30.809729
2021-12-02,30.6,31.34,30.6,30.98,4162640,31639,30.998053
2021-12-03,31.19,31.57,31.09,31.37,3118714,26673,31.376791
2021-12-06,31.61,32.131,31.6,31.77,2576501,23747,31.874067
2021-12-07,31.67,32.029,31.5,31.8,2868637,23198,31.852052
2021-12-08,31.79,32.08,31.4301,31.71,2727044,22994,31.746825
2021-12-09,31.78,32.05,31.57,31.87,2294389,19873,31.84137
2021-12-10,32.03,32.215,31.96,32.08,2188638,19063,32.079201
2021-12-13,32.01,32.715,31.935,32.47,5102439,29553,32.463883
2021-12-14,32.63,32.83,32.43,32.5,4655878,29934,32.586204
2021-12-15,32.41,32.96,32.41,32.93,3759244,27891,32.79239
2021-12-16,33.05,34.625,32.86,34.4,6142599,42665,34.157078
2021-12-17,34.41,34.77,34.175,34.58,11237612,51545,34.555282
2021-12-20,34.35,34.48,33.663,34.32,5589404,40715,34.159609
2021-12-21,34.2,34.38,33.64,33.83,5361689,40952,33.860409
2021-12-22,33.9,33.94,33.235,33.46,3765283,31488,33.468729
2021-12-23,33.48,33.55,33.255,33.33,1995429,19180,33.400993
2021-12-27,33.25,33.45,32.97,33.42,1835992,17817,33.332175
2021-12-28,33.4,33.94,33.38,33.94,2419932,20509,33.777021
2021-12-29,33.97,34.115,33.85,33.88,2016192,17417,33.959761
2021-12-30,33.97,34.0775,33.725,33.88,1728339,19834,33.875068
2021-12-31,33.87,34.23,33.8129,34.15,1710661,13886,34.045575
2022-01-03,34.0,34.105,33.47,34.06,4795978,33660,33.823967
2022-01-04,34.08,34.57,34.02,34.2,4936647,42198,34.30234
2022-01-05,34.37,34.74,34.01,34.15,7308282,56781,34.359916
2022-01-06,33.84,33.94,32.57,33.53,7612061,61445,33.320478
2022-01-07,33.66,35.005,33.62,34.75,6236808,49448,34.715528
2022-01-10,34.82,35.11,34.03,34.17,4398502,37048,34.397382
2022-01-11,34.27,34.355,33.6,33.98,3604791,31496,33.909396
2022-01-12,33.83,33.89,33.425,33.54,3286436,28897,33.600569
2022-01-13,33.6,34.59,33.58,34.37,3225547,26756,34.289387
2022-01-14,34.41,35.125,34.06,35.11,4295036,33065,34.840454
2022-01-18,34.91,35.4,34.56,35.3,5992692,48480,35.134364
2022-01-19,35.26,35.79,34.94,35.56,6054355,46538,35.555676
2022-01-20,35.51,35.99,35.122,35.45,5828189,42379,35.629237
2022-01-21,35.78,35.91,35.1,35.25,5544062,38827,35.332595
2022-01-24,35.26,35.51,34.62,35.31,7074891,53303,35.122875
2022-01-25,35.2,35.4673,34.645,35.04,4305295,38338,35.016355
2022-01-26,34.81,35.48,34.63,34.84,3921600,34626,34.867806
2022-01-27,35.2,35.91,35.14,35.37,5291390,41265,35.485402
2022-01-28,34.8,35.35,34.68,35.34,4583422,38642,35.132394
2022-01-31,35.02,35.2,34.58,34.76,7749079,36748,34.766624
2022-02-01,34.68,35.08,34.335,34.97,4241290,34314,34.795182
2022-02-02,35.06,35.42,34.81,35.24,4067900,30455,35.186769
2022-02-03,35.25,35.62,35.06,35.27,3524675,29994,35.33738
2022-02-04,35.1,35.265,34.43,34.73,2866341,26297,34.791526
2022-02-07,34.91,35.14,34.49,34.98,2416236,21848,34.94145
2022-02-08,35.18,35.335,34.9827,35.25,2135894,24074,35.213173
2022-02-09,35.3,35.38,35.125,35.19,1913695,20838,35.234327
2022-02-10,35.1,35.3,34.78,34.92,2924430,24590,34.971229
2022-02-11,35.0,35.7,34.83,35.69,3024618,25921,35.567492
2022-02-14,35.75,35.9499,34.76,35.3,2715474,23737,35.219138
2022-02-15,35.33,35.7,35.16,35.42,3187114,25906,35.360738
2022-02-16,35.47,36.04,35.3079,35.43,3127307,30756,35.552169
2022-02-17,35.33,35.89,35.22,35.88,2698633,25228,35.729958
2022-02-18,35.75,36.2,35.7,36.02,3846822,30083,35.961823
2022-02-22,36.01,36.2,35.405,35.84,2969709,30170,35.802971
2022-02-23,35.97,36.03,35.5,35.74,3183337,26027,35.738982
2022-02-24,35.52,35.71,33.665,34.31,4101960,39436,34.297737
2022-02-25,34.54,35.56,34.54,35.35,3561858,34188,35.260481
2022-02-28,35.0,35.185,34.66,34.97,3507949,29750,34.960256
2022-03-01,34.85,35.11,34.26,34.49,4223866,34632,34.507062
2022-03-02,34.58,34.92,34.38,34.6,4201904,37610,34.664035
2022-03-03,34.58,34.915,34.44,34.62,3839278,37697,34.682454
2022-03-04,34.28,34.63,33.96,34.4,3850343,36723,34.360364
2022-03-07,34.16,34.475,33.68,33.7,4501846,39291,33.980788
2022-03-08,33.45,33.53,30.93,30.93,7923083,64384,31.719665
2022-03-09,31.5,32.25,31.17,31.18,5262435,48613,31.678015
2022-03-10,31.0,31.07,30.1846,30.67,7476797,57355,30.591404
2022-03-11,30.78,30.88,30.06,30.1,5362085,46921,30.405217
2022-03-14,30.97,32.05,30.505,31.57,9593282,70703,31.638212
2022-03-15,31.69,32.24,31.69,31.83,5793047,44848,31.891936
2022-03-16,31.79,31.99,31.36,31.7,4547045,40192,31.653847
2022-03-17,31.66,32.06,31.33,32.06,5643288,41935,31.854651
2022-03-18,31.93,31.95,31.225,31.74,24955585,62442,31.701557
2022-03-21,31.77,32.1,31.625,31.96,4808244,39728,31.926881
2022-03-22,32.0,32.439,31.625,32.31,4278411,36612,32.182206
2022-03-23,32.46,32.63,32.035,32.14,5028507,39946,32.200176
2022-03-24,32.2,32.38,32.03,32.28,3294163,27205,32.217214
2022-03-25,32.3,32.89,32.21,32.89,5231546,38600,32.70947
2022-03-28,32.92,32.965,32.54,32.83,3409761,27171,32.790475
2022-03-29,33.14,33.42,32.96,33.4,4200464,33193,33.232388
2022-03-30,33.29,33.41,32.875,33.4,3277791,29139,33.227849
2022-03-31,33.34,33.69,33.24,33.57,4556728,30945,33.541312
2022-04-01,33.54,34.135,33.36,34.08,4606740,30029,33.814934
2022-04-04,33.96,34.2,33.36,34.12,4427472,36835,34.002895
2022-04-05,34.04,34.68,33.98,34.1,5356851,39854,34.267941
2022-04-06,34.09,34.71,34.07,34.34,4825093,42378,34.382445
2022-04-07,34.0,35.15,33.75,34.43,6103771,49266,34.48782
2022-04-08,34.5,34.68,34.1538,34.5,7030795,48328,34.494699
2022-04-11,34.83,35.25,34.555,35.0,7356802,58471,35.039479
2022-04-12,34.84,35.22,34.7,35.09,5022380,40225,35.036267
2022-04-13,35.0,35.695,34.9,35.66,4535243,35034,35.376803
2022-04-14,35.8,35.96,35.452,35.62,3522250,30815,35.693302
2022-04-18,35.5,35.69,35.255,35.39,2423308,22479,35.428617
2022-04-19,35.49,36.46,35.46,36.23,3821047,35372,36.164738
2022-04-20,36.28,36.81,36.28,36.54,4281891,37586,36.563676
2022-04-21,36.64,36.97,36.43,36.56,4460971,37298,36.716829
2022-04-22,36.63,36.86,36.1,36.12,5961468,39609,36.355329
2022-04-25,36.18,36.34,35.33,36.11,3683210,32670,35.907997
2022-04-26,36.04,36.235,35.39,35.41,4332796,36079,35.670924
2022-04-27,35.49,36.07,35.47,35.63,3732162,38143,35.78891
2022-04-28,35.55,35.93,35.22,35.92,3968366,32809,35.724427
2022-04-29,35.87,35.98,34.87,34.93,5309884,39511,35.255871
2022-05-02,35.27,35.33,33.765,34.22,4576183,40248,34.324536
2022-05-03,34.33,35.03,34.175,34.85,3608729,33680,34.777146
2022-05-04,34.87,35.765,34.69,35.69,2781552,28041,35.468484
2022-05-05,35.67,35.88,35.205,35.42,3702753,35502,35.492646
