Date,Open,High,Low,Close,volume,trade_count,vwap
2020-12-31,37.62,37.81,36.92,37.72,2097032,17005,37.518579
2021-01-04,38.35,38.38,36.98,37.03,4584186,34116,37.385088
2021-01-05,37.0,38.18,36.8,37.94,3701498,29017,37.821238
2021-01-06,38.37,40.26,38.32,40.05,6211454,40930,39.720386
2021-01-07,40.46,41.19,40.0,41.09,7772248,42980,40.966733
2021-01-08,41.2,41.35,40.0,40.69,6964362,29828,40.664225
2021-01-11,39.88,41.8428,39.85,41.57,3761517,32936,41.379378
2021-01-12,41.56,41.94,41.05,41.74,4436340,33241,41.555877
2021-01-13,41.39,41.89,40.83,41.38,3948552,21998,41.465546
2021-01-14,41.4,41.59,40.73,40.8,3748908,31235,41.181665
2021-01-15,40.6,40.6,39.571,40.38,4501050,27713,40.254206
2021-01-19,40.7,40.98,40.2,40.37,3383135,23352,40.40285
2021-01-20,40.41,40.41,39.69,40.04,4654904,26918,40.009651
2021-01-21,40.4,40.4,39.21,39.74,4647155,34914,39.622937
2021-01-22,39.2,40.11,39.1,39.51,2585157,22748,39.479772
2021-01-25,38.75,39.0569,37.2,38.89,9176773,63906,38.311826
2021-01-26,38.89,39.05,37.3,37.32,4945114,40090,37.738507
2021-01-27,36.47,36.78,34.21,36.23,8139824,58842,36.149179
2021-01-28,36.81,38.45,36.4207,38.2,8108550,41832,38.063195
2021-01-29,37.89,38.8,37.77,38.5,16346429,52184,38.401552
2021-02-01,39.1,39.45,38.55,38.66,4731689,37671,38.847289
2021-02-02,39.12,39.4,38.43,38.48,2902025,28406,38.731981
2021-02-03,38.3,38.66,37.9556,38.15,2987916,23586,38.170346
2021-02-04,38.37,38.53,37.86,38.33,3439151,24618,38.221485
2021-02-05,38.25,39.99,38.0,39.15,4409614,35426,39.269025
2021-02-08,39.53,40.12,39.34,39.7,4548535,28488,39.704282
2021-02-09,37.06,38.28,36.95,37.25,12941213,72926,37.527591
2021-02-10,37.66,37.95,36.8,37.19,7926444,45639,37.133178
2021-02-11,37.3,37.475,36.63,37.2,11064819,36862,37.15818
2021-02-12,37.0,37.4,36.76,37.28,5472770,27891,37.042286
2021-02-16,37.46,37.525,36.775,37.41,4174587,32423,37.203667
2021-02-17,37.23,37.3689,36.7,37.24,3844357,26382,37.156185
2021-02-18,37.09,37.23,36.362,36.65,3961799,29149,36.702748
2021-02-19,37.0,37.76,36.96,37.64,3225699,28602,37.49516
2021-02-22,37.41,37.87,37.27,37.3,3017762,24481,37.524571
2021-02-23,36.97,37.19,35.82,37.1,4340112,32557,36.919163
2021-02-24,36.86,37.51,36.695,37.45,5952430,24950,37.388601
2021-02-25,37.07,37.27,35.94,36.14,4449885,36318,36.478104
2021-02-26,36.39,37.0,36.02,36.53,5375152,32653,36.590701
2021-03-01,36.76,37.565,36.72,37.2,4157142,33220,37.202627
2021-03-02,37.4,37.42,36.68,37.14,4431910,32329,37.020283
2021-03-03,36.85,37.578,36.63,37.12,7100077,31007,37.159022
2021-03-04,36.95,37.21,35.06,35.52,6859234,52565,35.763309
2021-03-05,36.12,37.04,34.75,36.94,7047252,58116,36.123684
2021-03-08,36.79,37.79,36.3,37.06,4659765,36103,37.109924
2021-03-09,37.35,37.71,37.1,37.12,3643391,29684,37.286962
2021-03-10,37.61,39.1,37.48,38.78,6976499,40760,38.573777
2021-03-11,39.27,39.57,38.61,39.23,5156084,39395,39.206601
2021-03-12,39.0,39.62,38.92,39.59,2546243,24692,39.371081
2021-03-15,39.22,39.74,39.1,39.6,3637904,29783,39.434276
2021-03-16,39.62,39.65,38.31,38.57,5740761,37309,38.597781
2021-03-17,38.92,39.36,38.43,39.35,4065995,24335,39.066917
2021-03-18,39.52,41.6,39.4,41.0,10045731,64585,41.02791
2021-03-19,41.3,41.31,40.5806,40.91,11067227,51580,40.921359
2021-03-22,40.62,41.69,39.85,41.41,10396927,55564,41.101635
2021-03-23,40.92,41.49,40.055,40.29,11248461,62205,40.728733
2021-03-24,40.5,41.23,40.13,40.14,8587417,52639,40.592785
2021-03-25,40.19,40.475,39.58,40.35,8092219,52308,40.046625
2021-03-26,40.82,41.14,39.83,41.09,5120315,36276,40.558175
2021-03-29,42.21,42.98,41.9517,42.34,7699103,47120,42.392183
2021-03-30,42.07,42.92,41.79,42.36,3982153,33046,42.41347
2021-03-31,43.0,43.48,42.03,42.22,7297893,48330,42.455515
2021-04-01,42.23,42.4,41.86,42.02,4751795,35405,42.019881
2021-04-05,42.39,42.92,42.33,42.58,5727331,36443,42.617774
2021-04-06,42.64,43.3,42.3,42.81,6684576,48166,42.938756
2021-04-07,42.56,42.84,42.14,42.69,6085712,38631,42.560719
2021-04-08,42.58,43.0,42.05,42.53,5187596,35384,42.619856
2021-04-09,42.85,43.06,42.26,42.75,5560055,33197,42.603428
2021-04-12,42.8,43.005,42.48,42.6,4680764,35105,42.675235
2021-04-13,42.49,43.37,42.24,43.16,7074820,39701,42.799897
2021-04-14,43.13,43.78,43.06,43.15,4108215,32080,43.373589
2021-04-15,43.2,43.77,42.7,43.59,6461171,39123,43.445258
2021-04-16,43.92,44.28,43.44,43.88,4749880,29899,43.818147
2021-04-19,44.0,44.645,43.67,43.87,9499478,45049,44.100877
2021-04-20,43.58,43.67,42.01,42.52,6173866,42203,42.729029
2021-04-21,42.5,43.125,42.2,43.06,4284743,36928,42.903472
2021-04-22,43.24,43.71,42.85,43.09,6461367,45083,43.291453
2021-04-23,43.36,44.56,43.07,44.47,6602861,39920,44.198264
2021-04-26,44.83,45.16,44.02,44.1,4012852,27368,44.33323
2021-04-27,44.15,45.04,44.0,44.96,6706324,40362,44.809607
2021-04-28,44.94,45.32,44.47,44.49,6544167,47750,44.860164
2021-04-29,43.97,44.88,43.39,44.15,9084897,69271,44.036332
2021-04-30,43.68,43.85,42.99,43.58,7254673,50202,43.481276
2021-05-03,44.12,44.19,43.18,43.46,3915019,33560,43.513832
2021-05-04,43.16,43.36,42.78,43.13,9850335,54013,43.108283
2021-05-05,43.47,43.78,43.15,43.27,6928810,40593,43.351779
2021-05-06,43.34,44.19,43.16,44.16,5401156,37711,43.609816
2021-05-07,44.12,45.265,43.87,44.84,5258844,37893,44.818624
2021-05-10,44.89,45.65,44.89,45.56,5356471,37864,45.418051
2021-05-11,45.12,45.12,44.01,44.5,8442581,49492,44.662805
2021-05-12,44.24,44.44,42.39,42.43,7498562,60257,42.964739
2021-05-13,42.68,43.64,42.51,43.25,5006008,49732,43.318036
2021-05-14,43.61,44.08,43.45,43.63,4084253,35958,43.699624
2021-05-17,43.52,44.33,43.46,44.17,6998888,59189,43.984308
2021-05-18,44.4,44.48,43.54,43.66,6355805,52189,43.825468
2021-05-19,43.02,43.63,42.7,43.44,5250261,46576,43.267294
2021-05-20,43.56,44.07,43.21,43.89,4046098,34849,43.732181
2021-05-21,44.17,44.72,43.87,43.88,5536522,43203,44.158335
2021-05-24,44.08,44.6799,43.93,44.38,5125573,36469,44.440161
2021-05-25,44.65,45.18,44.51,44.72,7026889,43901,44.85919
2021-05-26,44.78,45.03,44.525,44.72,6345017,39854,44.689543
2021-05-27,45.12,45.48,44.84,45.31,12343699,39500,45.314622
2021-05-28,45.8,46.13,45.41,45.93,4197379,33313,45.890622
2021-06-01,46.8,47.09,46.58,46.85,6199258,45242,46.796565
2021-06-02,46.76,46.935,45.91,46.05,5729658,45344,46.254195
2021-06-03,45.73,46.18,45.14,45.73,4230932,34391,45.669943
2021-06-04,45.95,46.05,45.76,45.89,4016926,30089,45.868625
2021-06-07,46.18,46.37,45.87,46.06,2982356,26863,46.106527
2021-06-08,46.2,46.46,45.79,46.36,3173983,24503,46.2328
2021-06-09,46.3,46.53,45.99,46.19,4567167,31619,46.249402
2021-06-10,46.41,46.63,45.78,45.86,5155935,26635,45.940783
2021-06-11,46.17,46.28,45.66,46.1,4056014,23288,46.02528
2021-06-14,46.1,46.29,45.7612,46.21,3370929,30848,46.055249
2021-06-15,46.29,46.6,45.82,46.53,3958293,26059,46.359309
2021-06-16,46.73,47.1325,46.475,46.91,6761580,43364,46.887503
2021-06-17,46.9,46.91,45.11,46.13,6143778,48821,46.053442
2021-06-18,45.43,45.86,45.02,45.05,7311094,40491,45.284849
2021-06-21,45.4,46.61,45.3,46.5,4131196,34334,46.3314
2021-06-22,46.6,46.7,46.01,46.11,4023694,37361,46.273308
2021-06-23,46.5,46.64,45.69,46.1,3084798,26757,46.20852
2021-06-24,46.25,46.39,45.95,46.22,2998233,24185,46.186691
2021-06-25,46.33,47.17,46.24,47.06,7986562,33927,46.860266
2021-06-28,47.06,47.94,46.675,47.88,6275043,39492,47.571038
2021-06-29,48.03,49.1,48.03,48.71,9442453,48613,48.751851
2021-06-30,48.46,48.99,48.25,48.6,4909003,32719,48.585493
2021-07-01,48.62,48.89,48.31,48.75,3458043,31235,48.648019
2021-07-02,48.8,48.9,48.44,48.52,2695175,23810,48.619396
2021-07-06,48.61,48.625,47.62,48.17,4018521,30592,48.031683
2021-07-07,48.15,49.055,48.02,48.83,4347297,35522,48.826381
2021-07-08,47.81,48.42,47.53,48.05,3470011,30229,47.95163
2021-07-09,48.55,48.865,48.21,48.27,3920560,35060,48.392151
2021-07-12,48.5,49.27,47.98,49.21,7445218,33751,49.014779
2021-07-13,49.09,49.615,49.02,49.23,5573509,45383,49.297557
2021-07-14,49.57,49.72,48.9,49.0,3905190,34046,49.17986
2021-07-15,48.73,49.675,48.51,49.56,3858462,31666,49.369544
2021-07-16,49.56,49.81,49.0,49.08,3318370,27029,49.340418
2021-07-19,48.31,48.5,47.6501,48.25,3681528,34373,48.13319
2021-07-20,48.48,50.065,48.3169,49.9,5344523,38913,49.72772
2021-07-21,49.94,50.59,49.94,50.45,3944423,29261,50.271201
2021-07-22,50.5,51.015,50.23,50.81,6017142,40948,50.796162
2021-07-23,50.96,51.96,50.94,51.9,4486818,38978,51.611579
2021-07-26,51.8,52.088,51.26,51.51,2848514,28451,51.511545
2021-07-27,51.5,52.41,51.2401,51.96,4070817,38001,51.955038
2021-07-28,51.87,52.3,51.53,51.57,5144758,45526,51.879412
2021-07-29,52.54,54.08,52.18,53.94,6156346,50136,53.616659
2021-07-30,54.09,55.51,53.96,55.25,6493328,50456,55.058859
2021-08-02,55.22,56.03,54.482,54.61,3994070,41529,54.893185
2021-08-03,54.99,57.25,54.98,57.18,4981394,40701,56.62676
2021-08-04,56.6,57.8999,56.54,57.04,4608563,47944,57.283181
2021-08-05,57.36,57.535,55.91,56.32,4506338,43101,56.349417
2021-08-06,56.52,56.82,55.855,56.38,4682755,42921,56.221287
2021-08-09,56.09,56.529,55.955,56.24,2417706,25637,56.251645
2021-08-10,56.4,57.5,56.26,56.61,3758964,32857,56.870018
2021-08-11,56.78,57.0266,56.08,56.89,3035168,31732,56.569854
2021-08-12,56.34,56.57,55.67,55.98,3509281,34338,55.999821
2021-08-13,55.94,56.25,55.74,56.15,2311215,23145,56.051359
2021-08-16,55.99,56.83,55.62,56.6,2081813,26901,56.490595
2021-08-17,55.95,56.14,54.37,55.15,3587748,37938,54.995535
2021-08-18,55.13,55.99,55.04,55.17,2616088,28061,55.527979
2021-08-19,54.3,55.98,54.23,55.25,4209415,37936,55.353841
2021-08-20,55.47,55.6,54.71,55.37,2606973,25715,55.297156
2021-08-23,55.86,56.165,55.35,55.88,3480813,29773,55.861919
2021-08-24,55.78,56.685,55.74,56.61,2546085,25842,56.316156
2021-08-25,56.46,58.0399,56.43,57.74,3897719,34060,57.725122
2021-08-26,57.65,57.975,57.155,57.38,3590192,35301,57.545609
2021-08-27,57.61,58.42,57.61,58.32,3711495,31016,58.208274
2021-08-30,58.52,58.89,58.02,58.03,3706900,27978,58.367242
2021-08-31,58.0,58.01,56.9401,57.6,4830210,31636,57.551365
2021-09-01,57.59,57.97,56.74,57.89,2996825,28284,57.663887
2021-09-02,58.15,58.29,57.47,57.92,3326268,31255,57.812081
2021-09-03,57.68,57.86,57.25,57.41,3048549,29206,57.553512
2021-09-07,56.32,56.99,56.0913,56.22,4744521,46482,56.484049
2021-09-08,56.08,56.95,55.79,56.66,2637052,27733,56.605301
2021-09-09,56.81,57.395,56.41,56.73,2200065,24990,56.856441
2021-09-10,57.16,57.23,56.4,56.43,2342827,26340,56.764261
2021-09-13,56.94,57.08,55.18,55.74,4227989,49302,55.642323
2021-09-14,56.0,56.035,54.59,54.98,6188130,51977,55.007678
2021-09-15,54.99,55.9,54.83,55.76,3145233,28799,55.59292
2021-09-16,55.67,55.86,54.69,55.07,6825182,39899,55.120183
2021-09-17,54.77,55.08,54.57,55.0,15941790,51912,54.939368
2021-09-20,53.95,54.6,53.06,53.82,6426156,58181,53.792774
2021-09-21,54.11,54.16,51.67,51.69,8799590,65204,52.3245
2021-09-22,52.17,53.12,52.09,52.59,7130691,52574,52.72005
2021-09-23,52.98,54.175,52.98,53.49,4244889,41462,53.697717
2021-09-24,52.89,53.46,52.81,53.12,2128667,22423,53.153038
2021-09-27,52.9,53.14,52.275,52.37,2290936,29310,52.477911
2021-09-28,51.77,52.18,51.31,51.96,5469697,33754,51.803225
2021-09-29,52.27,53.07,52.2,52.85,4694318,42957,52.803708
2021-09-30,53.14,53.68,51.73,51.76,6932031,53778,52.324675
2021-10-01,51.86,52.75,51.125,52.46,3603769,33399,52.19782
2021-10-04,52.06,52.52,51.56,52.33,3592639,32902,52.069574
2021-10-05,52.62,53.425,52.29,52.82,3504557,31648,52.91761
2021-10-06,52.13,52.71,51.61,52.61,2720151,23983,52.334127
2021-10-07,53.24,53.98,53.24,53.35,2213125,24157,53.562692
2021-10-08,52.94,53.21,51.46,51.5,3088187,29636,51.830511
2021-10-11,51.36,51.95,51.1013,51.25,2543649,22661,51.516215
2021-10-12,51.25,51.44,50.08,50.3,5971609,42991,50.699305
2021-10-13,50.73,50.97,49.93,50.73,4427003,33465,50.510677
2021-10-14,51.37,53.05,51.29,53.01,5556111,38953,52.58445
2021-10-15,53.57,53.92,53.06,53.43,3552465,31662,53.520265
2021-10-18,52.98,54.02,52.91,53.98,2439578,21930,53.646202
2021-10-19,54.4,54.49,53.39,53.97,3323600,28960,53.77393
2021-10-20,54.22,54.58,53.72,54.02,3860712,23125,54.121241
2021-10-21,53.79,54.34,53.53,54.32,2363608,22469,54.07598
2021-10-22,54.77,55.1,54.39,54.66,3455570,22257,54.660582
2021-10-25,54.12,55.34,53.35,54.6,3265346,27630,54.541746
2021-10-26,54.7,54.88,53.68,53.73,2290871,24494,54.12182
2021-10-27,53.66,54.3,53.09,53.16,2627286,25184,53.549365
2021-10-28,53.21,54.505,52.63,54.42,3413930,31769,54.074325
2021-10-29,53.56,54.08,52.04,52.23,3932991,32204,52.690949
2021-11-01,52.35,52.67,51.86,52.17,2923362,29833,52.236269
2021-11-02,52.49,53.03,51.87,52.4,4225802,30584,52.338344
2021-11-03,51.95,52.5,51.18,51.97,3103767,29877,51.839023
2021-11-04,51.92,53.02,51.92,52.97,2483796,23405,52.754362
2021-11-05,53.21,53.445,52.42,52.79,2466215,24296,52.834319
2021-11-08,53.11,53.42,52.37,53.34,2142158,22515,53.086897
2021-11-09,53.57,54.86,53.5,54.81,3498127,32554,54.360023
2021-11-10,54.94,55.06,54.41,54.63,2897448,30604,54.70263
2021-11-11,54.79,54.88,53.91,54.5,2315164,23193,54.374693
2021-11-12,54.9,56.16,54.68,56.12,2841040,26728,55.746204
2021-11-15,56.06,56.3299,55.5,55.7,2953219,34853,55.86351
2021-11-16,55.52,56.63,55.5,56.26,3177500,24582,56.305289
2021-11-17,56.5,56.54,55.92,56.12,2505022,20759,56.194908
2021-11-18,56.55,57.06,56.2,57.02,3621578,28573,56.858406
2021-11-19,57.26,57.97,56.93,57.15,5003787,45088,57.438909
2021-11-22,57.37,57.6,56.4,56.41,4716288,38261,56.915297
2021-11-23,56.3,56.61,54.52,54.87,5103933,43791,55.289795
2021-11-24,54.58,55.83,54.35,55.69,3608360,26267,55.476459
2021-11-26,54.82,55.66,54.62,55.38,2921491,26971,55.125491
2021-11-29,56.16,56.2,55.02,55.98,3247709,30972,55.819517
2021-11-30,55.87,56.04,53.66,54.12,10087902,56609,54.3121
2021-12-01,54.79,55.9,53.55,53.6,4341312,39382,54.655093
2021-12-02,53.95,55.7,53.95,55.52,2846422,31026,55.280836
2021-12-03,55.86,56.175,54.97,56.12,3016558,32227,55.73265
2021-12-06,56.37,56.505,55.65,55.85,3192073,33121,56.018894
2021-12-07,56.14,57.69,55.77,56.64,3692972,34155,56.770664
2021-12-08,56.6,56.675,55.97,56.44,2560529,22501,56.345339
2021-12-09,56.72,57.025,55.92,55.99,2158197,22003,56.188301
2021-12-10,55.06,55.84,54.55,55.51,2530420,27145,55.411693
2021-12-13,55.82,56.04,54.89,54.93,4287979,27494,55.302225
2021-12-14,54.16,54.78,52.9016,53.55,3658725,34148,53.682552
2021-12-15,53.64,53.67,52.085,53.55,5972122,51488,52.994262
2021-12-16,54.02,54.67,53.34,53.87,3791858,29130,53.965869
2021-12-17,53.55,53.69,51.98,52.26,7527173,33105,52.518214
2021-12-20,51.9,52.04,50.36,50.91,3429627,32484,50.905226
2021-12-21,51.43,52.16,51.16,52.13,2157731,21969,51.858161
2021-12-22,51.87,52.65,51.65,52.52,2276359,18600,52.418418
2021-12-23,52.54,53.185,52.51,52.82,1937058,15667,52.859084
2021-12-27,53.28,53.59,52.93,53.53,1697763,17918,53.358704
2021-12-28,53.45,53.77,53.24,53.48,2483969,21057,53.519501
2021-12-29,53.44,53.865,53.14,53.74,3180035,19794,53.568976
2021-12-30,54.02,54.25,53.5,53.55,1426065,16456,53.738299
2021-12-31,53.54,54.56,53.36,54.24,2225679,17360,54.118922
2022-01-03,53.15,53.6,52.22,52.52,4503135,42356,52.684353
2022-01-04,54.27,54.64,53.21,53.82,5458505,49834,53.908509
2022-01-05,53.6,54.42,52.31,52.37,3470221,33967,53.048738
2022-01-06,52.45,53.51,52.45,53.5,3080100,31741,53.246835
2022-01-07,53.33,53.83,51.83,51.84,4112095,36043,52.485222
2022-01-10,51.23,52.5,50.34,52.32,3883101,44718,51.654627
2022-01-11,52.52,52.705,51.89,52.54,2715388,29142,52.340943
2022-01-12,53.19,53.41,52.46,53.0,2305828,21139,52.883868
2022-01-13,53.0,53.32,52.07,52.2,2664164,22573,52.524322
2022-01-14,51.48,51.48,50.16,51.1,3241281,33314,50.930608
2022-01-18,50.2,50.37,49.21,49.65,4101550,43459,49.742344
2022-01-19,49.86,50.29,48.73,48.79,3705484,33952,49.196512
2022-01-20,49.19,50.19,47.995,48.03,3850066,34458,49.013235
2022-01-21,48.26,48.86,47.48,47.8,3850245,34256,48.095804
2022-01-24,45.61,47.81,45.31,47.66,8730610,76580,46.445441
2022-01-25,47.06,47.56,46.11,47.21,4593544,44264,46.974198
2022-01-26,47.82,48.31,46.08,46.67,4591849,48803,47.109897
2022-01-27,46.98,47.51,45.94,46.09,4453563,49293,46.656212
2022-01-28,46.2,46.71,45.47,46.45,10712588,70990,46.015669
2022-01-31,46.44,47.74,46.28,47.68,8641041,54721,46.974332
2022-02-01,48.0,48.07,46.38,47.05,4624957,44747,46.988127
2022-02-02,47.25,48.15,47.19,47.51,5964007,46444,47.584035
2022-02-03,46.85,47.34,46.17,46.24,6634617,57890,46.550751
2022-02-04,45.97,46.48,44.84,45.84,6883774,56888,45.695974
2022-02-07,45.65,46.12,45.35,45.72,7346736,56855,45.772331
2022-02-08,45.54,46.95,45.25,46.06,7914056,53956,46.064236
2022-02-09,46.98,48.08,46.84,47.98,5987002,46487,47.518596
2022-02-10,47.22,48.19,46.755,47.15,4941938,38440,47.346412
2022-02-11,47.04,47.2,44.99,45.5,5611705,43104,45.657405
2022-02-14,45.52,45.78,44.29,44.79,6140898,40709,44.934595
2022-02-15,45.56,45.86,45.34,45.75,4480710,33910,45.583028
2022-02-16,45.46,45.91,45.0,45.65,4027462,32310,45.542942
2022-02-17,45.16,45.5,44.46,44.58,4078708,38170,44.931716
2022-02-18,44.74,44.88,43.96,44.08,4745747,44838,44.27616
2022-02-22,43.99,45.65,43.71,45.29,7044461,61877,45.074708
2022-02-23,45.76,45.79,43.755,43.84,4718509,45576,44.58229
2022-02-24,42.75,44.82,42.45,44.71,5037257,49375,44.055866
2022-02-25,44.72,45.46,44.13,45.23,3990094,36150,45.021049
2022-02-28,44.46,45.1,44.23,44.88,4670785,33908,44.754521
2022-03-01,45.16,45.16,43.48,43.72,6093422,45184,43.941427
2022-03-02,44.14,45.1803,44.035,44.91,7173327,41924,44.778662
2022-03-03,45.38,45.91,44.98,45.88,6241098,44348,45.584669
2022-03-04,45.19,45.64,44.325,45.0,8875760,62008,44.844644
2022-03-07,45.0,45.045,43.47,43.52,6805242,55222,44.039161
2022-03-08,43.44,44.42,42.85,43.58,6289802,53568,43.718783
2022-03-09,44.44,45.14,44.135,44.59,4318878,38728,44.660333
2022-03-10,43.93,44.18,43.56,43.81,3510971,31168,43.910135
2022-03-11,44.28,44.32,43.19,43.22,3617030,32307,43.541198
2022-03-14,43.55,44.1,42.835,42.91,5760786,36581,43.166275
2022-03-15,43.5,45.33,43.415,45.2,5841617,46775,44.72043
2022-03-16,45.78,47.1,45.52,46.88,5654906,47515,46.555276
2022-03-17,46.21,47.12,46.15,47.12,3665930,31413,46.846109
2022-03-18,47.16,47.83,46.64,47.78,6520362,30556,47.60381
2022-03-21,47.28,47.93,46.98,47.48,3365787,30247,47.40667
2022-03-22,47.59,47.935,47.016,47.49,3334108,28143,47.43944
2022-03-23,46.86,47.29,46.45,46.52,2569972,24117,46.742296
2022-03-24,46.69,46.73,46.03,46.17,2617980,25719,46.251582
2022-03-25,46.19,46.44,45.54,46.39,3613742,33631,46.056314
2022-03-28,46.38,46.91,46.0,46.89,2417161,24632,46.618556
2022-03-29,47.73,48.48,47.18,48.08,3024352,34846,48.0168
2022-03-30,47.88,48.22,47.36,47.57,2737407,27455,47.662076
2022-03-31,47.29,47.53,45.83,45.87,4369955,33319,46.285815
2022-04-01,46.3,46.41,45.65,46.04,2523037,23436,45.934445
2022-04-04,45.51,45.72,44.68,45.25,4745499,44230,45.061291
2022-04-05,45.04,45.175,44.34,44.54,3133853,30599,44.686939
2022-04-06,43.97,44.04,43.31,43.88,4200288,39014,43.87543
2022-04-07,43.33,44.01,43.08,43.69,4177370,35205,43.571991
2022-04-08,43.84,44.41,43.16,43.38,3305322,29476,43.715184
2022-04-11,42.81,43.26,42.305,42.44,4392908,36074,42.705969
2022-04-12,42.66,43.2,41.5205,41.78,4788793,40444,42.105108
2022-04-13,41.8,42.6,41.65,42.11,3184300,29340,42.087817
2022-04-14,42.12,42.33,41.27,41.28,2611248,27076,41.666133
2022-04-18,41.33,41.78,40.96,41.29,3311433,33063,41.337301
2022-04-19,41.45,42.55,41.35,42.5,4328590,31026,41.91158
2022-04-20,42.86,43.74,42.86,43.45,3633494,37166,43.483731
2022-04-21,44.0,44.68,42.57,42.82,3825227,34566,43.320382
2022-04-22,42.46,42.55,41.61,41.67,4041144,38454,41.93486
2022-04-25,41.4,42.02,40.78,41.96,3230297,35048,41.517459
2022-04-26,41.6,41.78,39.93,40.05,5114203,41905,40.388108
2022-04-27,40.09,40.93,40.0,40.26,4327999,42174,40.445228
2022-04-28,37.0,39.655,36.23,39.41,15010151,106274,38.821388
2022-04-29,39.56,39.59,38.1,38.27,8384097,62624,38.720223
2022-05-02,38.54,39.04,37.6256,38.6,7137565,64659,38.413846
2022-05-03,38.61,38.78,38.04,38.38,9873286,59789,38.396836
2022-05-04,38.49,39.575,37.31,39.41,7901076,65826,38.33613
2022-05-05,38.96,39.43,37.57,37.96,5025827,50730,38.354917
