Date,Open,High,Low,Close,Volume,OpenInterest
2020-12-04,167.92,167.9483,163.03,163.5,2260717,0.0
2020-12-07,162.83,165,161.35,162.45,1696622,0.0
2020-12-08,162.8,163.75,161.02,161.33,1839080,0.0
2020-12-09,160.54,160.935,156.88,158.38,2718759,0.0
2020-12-10,158.38,159.55,156.5,157.17,1848799,0.0
2020-12-11,158.44,158.9,156.14,157.68,2377982,0.0
2020-12-14,157.91,158.9,154.92,155.19,2286989,0.0
2020-12-15,155.3,156.01,154.35,155.41,2682232,0.0
2020-12-16,155.88,157.25,153.52,154.1,3721776,0.0
2020-12-17,156.28,157.5299,155.02,155.75,4145372,0.0
2020-12-18,154.82,155.8,152.0866,153.89,3860743,0.0
2020-12-21,152.45,153.6,151.21,153.18,1701027,0.0
2020-12-22,152.71,154.295,152,153.49,1583886,0.0
2020-12-23,154.21,155.38,152.41,152.52,1625279,0.0
2020-12-24,152.88,154.29,152.58,154,443508,0.0
2020-12-28,154.34,156.32,153.43,156.25,1475561,0.0
2020-12-29,157,157.98,155.18,155.9,1609020,0.0
2020-12-30,155.99,157.19,155.69,156.4,1046994,0.0
2020-12-31,155.8,159.36,155.2,159.14,1141580,0.0
2021-01-04,158.35,159.06,154.37,155,1647451,0.0
2021-01-05,155.21,157.04,154.9046,155.66,1655025,0.0
2021-01-06,154.61,154.657,151.34,151.43,2133427,0.0
2021-01-07,151.05,153.255,150.76,152.52,1903553,0.0
2021-01-08,153.82,155.13,153.35,154.02,1645228,0.0
2021-01-11,153.76,154.74,151.96,153.15,1433825,0.0
2021-01-12,152.41,152.99,149.1372,150.45,3856560,0.0
2021-01-13,150.41,152.9494,150.35,152.68,2551713,0.0
2021-01-14,154.09,156.12,152.42,154.77,2748771,0.0
2021-01-15,154.78,157.96,154.026,157.29,2205449,0.0
2021-01-19,158.87,160,157.02,159.39,2410199,0.0
2021-01-20,159.56,161.46,158.27,159.05,1348932,0.0
2021-01-21,158.15,159.79,157.11,159.37,1219287,0.0
2021-01-22,158.9,159.67,157.96,158.91,1064128,0.0
2021-01-25,160.05,162.31,159.51,160.89,1534976,0.0
2021-01-26,160.56,164.3,159.6201,163.45,1737548,0.0
2021-01-27,162.77,163,159.11,160.09,1658109,0.0
2021-01-28,157.45,160.915,156.87,158.13,2017639,0.0
2021-01-29,156.13,159.9,155.11,159.26,2078711,0.0
2021-02-01,160,164.54,158.04,164.27,1558440,0.0
2021-02-02,165.08,167.11,164.25,165.58,1292288,0.0
2021-02-03,164.56,165,161.36,163.17,1706645,0.0
2021-02-04,162.63,164.65,161.23,163.18,1542679,0.0
2021-02-05,163.5,163.58,161.92,162.26,1692628,0.0
2021-02-08,161.98,162.035,157.2,160.9,2158596,0.0
2021-02-09,161.43,164.37,161.11,164.08,2807237,0.0
2021-02-10,164.81,165.48,162.88,163.08,1194023,0.0
2021-02-11,161.9,163.71,160.85,162,2153654,0.0
2021-02-12,162.35,164.7,161.51,164.45,1982552,0.0
2021-02-16,164.32,164.89,160.67,161.92,2392478,0.0
2021-02-17,161.11,163.38,161,163.05,1323820,0.0
2021-02-18,162.94,165.31,162.5,164.92,1547049,0.0
2021-02-19,165.44,166.39,164.77,165.71,3019010,0.0
2021-02-22,165.01,166.29,163.22,165.41,2890593,0.0
2021-02-23,166.3,166.3,161.64,161.64,2341792,0.0
2021-02-24,161,162.11,160.27,161.19,1378123,0.0
2021-02-25,161.02,162.7,157.89,159.56,2157525,0.0
2021-02-26,160,160.495,155.63,155.64,2386626,0.0
2021-03-01,156.34,157.9758,153.61,153.73,1836126,0.0
2021-03-02,153.82,154.5,151.77,153.16,1632356,0.0
2021-03-03,153.37,153.44,148.5,148.55,2168146,0.0
2021-03-04,148.96,152.83,148.55,149.23,2370810,0.0
2021-03-05,149.94,151.01,146.145,150.14,3467003,0.0
2021-03-08,150.1,150.89,146.43,146.61,3096852,0.0
2021-03-09,148.39,151.76,148.2,151.04,2084674,0.0
2021-03-10,151.44,152.64,150,151.92,1515495,0.0
2021-03-11,152.5,156.629,152.22,155.76,2211356,0.0
2021-03-12,153.83,158.86,152.96,158.69,2126152,0.0
2021-03-15,158.24,162.02,157.75,161.56,2006446,0.0
2021-03-16,161.99,165.62,161.16,165.19,1986700,0.0
2021-03-17,164.79,166,163.26,165.05,1702445,0.0
2021-03-18,163.9,165.71,162.1,165.19,1336871,0.0
2021-03-19,165.45,168.34,164.49,165.63,3071327,0.0
2021-03-22,165.62,169.8,165.61,167.89,2035168,0.0
2021-03-23,167.47,170.16,166.68,168.65,1801891,0.0
2021-03-24,168.08,169,165.57,167.69,1207672,0.0
2021-03-25,167.58,168.2,166.4,167.57,1191892,0.0
2021-03-26,169.29,173.49,167.825,173.23,1483410,0.0
2021-03-29,173.29,175.34,171.73,175.04,2039000,0.0
2021-03-30,173.85,173.85,170.75,171,1608314,0.0
2021-03-31,171.026,172.883,169.81,172.17,1541639,0.0
2021-04-01,173.01,174.59,171.68,174.58,1424501,0.0
2021-04-05,175,177.71,174.49,177.34,1257721,0.0
2021-04-06,177.44,177.44,174.885,176.69,1027023,0.0
2021-04-07,176.59,177.29,174.89,176.24,1276118,0.0
2021-04-08,177.31,178.12,175.68,175.74,1166576,0.0
2021-04-09,175.3,176.61,174.38,175.24,903702,0.0
2021-04-12,175.5,177.62,174.78,177.54,1119658,0.0
2021-04-13,177.23,179.33,176.61,177.03,1113908,0.0
2021-04-14,177.12,178.6603,175.35,175.76,1123888,0.0
2021-04-15,176.71,179.64,176.59,179.48,1693247,0.0
2021-04-16,180,180.34,178.29,179.67,1123693,0.0
2021-04-19,180.4,180.955,178.67,180.75,1144726,0.0
2021-04-20,180.1,184.51,180.08,182.99,1245932,0.0
2021-04-21,183.96,184.675,181.79,183,1073265,0.0
2021-04-22,183.5,185.97,181.7,184.25,1460435,0.0
2021-04-23,185.15,188.13,184.68,187.06,1048082,0.0
2021-04-26,187.43,187.445,184.615,186.09,1205858,0.0
2021-04-27,186.77,186.77,184.15,184.67,1125039,0.0
2021-04-28,185.21,186.04,184.63,185.28,937258,0.0
2021-04-29,186.4,188.36,184.9,187.93,1214086,0.0
2021-04-30,186.85,189.59,187.145,189.16,899379,0.0
2021-05-03,189.05,189.14,187.16,187.81,979524,0.0
2021-05-04,187,187.88,182.15,183.93,2485854,0.0
2021-05-05,183.79,184.53,181.68,183.27,1400607,0.0
2021-05-06,183.23,183.23,179.85,180.8,1673947,0.0
2021-05-07,182.48,184.28,181.96,183.27,1202449,0.0
2021-05-10,183.32,183.91,182.82,183.21,1229694,0.0
2021-05-11,182.09,183,180.55,182.32,1030790,0.0
2021-05-12,181.63,181.94,178.73,178.78,1127030,0.0
2021-05-13,179.1,181.08,178.14,179.75,1510394,0.0
2021-05-14,180.68,181.99,180.1475,181.05,1172173,0.0
2021-05-17,180.91,182.81,180.81,182,963782,0.0
2021-05-18,182,183.88,180.25,182.77,1140636,0.0
2021-05-19,182.17,183.27,179.66,181.85,1001757,0.0
2021-05-20,182.06,186.11,181.49,185.3,867218,0.0
2021-05-21,184.83,186.08,183.96,185.53,849644,0.0
2021-05-24,186.05,187.13,185.16,186.24,1398176,0.0
2021-05-25,186.44,188.99,185.13,188.2,1220311,0.0
2021-05-26,188.2,189.86,187.65,188.37,977644,0.0
2021-05-27,188.07,189.51,187.28,189.27,914751,0.0
2021-05-28,190,191.56,189.48,189.5,1168246,0.0
2021-06-01,190.72,191.57,189.52,191.53,967186,0.0
2021-06-02,192,195.4,191.77,195.34,1020273,0.0
2021-06-03,194.8,195.36,193.8,194.97,1144135,0.0
2021-06-04,195.91,197.15,195.1,196.72,700974,0.0
2021-06-07,196.9,198.9,196.23,198.03,821897,0.0
2021-06-08,198.69,199,195.95,196.31,1385459,0.0
2021-06-09,197.26,198.07,195.91,197.09,1436747,0.0
2021-06-10,196.79,200.47,196.355,200.24,2258167,0.0
2021-06-11,198.74,198.92,193.5,194.34,1505131,0.0
2021-06-14,194,197.26,193.56,197.07,690081,0.0
2021-06-15,197,197,195.29,195.46,813345,0.0
2021-06-16,196.24,196.68,193.2506,193.96,904926,0.0
2021-06-17,193.3,197.06,193.02,196.86,848371,0.0
2021-06-18,196.69,196.97,194.17,194.25,1682974,0.0
2021-06-21,195.02,198,193.7,197.65,774869,0.0
2021-06-22,197.18,199.22,197.11,197.12,907833,0.0
2021-06-23,197,197.32,195.615,196.02,618365,0.0
2021-06-24,197.21,197.635,195.05,195.96,774028,0.0
2021-06-25,195.97,197.13,195.74,196.74,927351,0.0
2021-06-28,197.23,198.79,196.1,198.08,997482,0.0
2021-06-29,198.1,199.17,196.6389,197.37,1071035,0.0
2021-06-30,196.01,198.21,194.87,195.1,1099623,0.0
2021-07-01,194.86,195.875,193.36,194.74,1789172,0.0
2021-07-02,195.47,197.46,194.72,196.98,862554,0.0
2021-07-06,197.02,199.72,196.61,199.63,939810,0.0
2021-07-07,199.63,201.77,198.68,200.83,1185406,0.0
2021-07-08,200.29,202.46,199.35,200.71,703806,0.0
2021-07-09,201.42,201.86,200.02,201.7,937307,0.0
2021-07-12,201.86,203.39,201.05,203.08,1086843,0.0
2021-07-13,201.65,203.28,200.08,200.39,870444,0.0
2021-07-14,200.82,202.64,200.145,202.03,958197,0.0
2021-07-15,202.49,203.25,201.76,202.15,825794,0.0
2021-07-16,202.17,203.97,202.2201,203.1,525566,0.0
2021-07-19,200.64,204.3599,200.28,202.15,1052179,0.0
2021-07-20,202.9,204.6179,202.06,203.27,905529,0.0
2021-07-21,203.16,203.5399,200.66,201.23,1281964,0.0
2021-07-22,190.93,195,189.4,192.22,3079331,0.0
2021-07-23,193.17,194.65,190.65,193.26,1922692,0.0
2021-07-26,192.96,193.28,190.01,192.24,1486879,0.0
2021-07-27,192.53,194.65,191.4,194.56,963611,0.0
2021-07-28,194.74,194.84,191.905,192.93,737181,0.0
2021-07-29,193.89,194.32,190.6,192.83,958448,0.0
2021-07-30,193.06,194.93,192.54,193.13,1396522,0.0
2021-08-02,193.81,195.17,192.6973,193.13,816629,0.0
2021-08-03,193.23,194.87,192.51,194.84,831139,0.0
2021-08-04,195.3,195.72,192.81,195.08,1040037,0.0
2021-08-05,195.97,196,192.64,194.46,816024,0.0
2021-08-06,193.21,195.38,193.02,194.85,747683,0.0
2021-08-09,194.7,195.28,193.63,194.23,699321,0.0
2021-08-10,194.8,195,190.87,190.98,841136,0.0
2021-08-11,191.85,192.79,191,191.95,650525,0.0
2021-08-12,192.33,194.02,191.52,193.31,556609,0.0
2021-08-13,194,194.91,193.16,194.78,476763,0.0
2021-08-16,195,196.069,193.9,195.01,961172,0.0
2021-08-17,194.72,197.66,194.45,196.84,873296,0.0
2021-08-18,196.52,196.54,193.99,194.03,792387,0.0
2021-08-19,194.22,198.41,193.32,197.96,822366,0.0
2021-08-20,197.55,200.385,196.78,198.09,1045329,0.0
2021-08-23,199.06,198.72,195.57,195.94,873091,0.0
2021-08-24,196.11,196.12,192.3,192.5,1112155,0.0
2021-08-25,192.51,192.58,189.93,190.32,1195054,0.0
2021-08-26,190.61,191.79,189.45,189.7,1418049,0.0
2021-08-27,190.4,191.28,189.35,191,1224407,0.0
2021-08-30,191.03,192.75,190.68,192.31,1177489,0.0
2021-08-31,192.77,194.94,191.03,194.7,1169292,0.0
2021-09-01,194.87,198.16,194.46,197.95,921161,0.0
2021-09-02,198.04,198.5,195.57,197.93,1146736,0.0
2021-09-03,197.51,198.64,194.54,198.52,957062,0.0
2021-09-07,198.5,198.5,193.83,195.56,881919,0.0
2021-09-08,194,197.25,193.43,196.53,1298875,0.0
2021-09-09,196.02,196.285,192.32,192.46,1187738,0.0
2021-09-10,190.85,191.4,187.59,188.36,1311982,0.0
2021-09-13,189.75,191.08,188.58,189.87,1162065,0.0
2021-09-14,189.87,190.82,188.55,189.25,1072751,0.0
2021-09-15,189.93,190.52,188.48,188.7,1240399,0.0
2021-09-16,188.34,189.86,186.7,189.29,743841,0.0
2021-09-17,188.07,189.84,187.595,188.44,1494138,0.0
2021-09-20,187.48,189.45,185.26,187.17,927254,0.0
2021-09-21,187.97,189.52,187.22,187.66,846098,0.0
2021-09-22,188.2,188.87,187.15,187.4,775888,0.0
2021-09-23,187.45,187.92,183.31,184.36,1126711,0.0
2021-09-24,184,184.86,180.49,182.11,1304376,0.0
2021-09-27,182.66,182.66,176.94,177.25,1896358,0.0
2021-09-28,175.51,176.79,173.49,175.07,2392974,0.0
2021-09-29,175.79,176.974,174.7,175.78,1157407,0.0
2021-09-30,176.39,176.72,173.14,173.28,1270670,0.0
2021-10-01,173.83,174.58,172.33,173.08,1054473,0.0
2021-10-04,172.35,174.575,171.78,173.68,1198750,0.0
2021-10-05,173.8,174.09,171.15,172.43,1210659,0.0
2021-10-06,171.7,174.55,170.27,174.33,957489,0.0
2021-10-07,175.01,176.77,172.59,172.85,777544,0.0
2021-10-08,172.74,172.74,169.47,169.81,787573,0.0
2021-10-11,169.54,170.595,168.25,168.74,950507,0.0
2021-10-12,169.4,171.25,168.56,170.59,1096056,0.0
2021-10-13,169.33,170.36,166.3053,169.72,2127417,0.0
2021-10-14,170.17,171.945,169.56,171.3,1789041,0.0
2021-10-15,172.31,171.93,167.37,168.84,1687367,0.0
2021-10-18,168.6,168.915,166.75,167.8,1345364,0.0
2021-10-19,170.41,173.25,169.49,172.88,2352794,0.0
2021-10-20,173,175.17,172.9,175.17,2172917,0.0
2021-10-21,173.15,178.12,171.53,178,2616912,0.0
2021-10-22,178,179.95,176.91,179.12,2191876,0.0
2021-10-25,178.74,178.94,176.37,177.7,1716728,0.0
2021-10-26,178.09,180.56,177.66,180.11,1361678,0.0
2021-10-27,181.75,182.41,177.94,178.19,2066906,0.0
2021-10-28,178.45,182.22,177.73,181.9,1866662,0.0
2021-10-29,180.54,182.95,179.18,180.33,1859320,0.0
2021-11-01,181.03,181.87,178.76,181.47,1313770,0.0
2021-11-02,182,183.48,179.6,182.8,1261179,0.0
2021-11-03,183.55,184.74,180.91,182.89,1155271,0.0
2021-11-04,183.17,183.63,180.41,181.13,945518,0.0
2021-11-05,181.99,182.97,179.87,180.12,928398,0.0
2021-11-08,180.58,181.1,177.1601,179.96,1324743,0.0
2021-11-09,179.54,181.59,179.61,180.85,1401555,0.0
2021-11-10,180.85,182.42,179.52,180.41,1044618,0.0
2021-11-11,180.49,180.97,178.61,180.66,1169503,0.0
2021-11-12,181.18,181.52,180.05,180.8,925660,0.0
2021-11-15,180.67,182.84,179.72,182.82,929924,0.0
2021-11-16,183.26,184.26,179.995,180.2,1161572,0.0
2021-11-17,180.21,185.64,179.87,184.72,1797947,0.0
2021-11-18,184.74,184.91,181.25,183.33,1064217,0.0
2021-11-19,184.65,185.37,182.76,183.74,945145,0.0
2021-11-22,183.75,184.07,180.525,181.93,850169,0.0
2021-11-23,181.36,184.26,181.36,183.67,736110,0.0
2021-11-24,184.04,186.76,182.38,186.72,854885,0.0
2021-11-26,185.73,187.84,183.09,183.64,663414,0.0
2021-11-29,183.5,187,181.8,185.77,1009026,0.0
2021-11-30,184.99,186.37,181.44,181.66,1276468,0.0
2021-12-01,182.6,186.07,180.47,180.48,1046339,0.0
2021-12-02,182.27,187.5062,181.53,185.71,1135479,0.0
2021-12-03,186.02,186.725,183.2,184.78,954160,0.0
2021-12-06,185.54,189.1284,184.82,187.83,1665017,0.0
2021-12-07,188.88,192.5,188.805,192.14,1473594,0.0
2021-12-08,191.82,193.78,190.41,191.57,1791453,0.0
2021-12-09,190.5,191.8,188.83,189.63,1051213,0.0
2021-12-10,189.9,193.53,188.84,193.23,1336951,0.0
2021-12-13,193,199.22,193,198.7,650608,0.0
2021-12-14,196.77,196.99,192.66,195,1099496,0.0
2021-12-15,196.01,197.66,194.6735,197.02,816049,0.0
2021-12-16,197.24,200.97,196.71,200.45,1394537,0.0
2021-12-17,200.73,204.15,199.8,201.33,2274265,0.0
2021-12-20,200,202.64,198.6076,202.15,819013,0.0
2021-12-21,202.95,203.83,197.56,198.55,1196859,0.0
2021-12-22,199.29,199.84,198.13,199.59,935198,0.0
2021-12-23,199.64,200.65,198.16,199.38,758298,0.0
2021-12-27,200.57,204.92,199.73,204.75,677678,0.0
2021-12-28,204.01,206.84,204.05,206.25,940488,0.0
2021-12-29,206.04,207.73,204.6872,207.3,521499,0.0
2021-12-30,208,208.69,206.71,207.88,585320,0.0
2021-12-31,208.3,209.865,207.54,208.64,439197,0.0
2022-01-03,209.65,209,203.78,207.57,1142287,0.0
2022-01-04,207.14,208.25,201.9,202.12,1491885,0.0
2022-01-05,198.9,198.9,187.87,188.52,2904102,0.0
2022-01-06,189.52,193.25,185.25,192.46,2256343,0.0
2022-01-07,192.69,197.23,191.26,194.74,1868962,0.0
2022-01-10,192.61,192.61,188.11,190.65,1350992,0.0
2022-01-11,190.95,190.95,185.975,187.62,2050732,0.0
2022-01-12,187.42,190.7612,187,189.43,1788024,0.0
2022-01-13,189.52,190.18,186.78,187.37,1143532,0.0
2022-01-14,186.95,187.31,181.81,184.15,1125194,0.0
2022-01-18,182.17,184.77,181.29,184,1157724,0.0
2022-01-19,184.82,186.8,183.15,183.21,1200550,0.0
2022-01-20,183.71,186.31,181.3184,181.66,1089736,0.0
2022-01-21,183,185.0178,181.3384,182.23,1155927,0.0
2022-01-24,181.29,184.13,177.8,183.69,1585497,0.0
2022-01-25,181.63,183.87,179.78,182.2,1172054,0.0
2022-01-26,183.3,184.4238,175.81,176.86,2060382,0.0
2022-01-27,177.5,178,170.08,171.67,2036777,0.0
2022-01-28,175.02,180.78,172.07,180.78,1644470,0.0
2022-01-31,179.7,182.74,178.745,182.52,1688961,0.0
2022-02-01,181.96,182.85,178.61,180.53,1185052,0.0
2022-02-02,181.49,184.63,181.0901,183.98,963824,0.0
2022-02-03,182.8,183.627,181.39,181.78,745218,0.0
2022-02-04,179.61,182.75,178.5,180.27,739354,0.0
2022-02-07,180.54,182.52,180.04,180.89,827899,0.0
2022-02-08,180.78,181.26,177.25,177.49,1511075,0.0
2022-02-09,179.28,181.11,178.57,179.71,2466666,0.0
2022-02-10,177.1,178.881,172.44,173.08,1569553,0.0
2022-02-11,173.24,174.401,167.67,168.88,2244038,0.0
