Date,Open,High,Low,Close,volume,trade_count,vwap
2020-12-31,21.62,21.79,20.9,21.66,25679255,105911,21.454741
2021-01-04,21.64,21.71,20.04,20.38,40642471,204802,20.511023
2021-01-05,20.2,20.85,20.15,20.6,32464370,130760,20.504059
2021-01-06,20.55,20.915,20.16,20.4,35297223,140454,20.517781
2021-01-07,20.48,21.28,20.47,20.74,28989036,119661,20.933818
2021-01-08,20.85,21.02,20.18,20.47,30369968,139485,20.455014
2021-01-11,20.1,20.44,19.63,20.14,31268949,155950,20.06757
2021-01-12,20.05,20.14,19.61,20.13,33169457,154266,19.866529
2021-01-13,19.8,20.205,19.68,20.1,24793691,116843,19.96319
2021-01-14,20.51,21.55,20.45,20.92,46177603,183156,21.096517
2021-01-15,20.8,21.3993,20.5682,20.79,33962409,145728,20.924785
2021-01-19,21.03,21.255,20.61,20.87,21273465,112032,20.985098
2021-01-20,21.01,21.21,20.59,20.78,21272484,99848,20.813393
2021-01-21,20.7,20.88,20.32,20.74,20241739,107233,20.600704
2021-01-22,20.31,20.425,20.04,20.22,24753689,119044,20.214449
2021-01-25,19.8,19.8097,18.73,19.22,55843404,264244,19.168206
2021-01-26,19.3,19.51,18.62,18.72,44110744,197360,18.904287
2021-01-27,18.4,19.415,17.96,18.98,50581068,267796,18.854132
2021-01-28,20.02,20.67,19.655,19.74,59773217,331429,20.15092
2021-01-29,19.61,19.81,18.38,18.67,50346188,281687,18.888417
2021-02-01,18.98,19.13,18.41,18.8,27139176,152568,18.747217
2021-02-02,19.23,19.6,18.98,19.45,27697152,144118,19.342488
2021-02-03,19.64,20.49,19.4397,20.44,33549115,160757,20.153038
2021-02-04,21.0,21.325,20.66,21.05,32541713,161269,20.984886
2021-02-05,21.35,21.7482,21.13,21.31,29887319,148991,21.442962
2021-02-08,21.6,21.81,21.245,21.61,22167708,119867,21.537362
2021-02-09,21.36,21.42,20.68,21.05,26144120,137354,20.971662
2021-02-10,21.14,21.65,20.87,20.93,27930882,137270,21.186702
2021-02-11,20.89,21.13,20.46,20.72,22698383,114332,20.779098
2021-02-12,20.1,20.83,20.05,20.6,25063700,120297,20.501426
2021-02-16,21.14,22.56,20.96,22.47,55038113,253150,21.9858
2021-02-17,22.27,24.0599,21.88,23.2,59928838,287004,23.237878
2021-02-18,22.95,23.15,22.38,22.89,26607087,137240,22.748054
2021-02-19,23.61,24.72,23.48,24.59,52483257,236467,24.386883
2021-02-22,25.11,27.33,24.65,25.97,87361904,435410,26.318764
2021-02-23,25.1,26.725,23.46,26.46,115819546,532037,25.575147
2021-02-24,27.06,28.18,26.73,27.01,92985324,430262,27.404582
2021-02-25,27.89,28.2392,25.07,25.47,71020522,373486,26.235873
2021-02-26,25.89,26.86,25.2713,26.75,58096615,268917,26.270549
2021-03-01,27.21,27.915,26.02,26.31,59659206,310715,26.950234
2021-03-02,26.94,27.845,26.5401,27.59,49295032,222002,27.309254
2021-03-03,28.35,29.59,28.18,28.67,71576010,369519,28.905337
2021-03-04,29.03,29.43,26.23,27.4,74098246,414250,27.700107
2021-03-05,27.06,27.16,23.26,26.09,83747365,471244,25.37125
2021-03-08,27.04,27.27,25.795,26.69,48041739,236969,26.595843
2021-03-09,26.96,27.8483,25.8,27.58,42549099,204773,26.880891
2021-03-10,27.45,28.42,26.67,26.7,41997576,226260,27.198234
2021-03-11,27.0,27.77,26.48,27.47,33297291,172381,27.379007
2021-03-12,27.29,28.5,27.29,28.46,32492798,177745,28.161978
2021-03-15,29.0,30.12,28.9,29.79,53603606,303863,29.578967
2021-03-16,29.97,29.98,27.85,28.25,51043880,285040,28.673475
2021-03-17,28.12,28.95,27.8183,28.93,30463288,188443,28.450519
2021-03-18,29.5,29.74,28.02,28.27,47106754,270964,28.897818
2021-03-19,28.48,29.09,27.1302,28.96,41507327,211188,28.40975
2021-03-22,28.29,28.47,27.35,27.48,33792050,204730,27.798176
2021-03-23,27.0,27.34,25.18,25.33,51242247,308786,25.92158
2021-03-24,26.25,27.37,24.15,24.85,72339374,373952,25.807682
2021-03-25,23.88,26.035,23.72,25.85,47084989,245347,25.097685
2021-03-26,26.12,26.51,25.21,26.06,28542051,154033,25.843981
2021-03-29,26.05,26.1399,25.25,25.63,19988944,120811,25.692064
2021-03-30,25.73,26.83,25.6601,26.65,23735639,122754,26.392219
2021-03-31,26.58,26.8,25.91,26.54,21560443,120659,26.40243
2021-04-01,27.0,27.1,26.5327,26.86,19612982,112154,26.813984
2021-04-05,27.8,28.73,27.69,28.11,40089338,201864,28.244679
2021-04-06,28.17,29.0866,27.85,28.6,35514960,177676,28.570189
2021-04-07,29.46,30.6259,28.87,29.0,70900268,344317,29.732761
2021-04-08,29.08,29.13,27.82,28.56,37829231,196969,28.391801
2021-04-09,28.69,29.575,28.489,29.3,35817555,198151,29.12838
2021-04-12,28.9,29.08,27.48,27.75,38347947,212031,27.913756
2021-04-13,27.1,27.94,26.73,27.82,26321224,151552,27.410891
2021-04-14,28.04,28.7497,27.85,27.94,23135920,131954,28.244141
2021-04-15,28.15,28.2,27.12,27.32,23238995,139496,27.399283
2021-04-16,27.5,27.79,26.82,27.03,20512992,126875,27.115745
2021-04-19,27.1,27.27,26.385,26.89,21407615,128224,26.920949
2021-04-20,26.5,26.5098,25.12,25.72,30250371,186277,25.672049
2021-04-21,25.65,27.35,25.245,27.33,31310585,164221,26.64906
2021-04-22,26.97,27.9,26.77,26.91,29657331,169747,27.335538
2021-04-23,27.03,27.41,26.565,27.27,19329517,106687,27.168947
2021-04-26,27.82,28.5,27.31,27.55,20016450,113264,27.699008
2021-04-27,27.55,27.88,27.14,27.81,18058906,91454,27.633399
2021-04-28,27.71,28.265,27.57,27.8,17000004,94505,27.850729
2021-04-29,28.79,29.138,27.13,27.21,40210550,199562,28.027419
2021-04-30,27.0,28.01,26.87,27.96,21611418,116012,27.65292
2021-05-03,28.03,28.355,27.53,27.93,21818455,125620,28.033717
2021-05-04,27.5,27.56,26.2,26.68,33512095,203928,26.595598
2021-05-05,26.78,27.31,26.37,26.52,25636586,143340,26.703447
2021-05-06,26.5,26.83,25.52,25.95,25262160,162035,25.926523
2021-05-07,25.99,26.86,25.88,26.76,20193240,122960,26.578711
2021-05-10,26.79,26.83,26.23,26.27,17586124,116408,26.514828
2021-05-11,25.36,26.12,25.09,25.88,28054532,155972,25.699974
2021-05-12,25.5,25.84,24.68,24.78,23897683,147508,25.196096
2021-05-13,24.96,25.6,24.29,25.12,27906079,152730,25.010051
2021-05-14,25.53,27.26,25.51,27.2,35517431,183341,26.698408
2021-05-17,27.2,27.6,26.785,27.52,29753394,162717,27.222515
2021-05-18,27.65,28.62,27.42,28.0,33424833,164674,28.232384
2021-05-19,27.0,27.8,26.74,27.68,26322355,141739,27.336739
2021-05-20,27.63,27.68,26.9619,27.53,24020834,119991,27.305583
2021-05-21,27.89,28.04,27.155,27.17,20551460,100393,27.51689
2021-05-24,27.38,28.15,26.9,27.9,26473252,132437,27.730318
2021-05-25,28.25,29.37,28.23,28.58,38680522,202053,28.763223
2021-05-26,28.82,29.42,28.625,29.37,24530155,128527,29.130446
2021-05-27,29.53,30.0,29.22,30.0,30291763,152661,29.641902
2021-05-28,29.95,30.065,29.41,29.56,25635761,134420,29.725082
2021-06-01,30.12,30.75,29.91,30.15,36825675,186852,30.333182
2021-06-02,30.24,31.5,29.93,31.31,36078655,187088,30.981565
2021-06-03,31.04,31.3,30.35,30.67,24269757,144230,30.753926
2021-06-04,30.95,31.105,30.25,30.54,19384111,109211,30.610517
2021-06-07,30.75,31.455,30.65,30.89,24165631,137944,31.067859
2021-06-08,30.96,31.52,30.61,31.08,25061690,128954,31.003168
2021-06-09,31.19,31.35,30.43,30.45,18466110,101116,30.886649
2021-06-10,30.66,30.77,29.41,29.83,30468212,154031,29.918014
2021-06-11,29.5,30.04,29.29,29.93,20193376,110395,29.731387
2021-06-14,29.82,29.98,28.63,28.75,24529844,133473,29.092466
2021-06-15,28.8,29.39,28.41,28.61,19065800,106729,28.707657
2021-06-16,28.93,29.485,28.69,29.28,25412627,135830,29.113415
2021-06-17,29.28,29.72,28.41,28.42,25967090,145065,28.857598
2021-06-18,28.21,28.515,27.725,28.18,26723120,142769,28.197366
2021-06-21,28.33,28.7,27.91,28.67,21864235,116365,28.309239
2021-06-22,28.55,28.69,27.795,28.06,18369090,107153,28.151572
2021-06-23,28.09,28.49,28.0208,28.15,17891103,101301,28.179405
2021-06-24,28.13,28.535,27.39,27.46,31268922,168154,27.733166
2021-06-25,27.6,28.23,27.52,28.13,31558831,123993,27.968856
2021-06-28,27.35,27.53,26.0,26.15,63771000,355394,26.449049
2021-06-29,26.18,26.49,25.76,25.78,33283789,172055,25.991924
2021-06-30,25.76,26.48,25.69,26.36,22806711,120241,26.239815
2021-07-01,26.5,26.85,26.12,26.36,19318141,101115,26.443369
2021-07-02,26.3,26.3,25.7,26.06,20492241,109071,25.978938
2021-07-06,26.1,26.2784,24.93,25.02,30642777,173451,25.271078
2021-07-07,24.83,25.29,23.87,24.08,36344786,194214,24.306486
2021-07-08,23.35,24.155,22.84,23.72,37039455,196533,23.574552
2021-07-09,24.07,24.34,23.62,24.26,23099927,115274,24.13762
2021-07-12,23.97,24.01,23.555,23.86,23019998,122783,23.832403
2021-07-13,23.53,23.56,22.82,22.85,27115525,135776,23.114378
2021-07-14,23.02,23.36,22.48,22.58,26583889,132509,22.811653
2021-07-15,22.3,22.455,21.37,21.95,43199325,190989,21.906392
2021-07-16,22.23,22.36,20.8,20.92,41457475,179284,21.36183
2021-07-19,19.8,20.295,19.19,19.72,84915178,378303,19.729297
2021-07-20,19.88,21.38,19.62,21.19,68320032,291160,20.673322
2021-07-21,21.67,23.36,21.67,23.19,76726227,310608,22.832965
2021-07-22,22.71,22.88,22.19,22.71,40853993,181657,22.555934
2021-07-23,22.71,22.8,21.89,21.96,32614966,144956,22.152974
2021-07-26,21.8,23.2,21.71,23.16,37036265,163177,22.589831
2021-07-27,22.92,23.33,22.49,22.8,26480719,129253,22.773615
2021-07-28,23.15,23.39,22.2,22.82,27044500,131856,22.748933
2021-07-29,23.08,23.34,22.7,22.71,26431147,120490,22.987518
2021-07-30,22.22,22.68,21.49,21.65,36745905,153374,21.913554
2021-08-02,21.75,22.555,21.355,21.46,34063547,148907,21.864258
2021-08-03,21.55,21.6,20.52,21.43,33233568,156580,21.015069
2021-08-04,20.96,21.69,20.82,21.04,33230856,147568,21.143501
2021-08-05,21.2,22.65,21.14,22.55,32930644,151895,22.172717
2021-08-06,22.85,23.1,22.4101,23.08,30740317,130679,22.857779
2021-08-09,22.87,22.87,21.99,22.71,29934492,125381,22.478431
2021-08-10,22.74,23.85,22.7173,23.65,34875561,133474,23.416497
2021-08-11,23.58,24.01,23.07,23.99,29474461,120741,23.728975
2021-08-12,23.71,23.88,22.96,23.36,29176150,115696,23.270881
2021-08-13,23.3,23.3799,22.74,22.86,21225025,98040,23.053937
2021-08-16,22.56,22.93,21.94,22.79,25782769,110704,22.557634
2021-08-17,22.26,22.5,21.66,22.04,26315154,114744,22.096756
2021-08-18,22.02,22.98,21.675,22.48,31020610,133793,22.526212
2021-08-19,22.04,22.27,21.34,21.66,27903555,129267,21.709667
2021-08-20,21.51,22.02,21.33,21.96,22609154,99859,21.753171
2021-08-23,22.26,22.99,22.24,22.83,23970032,115630,22.704365
2021-08-24,23.2,24.07,23.2,23.84,32771849,141608,23.755123
2021-08-25,24.0,24.32,23.4101,24.11,30570385,121974,24.084274
2021-08-26,23.85,24.32,23.24,23.47,28723062,124553,23.748991
2021-08-27,23.57,24.57,23.54,24.35,36659597,132591,24.202554
2021-08-30,24.57,24.64,23.6,23.63,27621173,123569,23.812932
2021-08-31,23.54,24.19,23.5,24.14,28491938,118776,23.945207
2021-09-01,24.24,24.415,23.3111,23.51,31854989,115220,23.760907
2021-09-02,23.58,24.465,23.1234,24.02,36564205,139818,23.945267
2021-09-03,23.96,24.145,22.635,22.96,44232752,167521,23.151174
2021-09-07,22.7,23.5958,22.56,23.56,33567192,128076,23.282537
2021-09-08,23.57,23.81,22.76,22.78,24531317,111224,23.095221
2021-09-09,22.8,23.72,22.62,23.28,27179819,124486,23.29593
2021-09-10,23.4,23.5,22.72,22.75,25422726,113417,23.005997
2021-09-13,23.0,23.48,22.24,23.31,36342838,140669,23.045827
2021-09-14,23.2,23.5,22.7,22.86,24541562,118722,22.962836
2021-09-15,22.75,23.18,22.36,23.17,21542478,96117,22.807547
2021-09-16,23.11,23.4268,22.915,23.09,19302156,89965,23.150142
2021-09-17,23.14,23.84,23.14,23.55,33585020,120962,23.544664
2021-09-20,23.18,23.4,22.62,23.24,32113499,152014,23.021592
2021-09-21,23.42,23.685,22.864,22.96,25590414,114557,23.160739
2021-09-22,23.17,23.93,23.17,23.61,32136938,146211,23.639552
2021-09-23,24.0,25.06,23.8987,24.69,48832050,198569,24.662343
2021-09-24,24.8,25.95,24.6,25.44,48626910,216439,25.39258
2021-09-27,26.0,27.39,25.92,26.38,57845751,238510,26.68389
2021-09-28,26.5,26.99,26.11,26.17,34580558,153627,26.395612
2021-09-29,26.45,26.49,25.48,25.52,27272697,124572,25.811251
2021-09-30,25.4,25.51,24.73,25.01,28478673,135799,24.989585
2021-10-01,26.11,26.565,25.6701,26.09,36795629,179775,26.024598
2021-10-04,26.16,26.419,25.235,25.34,33323784,150842,25.691864
2021-10-05,25.53,26.01,25.27,25.42,26130045,108305,25.584334
2021-10-06,25.02,25.14,24.36,24.9,36737224,137134,24.727262
2021-10-07,25.22,25.28,24.4,24.49,26204619,108326,24.758446
2021-10-08,24.54,24.695,23.76,23.83,31993735,126004,24.131524
2021-10-11,23.71,24.44,23.42,23.88,26584966,109158,24.029383
2021-10-12,23.91,24.37,23.81,24.33,25748176,98635,24.156609
2021-10-13,24.4,24.4,23.61,23.65,28517524,105090,23.839903
2021-10-14,23.88,24.0,23.575,23.73,19382566,86789,23.807559
2021-10-15,24.08,24.415,23.625,23.67,22269289,94484,23.97149
2021-10-18,23.5,23.6,22.82,23.13,36891567,160422,23.05253
2021-10-19,22.94,23.06,22.27,22.34,50715300,190740,22.498262
2021-10-20,22.37,22.77,22.14,22.44,26900506,111190,22.45072
2021-10-21,22.51,22.895,22.215,22.33,26734593,94986,22.483066
2021-10-22,22.2,22.335,21.85,22.29,28963103,109969,22.116261
2021-10-25,21.79,22.17,21.715,22.05,25867048,112086,21.961607
2021-10-26,22.13,22.465,21.66,21.82,25250021,112087,22.049804
2021-10-27,21.88,22.0,21.61,21.64,20653380,92623,21.759351
2021-10-28,21.55,22.08,21.31,21.97,22915769,103642,21.745177
2021-10-29,22.0,22.47,21.77,22.16,26615556,112833,22.045883
2021-11-01,22.3,23.1,22.01,23.07,27208576,113621,22.741968
2021-11-02,22.98,23.065,22.55,22.91,21535354,95241,22.793261
2021-11-03,22.65,23.33,22.57,23.17,22990798,107352,23.119669
2021-11-04,23.33,23.4889,22.725,22.88,20186033,91157,22.983314
2021-11-05,24.5,25.29,24.1,24.79,67576757,305616,24.670719
2021-11-08,24.9,25.07,24.449,24.59,33319827,171090,24.735569
2021-11-09,24.5,24.54,23.71,24.17,22660954,115282,24.075972
2021-11-10,23.77,24.34,23.3101,23.49,21505013,97930,23.76048
2021-11-11,23.34,23.63,22.97,23.02,19702882,87994,23.210532
2021-11-12,22.94,22.95,22.06,22.36,37313919,158030,22.407086
2021-11-15,22.52,22.72,22.14,22.3,22512617,110974,22.348154
2021-11-16,22.0,22.14,21.33,21.59,40284831,195701,21.586869
2021-11-17,21.59,21.845,20.98,21.33,30077607,151512,21.342783
2021-11-18,21.45,21.58,20.57,20.95,26830852,134527,20.930847
2021-11-19,20.36,20.9,19.86,20.49,49138843,212904,20.366867
2021-11-22,20.45,20.91,20.15,20.33,29800763,143087,20.477543
2021-11-23,20.57,20.83,20.01,20.15,26263261,110368,20.250828
2021-11-24,20.0,20.65,19.76,20.16,30377515,117249,20.248242
2021-11-26,18.0,18.28,17.2,17.95,84113552,342211,17.805159
2021-11-29,18.84,19.24,17.6939,18.16,58043002,254930,18.256165
2021-11-30,17.84,17.9,17.11,17.62,60058395,238529,17.498572
2021-12-01,18.12,18.49,16.32,16.38,82602350,330078,17.219555
2021-12-02,16.75,17.99,16.35,17.89,76610190,297375,17.403985
2021-12-03,17.7,17.8,16.84,17.2,59334789,248263,17.247386
2021-12-06,17.56,19.19,17.4,18.59,78094604,316643,18.599201
2021-12-07,18.85,19.28,18.32,18.5,62768130,229737,18.799911
2021-12-08,18.74,20.04,18.535,19.52,69748485,255935,19.563118
2021-12-09,19.0,19.6,18.89,19.19,38092738,144387,19.208162
2021-12-10,19.2,19.36,18.68,19.28,33159020,136973,19.103905
2021-12-13,18.72,18.845,17.91,18.34,39608068,184834,18.260355
2021-12-14,18.02,18.84,18.01,18.15,38250526,151500,18.3646
2021-12-15,17.99,18.08,17.24,17.89,45921739,201913,17.632562
2021-12-16,18.0,18.25,17.455,17.57,45541036,200850,17.80265
2021-12-17,17.57,18.47,17.41,18.28,49109657,203298,18.123482
2021-12-20,17.66,19.29,17.61,18.9,57193286,260214,18.702008
2021-12-21,19.29,20.73,19.26,20.54,69168817,269812,20.318035
2021-12-22,20.55,21.5,20.029,21.25,62870978,225533,21.084261
2021-12-23,21.5,21.78,20.88,21.2,38979224,155484,21.199962
2021-12-27,20.15,21.13,20.03,20.95,37276949,150925,20.752975
2021-12-28,20.67,21.8,20.51,20.9,39740644,161370,21.240358
2021-12-29,20.62,20.9,20.28,20.79,30305328,125669,20.666049
2021-12-30,20.97,21.51,20.27,20.53,49110519,212243,20.850016
2021-12-31,20.64,20.773,20.02,20.12,29356858,119909,20.265498
2022-01-03,20.56,21.74,20.4308,21.41,38873385,176240,21.315049
2022-01-04,22.0,22.38,21.51,21.73,44773296,185612,21.824818
2022-01-05,21.79,22.17,21.06,21.17,31753393,137433,21.583871
2022-01-06,21.7,21.985,21.02,21.07,31431032,143108,21.372715
2022-01-07,21.33,22.29,21.12,21.9,37093687,156662,21.840228
2022-01-10,22.0,22.13,20.96,21.4,32682504,147178,21.341856
2022-01-11,21.4,22.2226,21.11,21.98,29608014,126150,21.832556
2022-01-12,22.18,22.46,21.8,22.31,33589854,143927,22.195817
2022-01-13,22.45,23.3,22.37,22.9,43235276,180973,22.964965
2022-01-14,22.7,22.95,22.2699,22.95,28239867,125434,22.637711
2022-01-18,22.62,22.76,21.9101,21.98,29815380,132010,22.273143
2022-01-19,21.94,21.96,21.18,21.22,27852364,124357,21.579467
2022-01-20,21.24,21.975,20.73,20.8,25293577,115704,21.380868
2022-01-21,20.62,20.69,19.78,19.99,41119734,190779,20.216624
2022-01-24,19.01,19.75,18.245,19.74,51317754,254958,18.96866
2022-01-25,19.25,20.4,19.09,20.2,36419651,172475,19.837118
2022-01-26,20.57,21.1,20.04,20.29,39786300,172152,20.585695
2022-01-27,20.42,20.71,18.94,19.11,42344471,178363,19.64136
2022-01-28,19.22,19.28,18.28,18.97,50088833,225348,18.711604
2022-01-31,18.75,19.87,18.15,19.81,50954827,203507,19.401627
2022-02-01,19.93,21.07,19.86,20.93,38831560,179051,20.672456
2022-02-02,20.72,21.24,20.43,20.85,30698149,130590,20.881655
2022-02-03,20.53,20.96,20.33,20.34,27527388,118748,20.58457
2022-02-04,20.05,20.235,19.5611,19.96,33241454,151199,19.880741
2022-02-07,20.11,21.74,20.11,21.52,40965491,174726,21.172165
2022-02-08,21.72,22.58,21.47,22.55,41577820,180804,22.218994
2022-02-09,22.9,23.36,22.76,23.19,38878183,169949,23.090718
2022-02-10,22.87,23.8564,22.6,23.12,41376955,187668,23.3726
2022-02-11,23.15,23.64,21.99,22.04,48576197,193725,22.710402
2022-02-14,22.0,22.52,21.27,21.36,34762320,155217,21.751124
2022-02-15,22.2,22.87,22.05,22.78,31130316,137400,22.620097
2022-02-16,22.78,23.64,22.62,23.31,39766272,161956,23.285326
2022-02-17,22.91,23.1799,22.27,22.42,24801460,111376,22.649563
2022-02-18,22.42,22.77,21.96,22.17,28968217,124922,22.246594
2022-02-22,21.55,22.19,21.35,21.51,33548227,148959,21.698993
2022-02-23,21.88,22.0,20.19,20.21,35715229,161178,20.823652
2022-02-24,18.89,20.705,18.65,20.63,49856990,270613,19.730424
2022-02-25,20.7,21.395,20.29,21.1,32078396,145633,20.792214
2022-02-28,20.63,20.785,19.82,20.33,46290363,200679,20.263932
2022-03-01,19.96,20.03,18.61,18.86,53529695,250454,19.030847
2022-03-02,19.12,19.59,18.69,19.02,40373408,170094,19.038569
2022-03-03,19.31,19.7144,18.11,18.27,39332791,194694,18.483506
2022-03-04,17.81,18.07,17.0201,17.23,54758655,240933,17.412754
2022-03-07,17.23,17.48,15.52,15.53,66480513,311762,16.242518
2022-03-08,15.68,16.55,14.94,15.88,66257345,332439,15.739027
2022-03-09,16.865,17.78,16.85,17.27,55059469,274773,17.408652
2022-03-10,16.76,18.23,16.71,17.65,42058808,202707,17.574187
2022-03-11,18.0,18.0,17.18,17.21,27694088,133948,17.490454
2022-03-14,17.3,17.88,16.84,17.12,30026769,152610,17.280133
2022-03-15,17.34,18.19,17.34,18.04,40272784,182960,17.855909
2022-03-16,18.28,19.4399,18.09,19.33,49765271,224810,18.851828
2022-03-17,18.72,19.16,18.22,19.15,37785514,160527,18.748463
2022-03-18,18.85,19.54,18.68,19.46,31542317,129989,19.315282
2022-03-21,19.21,19.21,18.59,18.95,32007387,154061,18.853654
2022-03-22,18.6,19.3,18.37,18.93,43304013,174341,18.856241
2022-03-23,18.75,18.895,18.235,18.3,27141094,113317,18.491068
2022-03-24,18.31,18.52,17.83,18.49,30950806,134918,18.205085
2022-03-25,18.45,18.75,18.23,18.39,25904159,110938,18.441332
2022-03-28,18.62,19.43,18.515,19.4,32502537,141933,19.131423
2022-03-29,20.0,20.395,19.67,19.93,40091636,182476,20.002651
2022-03-30,19.59,19.92,19.45,19.6,24681663,125627,19.669036
2022-03-31,19.67,20.54,19.51,20.22,42334323,173957,20.210657
2022-04-01,20.35,20.46,19.68,20.05,27784496,123340,19.941848
2022-04-04,19.92,19.94,19.35,19.74,25616785,117171,19.70151
2022-04-05,20.68,21.5,20.14,20.22,68166488,265344,20.723435
2022-04-06,19.86,19.89,18.86,18.93,44698080,205769,19.121762
2022-04-07,18.87,18.92,18.06,18.74,42339726,186623,18.516959
2022-04-08,18.59,18.73,18.04,18.34,28699262,125275,18.429957
2022-04-11,18.13,19.02,17.985,18.54,27758726,127848,18.595506
2022-04-12,18.72,18.95,18.355,18.51,23350684,110967,18.670844
2022-04-13,18.8,19.64,18.78,19.51,35375863,156144,19.369384
2022-04-14,19.75,20.0884,19.45,19.56,25280520,115046,19.695129
2022-04-18,19.39,19.59,18.965,19.04,18623103,85236,19.194964
2022-04-19,19.11,20.08,19.11,19.91,28691956,118503,19.78815
2022-04-20,20.08,20.33,19.62,19.62,21166156,96181,19.879713
2022-04-21,20.5,20.625,19.39,19.51,37658371,144237,19.969655
2022-04-22,19.46,19.68,18.75,18.84,25608479,120147,19.134139
2022-04-25,18.75,18.89,18.34,18.88,26982477,121853,18.677956
2022-04-26,18.84,18.88,17.43,17.5,44269343,166009,17.850171
2022-04-27,17.5,17.9,17.15,17.41,35832980,146921,17.5019
2022-04-28,17.7,18.0,17.1246,17.83,30772405,125300,17.612772
2022-04-29,17.74,18.2,17.24,17.3,22073541,97118,17.657943
2022-05-02,17.3,17.4776,16.73,17.35,34098597,145837,17.066101
2022-05-03,17.63,17.83,17.11,17.49,28081591,112437,17.4271
2022-05-04,17.42,17.73,16.69,17.73,37586325,153342,17.206248
2022-05-05,17.37,17.54,16.36,16.54,44263292,188068,16.695143
