Date,Open,High,Low,Close,Volume,OpenInterest
2020-12-04,51.75,51.91,51.49,51.71,8029194,0.0
2020-12-07,51.58,52.02,51.24,51.92,7864114,0.0
2020-12-08,51.3,51.8,51.21,51.41,10469964,0.0
2020-12-09,51.62,52.355,51.15,51.25,12404462,0.0
2020-12-10,51.28,51.28,50.25,50.48,12148224,0.0
2020-12-11,50.5674,51.105,50.13,50.93,14709165,0.0
2020-12-14,50.8528,51.27,50.75,50.99,10550282,0.0
2020-12-15,51.38,52.095,51.3,51.52,14488989,0.0
2020-12-16,51.68,52.07,51.01,51.43,9999453,0.0
2020-12-17,51.54,51.88,51.08,51.36,10113564,0.0
2020-12-18,51.56,51.6,50.4,50.9,16220586,0.0
2020-12-21,50.52,50.65,49.48,50.37,11437195,0.0
2020-12-22,50,50.31,49.8,50.03,8309775,0.0
2020-12-23,50.15,50.27,49.65,50.035,10088467,0.0
2020-12-24,50.2,50.44,50.085,50.38,3376118,0.0
2020-12-28,50.78,51.36,50.53,51.11,9302460,0.0
2020-12-29,51.16,51.7277,51.04,51.56,8475636,0.0
2020-12-30,51.69,51.925,51.19,51.21,6921495,0.0
2020-12-31,51.3597,52.48,51.24,52.4,8647408,0.0
2021-01-04,52.28,52.4,49.615,50.5,16601955,0.0
2021-01-05,50.1597,50.295,49.195,49.98,11631544,0.0
2021-01-06,49.12,50.77,49.1,50.56,18871307,0.0
2021-01-07,50.2,50.98,50.1,50.65,12819108,0.0
2021-01-08,50.3588,51.66,50.31,51.55,16187277,0.0
2021-01-11,51.735,51.74,50.7279,51.53,15380086,0.0
2021-01-12,51.29,51.545,49.61,50.01,17131061,0.0
2021-01-13,49.62,50.375,49.521,50.15,11473713,0.0
2021-01-14,50.16,50.27,49.435,49.57,13950786,0.0
2021-01-15,49.21,49.26,48.15,48.68,20093414,0.0
2021-01-19,48.67,49.09,48.31,48.85,12315382,0.0
2021-01-20,48.99,49.17,48.66,48.88,11808236,0.0
2021-01-21,48.5,49.27,48.24,49.12,17430370,0.0
2021-01-22,48.84,48.935,48.2628,48.65,10043924,0.0
2021-01-25,48.5,49.13,48.32,48.97,13490528,0.0
2021-01-26,49.1505,50.205,48.88,50.1,18462441,0.0
2021-01-27,49.47,50.23,48.32,48.51,21549403,0.0
2021-01-28,50,52.29,49.78,51.45,22746212,0.0
2021-01-29,50.31,51.2,49.49,49.55,18053563,0.0
2021-02-01,49.86,50.36,49.1,50.15,14621347,0.0
2021-02-02,50.35,51.475,50.07,51.18,14268180,0.0
2021-02-03,51.25,51.53,50.42,50.43,13292607,0.0
2021-02-04,50.33,51.5,50.23,51.46,15538288,0.0
2021-02-05,51.8633,52.07,50.935,51.12,8414226,0.0
2021-02-08,51.06,52.08,51.02,51.87,12426150,0.0
2021-02-09,52,52.99,51.355,52.72,12679074,0.0
2021-02-10,53.04,53.06,52.04,52.76,14620752,0.0
2021-02-11,52.919,53.31,52.51,53.24,9573735,0.0
2021-02-12,53.32,53.6,52.945,53.22,7563750,0.0
2021-02-16,53,53.225,52.535,52.83,9017634,0.0
2021-02-17,52.73,53.25,52.41,53.01,8660108,0.0
2021-02-18,52.68,52.87,52.26,52.56,11423830,0.0
2021-02-19,52.41,52.6,51.77,52.09,11626686,0.0
2021-02-22,51.97,52.86,51.805,52.5,10614084,0.0
2021-02-23,52.8,53.42,52.08,53.35,16636542,0.0
2021-02-24,52.57,53.53,52.57,53.4,15617840,0.0
2021-02-25,53.09,53.41,51.95,52.24,16743156,0.0
2021-02-26,52.27,53.455,51.89,52.67,17495129,0.0
2021-03-01,53.22,54.71,52.88,54.46,13055653,0.0
2021-03-02,54.31,54.78,54.07,54.24,10987539,0.0
2021-03-03,53.9235,54.795,53.64,53.72,19291659,0.0
2021-03-04,53.82,55.25,53.6,53.97,25117450,0.0
2021-03-05,54.69,55.265,53.925,55.04,18338459,0.0
2021-03-08,54.82,55.8265,54.665,55.48,19611204,0.0
2021-03-09,55.47,56.115,55.11,55.57,18682104,0.0
2021-03-10,56.1,57.685,55.77,57.22,19669669,0.0
2021-03-11,56.615,57.7,56.61,56.89,13899348,0.0
2021-03-12,56.8505,57.39,56.21,57.09,12914026,0.0
2021-03-15,57.228,57.59,56.525,57.54,11513502,0.0
2021-03-16,57.5945,58.585,57.37,58.04,12351207,0.0
2021-03-17,57.4,57.88,56.56,57.5,13624015,0.0
2021-03-18,56.68,57.12,55.8,55.86,15816611,0.0
2021-03-19,55.52,56.04,55.27,55.37,18325021,0.0
2021-03-22,55.7,56.52,55.25,56.38,11782709,0.0
2021-03-23,56.46,56.72,56,56.14,11561215,0.0
2021-03-24,56.05,56.505,55.86,55.93,12137950,0.0
2021-03-25,56.1745,56.495,55.43,56.3,14690107,0.0
2021-03-26,56.2,56.56,53.855,55.18,18498571,0.0
2021-03-29,55.0326,55.615,54.17,55.19,15217865,0.0
2021-03-30,55.38,55.52,54.56,55.02,9647493,0.0
2021-03-31,54.78,54.87,53.97,54.13,15797540,0.0
2021-04-01,54.62,55.08,54.23,54.75,14114938,0.0
2021-04-05,54.46,55.115,54.45,54.8,11610964,0.0
2021-04-06,54.38,55.0463,54.14,54.84,11169272,0.0
2021-04-07,55.095,55.12,54.24,54.6,15298163,0.0
2021-04-08,54.58,54.63,54.1,54.34,8474517,0.0
2021-04-09,53.8,53.88,52.455,53.56,15503120,0.0
2021-04-12,53.46,53.7,53.12,53.33,11836425,0.0
2021-04-13,53.43,53.99,53.26,53.87,12587866,0.0
2021-04-14,53.68,53.88,53.15,53.3,9774759,0.0
2021-04-15,53.57,54.5,53.51,54.15,13251353,0.0
2021-04-16,55,55.5,54.59,55.11,14147681,0.0
2021-04-19,54.94,55.01,53.91,54.15,11908323,0.0
2021-04-20,53.79,54.27,53.655,54.17,12381710,0.0
2021-04-21,54.27,54.765,53.77,54.66,12100344,0.0
2021-04-22,54.29,54.74,54.14,54.4,11753416,0.0
2021-04-23,54.31,54.71,53.97,54.39,8730810,0.0
2021-04-26,54.3773,54.58,54.01,54.33,8695825,0.0
2021-04-27,54.46,54.77,54.22,54.3,9350830,0.0
2021-04-28,54.1,54.58,53.95,54.13,10015843,0.0
2021-04-29,55.98,56.49,55.28,56.42,17402093,0.0
2021-04-30,56.44,56.44,54.73,56.16,14547680,0.0
2021-05-03,56.38,56.97,56.17,56.57,11741135,0.0
2021-05-04,56.41,56.85,56.18,56.64,17954300,0.0
2021-05-05,57.01,57.03,56.26,56.46,10157069,0.0
2021-05-06,56.57,57.1,56.45,56.97,10584567,0.0
2021-05-07,57.25,58.415,56.7,58.11,15031307,0.0
2021-05-10,58.22,59.11,57.485,57.53,14434874,0.0
2021-05-11,57.52,57.78,56.95,57.49,12989721,0.0
2021-05-12,56.91,57.135,56.56,56.62,12463200,0.0
2021-05-13,56.59,58.055,56.39,57.37,12450454,0.0
2021-05-14,57.85,58.88,57.38,58.67,12612629,0.0
2021-05-17,58.04,58.27,55.11,55.46,23246062,0.0
2021-05-18,55.75,55.95,54.68,54.95,26940706,0.0
2021-05-19,54.61,54.67,53.67,54.24,15857745,0.0
2021-05-20,54.1228,55.33,54.09,55.045,11176338,0.0
2021-05-21,55.38,55.49,54.92,55.09,12816706,0.0
2021-05-24,55.58,55.765,54.8675,55.66,10381220,0.0
2021-05-25,55.93,56.23,55.5,55.71,9128603,0.0
2021-05-26,55.97,57.53,55.605,56.87,21279405,0.0
2021-05-27,57.01,57.465,56.79,57.41,12146238,0.0
2021-05-28,57.64,57.86,57.215,57.36,9332489,0.0
2021-06-01,57.88,57.92,56.84,56.95,9109586,0.0
2021-06-02,57.03,57.03,56.23,56.7,10571974,0.0
2021-06-03,56.25,56.63,55.845,56.38,8508508,0.0
2021-06-04,56.45,57.21,56.43,57.01,8704063,0.0
2021-06-07,56.73,57.235,56.63,56.92,7448022,0.0
2021-06-08,56.81,56.935,56.13,56.42,8720962,0.0
2021-06-09,56.66,56.915,56.22,56.26,7052048,0.0
2021-06-10,56.39,57.04,56.35,56.6,8923897,0.0
2021-06-11,56.47,56.89,56.42,56.89,6043168,0.0
2021-06-14,56.78,57.29,56.255,57.29,9125172,0.0
2021-06-15,57.51,57.77,57.215,57.32,8253812,0.0
2021-06-16,57.67,58.1,56.84,57.14,11379082,0.0
2021-06-17,56.98,57.87,56.75,57.52,12202212,0.0
2021-06-18,57.18,57.48,56.44,56.71,16607246,0.0
2021-06-21,56.95,57.4,56.86,57.28,8958176,0.0
2021-06-22,57.46,57.805,57.285,57.64,10344436,0.0
2021-06-23,57.41,57.8,54.91,55.49,31157714,0.0
2021-06-24,55.76,56.305,55.6,56.054,16799226,0.0
2021-06-25,55.99,56.6,55.9,56.42,10660395,0.0
2021-06-28,56.63,56.69,55.82,56.08,9818216,0.0
2021-06-29,56.23,57.03,56.17,56.54,9103673,0.0
2021-06-30,56.56,57.14,56.38,57.02,8226583,0.0
2021-07-01,56.97,57.99,56.97,57.75,8186615,0.0
2021-07-02,57.99,58.53,57.83,58.43,7618268,0.0
2021-07-06,58.02,58.27,56.93,57.66,9353243,0.0
2021-07-07,57.98,58.3,57.725,58.19,9314178,0.0
2021-07-08,57.73,58.37,57.41,58.26,17058360,0.0
2021-07-09,58.1,58.71,58.01,58.02,10896512,0.0
2021-07-12,58.16,58.37,57.52,58.26,9003636,0.0
2021-07-13,58.33,58.45,57.7,57.82,9451232,0.0
2021-07-14,58.14,58.18,57.61,57.79,8052883,0.0
2021-07-15,57.57,58.125,57.49,57.96,9425486,0.0
2021-07-16,57.9158,58.35,57.5,57.54,10609378,0.0
2021-07-19,57.56,57.565,56.32,56.63,12684387,0.0
2021-07-20,56.73,57.44,56.52,57.08,12231533,0.0
2021-07-21,56.92,58.11,56.76,57.81,9027253,0.0
2021-07-22,57.83,57.97,56.89,57.77,8589128,0.0
2021-07-23,57.91,58.59,57.78,58.37,6795137,0.0
2021-07-26,58.24,58.77,58,58.7,7362717,0.0
2021-07-27,58.81,59.08,58.28,58.57,7475937,0.0
2021-07-28,58.3,58.54,57.38,57.98,11301415,0.0
2021-07-29,58.84,59.7,58.06,58.1,17169790,0.0
2021-07-30,58.07,59.225,57.9075,58.86,17385885,0.0
2021-08-02,58.84,59.27,58.01,58.45,9572284,0.0
2021-08-03,58.69,58.75,57.24,58.22,8980732,0.0
2021-08-04,58.01,58.43,57.485,57.97,6998835,0.0
2021-08-05,58.3,58.63,58.02,58.34,7298757,0.0
2021-08-06,58.22,58.97,58.1374,58.69,8640175,0.0
2021-08-09,58.66,58.6896,58.03,58.28,6495010,0.0
2021-08-10,58.25,58.46,58.045,58.45,5583190,0.0
2021-08-11,58.72,59.15,58.47,59.1,6782624,0.0
2021-08-12,58.99,59.14,58.59,59.04,6094017,0.0
2021-08-13,59.37,59.5,58.992,59.32,6449385,0.0
2021-08-16,59.16,59.58,58.86,59.22,7761616,0.0
2021-08-17,59.09,59.5,58.81,59.49,10693842,0.0
2021-08-18,59.51,59.68,58.98,59.03,10089208,0.0
2021-08-19,59.07,59.21,58.515,58.95,7842334,0.0
2021-08-20,58.96,59.69,58.7,59.41,7542102,0.0
2021-08-23,59.06,60.12,59,59.8,10126561,0.0
2021-08-24,59.86,60.045,59.4,59.54,8294457,0.0
2021-08-25,59.51,59.82,59.21,59.48,5642438,0.0
2021-08-26,59.59,59.7,58.97,59,6880488,0.0
2021-08-27,59.1,59.51,58.955,59.38,10917002,0.0
2021-08-30,59.23,59.745,59.1,59.72,7479644,0.0
2021-08-31,59.47,60.755,59.41,60.68,12308777,0.0
2021-09-01,61.02,61.52,60.56,61.17,13070127,0.0
2021-09-02,61.37,61.8,61.28,61.74,8636349,0.0
2021-09-03,61.5,61.8,61.33,61.72,6020304,0.0
2021-09-07,61.52,61.567,60.2,60.3,12372846,0.0
2021-09-08,60.26,60.515,60.04,60.15,13034174,0.0
2021-09-09,60.37,60.37,59.43,59.56,8674396,0.0
2021-09-10,59.44,59.845,59.06,59.31,7952631,0.0
2021-09-13,60.03,60.59,59.525,59.97,9470433,0.0
2021-09-14,60.42,60.845,55.395,55.57,49354875,0.0
2021-09-15,55.57,57.68,55.5,56.995,30161220,0.0
2021-09-16,57.2,57.7299,56.4,57.29,13677119,0.0
2021-09-17,56.95,57.65,56.805,57.11,14265029,0.0
2021-09-20,56.81,56.99,55.86,56.5,13684083,0.0
2021-09-21,56.95,57.3,55.745,56.05,11826329,0.0
2021-09-22,56.84,57.055,55.905,55.99,12990402,0.0
2021-09-23,56.09,56.89,55.87,56.15,12504676,0.0
2021-09-24,55.92,56.48,55.75,56.23,8557430,0.0
2021-09-27,55.85,56.33,55.75,56.31,7731083,0.0
2021-09-28,55.65,55.83,54.6,54.75,17262402,0.0
2021-09-29,55.03,56.19,54.71,55.95,13491266,0.0
2021-09-30,56.01,56.92,55.92,55.92,14562286,0.0
2021-10-01,56.08,57.475,56.075,57.21,12484647,0.0
2021-10-04,57.2,57.2,56.52,56.81,11196456,0.0
2021-10-05,56.34,57.31,56.27,56.79,12228193,0.0
2021-10-06,56.43,56.97,55.91,56.9,20960422,0.0
2021-10-07,57.41,57.9599,57.28,57.41,10953122,0.0
2021-10-08,56.9,56.98,54.57,54.72,18270384,0.0
2021-10-11,53.96,54.1,52.17,52.2,27437972,0.0
2021-10-12,52.3,52.63,51.505,52.33,23032058,0.0
2021-10-13,53.24,53.3,52.105,52.71,15741718,0.0
2021-10-14,52.97,54.31,52.7701,53.98,16218880,0.0
2021-10-15,54.25,54.54,53.69,54.02,14252102,0.0
2021-10-18,53.63,53.74,52.89,53.21,15214712,0.0
2021-10-19,53.68,54.25,53.49,54.25,12865778,0.0
2021-10-20,54.55,54.88,53.91,54.73,10558380,0.0
2021-10-21,54.74,54.74,53.78,54.03,10896436,0.0
2021-10-22,54.12,54.35,53.5,54.22,9932600,0.0
2021-10-25,54.28,54.28,53.65,54.13,8943569,0.0
2021-10-26,54.13,54.36,53.535,53.74,9923186,0.0
2021-10-27,53.86,53.86,52.13,52.44,19172918,0.0
2021-10-28,50.3951,52.74,49.8,51.9,17649419,0.0
2021-10-29,51.54,52.56,51.115,51.43,20753659,0.0
2021-11-01,51.48,52.69,51.435,52.27,15624438,0.0
2021-11-02,52.46,52.95,51.875,52.65,13113059,0.0
2021-11-03,52.5,53.09,52.26,52.94,12300759,0.0
2021-11-04,52.79,53.25,52.13,52.73,13996831,0.0
2021-11-05,53.39,54.325,53.31,53.91,15535861,0.0
2021-11-08,53.83,54.04,53.22,53.48,9567568,0.0
2021-11-09,53.33,54.01,53.26,53.79,11053490,0.0
2021-11-10,53.92,54.59,53.775,54.18,13050935,0.0
2021-11-11,53.6,54.19,53.44,53.66,7620044,0.0
2021-11-12,53.96,53.99,53.155,53.5,9023439,0.0
2021-11-15,53.45,53.73,53.24,53.37,8499563,0.0
2021-11-16,53.46,53.725,53.06,53.13,8710756,0.0
2021-11-17,53.01,53.79,52.92,53.75,9738145,0.0
2021-11-18,53.15,53.61,52.68,52.78,12187566,0.0
2021-11-19,52.74,52.785,51.61,51.91,13502396,0.0
2021-11-22,51.7,52.53,51.14,51.52,13817263,0.0
2021-11-23,51.71,52.52,51.51,52.04,14155369,0.0
2021-11-24,52.16,52.13,51.4901,51.88,8207374,0.0
2021-11-26,51.09,51.37,50.69,51.14,10097447,0.0
2021-11-29,51.59,51.76,50.82,51.53,15040461,0.0
2021-11-30,51.44,51.44,49.805,49.98,16577082,0.0
2021-12-01,51.12,51.4,49.05,49.08,16834452,0.0
2021-12-02,49.79,51.96,49.68,51.51,18999017,0.0
2021-12-03,51.46,52.25,51.41,51.82,16462717,0.0
2021-12-06,52.2,53.315,52.06,52.36,14826401,0.0
2021-12-07,52.3,53.19,48.715,49.58,40824625,0.0
2021-12-08,49.49,49.8401,48.59,48.905,32051213,0.0
2021-12-09,48.667,48.815,47.59,47.79,27219945,0.0
2021-12-10,48.29,48.51,47.78,48.45,22515721,0.0
2021-12-13,47.98,48.4,47.4506,47.73,14012899,0.0
2021-12-14,46.3,49,46.29,48.78,27686075,0.0
2021-12-15,47.99,48.71,47.77,48.21,19050450,0.0
2021-12-16,48.54,49.52,48.42,48.82,21420388,0.0
2021-12-17,48.35,49.25,48.04,48.66,21783312,0.0
2021-12-20,48.25,48.68,47.98,48.42,13811007,0.0
2021-12-21,48.5,49.315,48.4,48.85,14342926,0.0
2021-12-22,48.96,49.16,48.425,49.04,16542019,0.0
2021-12-23,49.37,50.215,49.31,50.05,13520686,0.0
2021-12-27,50.08,50.59,49.66,50.47,13855795,0.0
2021-12-28,50.39,51.02,50.31,50.54,7353356,0.0
2021-12-29,50.65,50.77,50.31,50.59,6513635,0.0
2021-12-30,50.66,51.2,50.5275,50.61,7891247,0.0
2021-12-31,50.8,51.29,50.29,50.35,8470826,0.0
2022-01-03,49.98,50.95,49.71,50.74,12495437,0.0
2022-01-04,50.68,51.02,49.92,50.2,15280420,0.0
2022-01-05,50.55,51.2,50.15,50.23,14449044,0.0
2022-01-06,50.43,50.98,50.185,50.51,14936114,0.0
2022-01-07,50.35,50.59,49.97,50.05,14712668,0.0
2022-01-10,50.34,50.92,49.865,50.53,17313099,0.0
2022-01-11,50.58,51.18,50.36,51.14,13430851,0.0
2022-01-12,51.4,51.69,50.82,50.96,10691194,0.0
2022-01-13,50.8,51.68,50.12,51.355,14270934,0.0
2022-01-14,51.47,52.1,51.14,51.69,15451804,0.0
2022-01-18,51.07,51.39,50.06,50.19,17483259,0.0
2022-01-19,50.2,50.78,49.505,50.33,14597515,0.0
2022-01-20,50.51,51.615,50.15,50.23,17231354,0.0
2022-01-21,50.37,50.945,49.65,49.71,26737515,0.0
2022-01-24,50.56,51.2,48.78,50.07,32921465,0.0
2022-01-25,49.26,50.037,48.815,49.67,24096606,0.0
2022-01-26,49.52,50.35,47.87,48.47,30264163,0.0
2022-01-27,45.4735,50.07,45.47,48.01,44647323,0.0
2022-01-28,47.8837,49.875,47.73,49.7,29585397,0.0
2022-01-31,49.25,50.1,49.03,49.98,18467750,0.0
2022-02-01,49.32,50.01,48.89,49.94,15714645,0.0
2022-02-02,49.94,50.25,49.36,49.99,15490943,0.0
2022-02-03,50.44,50.98,49.59,49.65,18002264,0.0
2022-02-04,49.16,49.68,48.72,49.32,15434706,0.0
2022-02-07,49.43,49.53,48.71,48.86,14940330,0.0
2022-02-08,49.08,49.54,48.8251,49.18,13381863,0.0
2022-02-09,49.5,49.79,49.245,49.77,13356898,0.0
2022-02-10,48.92,49.61,48.75,48.92,14381716,0.0
2022-02-11,48.75,49.33,47.495,47.56,17397114,0.0
