Date,Open,High,Low,Close,Volume,OpenInterest
2020-12-04,128.47,130.66,127.9,130.56,1076924,0.0
2020-12-07,130.56,131.57,129.82,131.37,916989,0.0
2020-12-08,129.76,131.88,129.33,130.905,1095509,0.0
2020-12-09,131.41,132.23,129.7,131.76,1150947,0.0
2020-12-10,130.73,133.045,130.13,132.67,1213948,0.0
2020-12-11,131.68,132.89,127.75,130.69,1736985,0.0
2020-12-14,130.58,131.82,127.9,128.47,1371484,0.0
2020-12-15,129.44,130.11,126.73,127.5,1092274,0.0
2020-12-16,127.76,129.89,127.1,129.3,1001546,0.0
2020-12-17,130.59,131.34,128.72,130.71,1363742,0.0
2020-12-18,131.4,134.85,129.86,132.46,2292732,0.0
2020-12-21,130.67,132.19,129.02,131.11,940659,0.0
2020-12-22,131.82,133.27,129.94,132.72,1129532,0.0
2020-12-23,133.58,134.09,131.77,131.77,812902,0.0
2020-12-24,132.4,133.12,131.14,132.58,396201,0.0
2020-12-28,132.82,134,132.29,132.97,860384,0.0
2020-12-29,133.94,134.8,129.83,130.1,594809,0.0
2020-12-30,130.33,130.45,128.19,128.26,733798,0.0
2020-12-31,128.67,130.32,127.93,130.08,467545,0.0
2021-01-04,130.75,130.88,126.27,128.37,906071,0.0
2021-01-05,128,128.33,126.78,127.65,658121,0.0
2021-01-06,127.7,128.1,125.5,125.77,977939,0.0
2021-01-07,126.31,128.88,126.03,128.45,744050,0.0
2021-01-08,129.39,131.11,128.22,130.91,888445,0.0
2021-01-11,130.52,131.93,129.12,129.61,703610,0.0
2021-01-12,128.535,133.66,128.535,133.14,1240820,0.0
2021-01-13,133.16,133.2,130.39,131.5,821504,0.0
2021-01-14,132.515,132.92,130.87,131.98,966897,0.0
2021-01-15,130.88,132.96,130.54,132.01,870295,0.0
2021-01-19,132.49,137.01,130.56,135.35,2976551,0.0
2021-01-20,136.12,136.4981,132.49,132.57,1580846,0.0
2021-01-21,134.17,134.17,126.9416,127.34,2125497,0.0
2021-01-22,127.06,127.45,124.88,126.8,976730,0.0
2021-01-25,127.98,131.77,127.001,131.73,1563022,0.0
2021-01-26,132.32,139.19,131.35,139.11,1629964,0.0
2021-01-27,139.24,145.19,138.72,144.48,2884726,0.0
2021-01-28,141.5,144.44,136.32,136.34,2432286,0.0
2021-01-29,136,138,133.14,133.2,1555472,0.0
2021-02-01,133.47,134.43,130.68,132.58,1166622,0.0
2021-02-02,132.63,134.495,131.23,133.11,971132,0.0
2021-02-03,132.78,134.33,131.23,132.39,751206,0.0
2021-02-04,132.35,133.24,131.14,132.64,708991,0.0
2021-02-05,131.87,133.38,131.2,131.82,547732,0.0
2021-02-08,132.96,134.11,131.95,133.99,718647,0.0
2021-02-09,134.94,137,134.28,136.08,563107,0.0
2021-02-10,137.35,137.44,135.01,136.99,564862,0.0
2021-02-11,137.33,138.64,137,137.78,551674,0.0
2021-02-12,137.3,137.74,135.48,137.68,473391,0.0
2021-02-16,137.97,138.74,136.42,136.68,572823,0.0
2021-02-17,135.18,136.37,132.81,134.05,640782,0.0
2021-02-18,133.38,133.49,131.21,132.1,739291,0.0
2021-02-19,132.91,133.34,130.6,132.96,902320,0.0
2021-02-22,133.07,135.79,132.11,135.18,978859,0.0
2021-02-23,134.95,138.695,133.97,136.8,1558588,0.0
2021-02-24,135.69,137.78,135.05,136.91,769969,0.0
2021-02-25,136.1,139.67,135.9092,138.78,1360210,0.0
2021-02-26,137.61,139.1,132.17,133.41,2475509,0.0
2021-03-01,134.77,138.86,133.79,138.64,1014984,0.0
2021-03-02,139.22,139.49,135.1683,136.68,674434,0.0
2021-03-03,136.92,136.92,130.81,132.22,995200,0.0
2021-03-04,132.65,136.14,130.83,131.08,1502951,0.0
2021-03-05,132.11,135.65,130.19,135.36,995552,0.0
2021-03-08,135.08,135.195,131.15,131.29,933082,0.0
2021-03-09,133.39,134.93,131.93,132.43,931589,0.0
2021-03-10,133.21,134.81,131.64,131.76,972221,0.0
2021-03-11,132.78,136.65,132.2,135.21,1229063,0.0
2021-03-12,134.11,134.78,132.99,133.47,625492,0.0
2021-03-15,133.22,135.31,132.37,134.97,580853,0.0
2021-03-16,135.34,136.38,134.05,136.04,669910,0.0
2021-03-17,136.47,136.47,132.86,133.41,1113128,0.0
2021-03-18,132.14,132.3,128.65,131.5,1245198,0.0
2021-03-19,131.17,134.53,131.07,133.72,936968,0.0
2021-03-22,134.53,138.215,134.02,137.79,660748,0.0
2021-03-23,137.99,140.34,137.56,138.36,633530,0.0
2021-03-24,136.6,137.6,134.98,135.02,654690,0.0
2021-03-25,134.71,136.99,133.58,135.09,932299,0.0
2021-03-26,133.69,136.76,133.69,136.74,817843,0.0
2021-03-29,137.07,140.55,136.54,138.83,1032753,0.0
2021-03-30,137.05,138.68,134.245,138.41,1238128,0.0
2021-03-31,138.87,141.88,138.39,140.36,881545,0.0
2021-04-01,140.07,142.35,138.95,140.28,751128,0.0
2021-04-05,138.55,142.73,138.32,142.49,762899,0.0
2021-04-06,142.01,143.71,140.4,141.98,618576,0.0
2021-04-07,143.24,143.98,142.525,142.68,1064979,0.0
2021-04-08,143.82,143.91,142.24,142.76,554319,0.0
2021-04-09,142.53,142.94,141.6763,142.31,633903,0.0
2021-04-12,141.16,142.27,141.16,142.08,716220,0.0
2021-04-13,140.82,141.3,136.75,138.94,1106416,0.0
2021-04-14,139,139.38,136.9,137.74,890144,0.0
2021-04-15,137.59,139.25,136.495,138.84,780526,0.0
2021-04-16,139.32,141.065,138.64,140.5,628370,0.0
2021-04-19,139.93,140.67,137.5602,138.85,684328,0.0
2021-04-20,138.13,140.46,137.75,138.12,453881,0.0
2021-04-21,140.86,144.47,140.45,141.5,1239220,0.0
2021-04-22,140.39,142.06,139.745,140.27,1136038,0.0
2021-04-23,140.23,141.72,138.49,140.41,548114,0.0
2021-04-26,140.8,142.08,139.5,140.6,949417,0.0
2021-04-27,140.66,141.45,139,140.39,515595,0.0
2021-04-28,141.27,141.28,138.24,138.5,913967,0.0
2021-04-29,124.37,130.92,124,127.83,3957902,0.0
2021-04-30,126.51,127.54,122.87,123.8,2178457,0.0
2021-05-03,123.49,124.04,121.39,123.33,1572159,0.0
2021-05-04,122.3,122.52,118.05,119.29,1652872,0.0
2021-05-05,119.9,120.485,118.6,119.25,769353,0.0
2021-05-06,118.59,121.79,118.3965,121.66,917912,0.0
2021-05-07,123.11,123.68,120.81,121.03,825751,0.0
2021-05-10,120.7,120.89,118.66,119.29,880498,0.0
2021-05-11,117.49,119.65,116.61,119.21,872941,0.0
2021-05-12,118.25,119.48,116.56,116.81,897913,0.0
2021-05-13,117.2,118.41,116.37,116.66,1004075,0.0
2021-05-14,117.76,118.36,117.29,117.7134,615499,0.0
2021-05-17,117.14,117.58,115.93,116.85,673396,0.0
2021-05-18,116.89,117.23,115.53,115.85,679533,0.0
2021-05-19,115.1,115.515,113.83,115.4,731716,0.0
2021-05-20,115.85,117.82,115.61,115.77,1573039,0.0
2021-05-21,115.98,116.67,115.67,115.85,957405,0.0
2021-05-24,116.8,117.34,115.74,115.86,583262,0.0
2021-05-25,116.06,116.65,114.74,115.23,860313,0.0
2021-05-26,114.87,116.47,114.47,114.84,701574,0.0
2021-05-27,115.06,115.58,113.47,113.69,964868,0.0
2021-05-28,113.97,115.9,113.97,114.92,1296922,0.0
2021-06-01,114.91,115.68,113.73,113.9,1153496,0.0
2021-06-02,113.93,115.825,113.68,114.89,1482620,0.0
2021-06-03,114.11,116.81,113.84,116.57,867632,0.0
2021-06-04,116.66,119.62,116.61,119.15,1021738,0.0
2021-06-07,119.36,119.36,116.53,117.07,549209,0.0
2021-06-08,117.83,118.89,117.41,118.42,992504,0.0
2021-06-09,118.49,118.85,117,118.11,761612,0.0
2021-06-10,117.99,118.825,116.9119,118.67,521933,0.0
2021-06-11,118.65,120.63,118.29,120.45,783078,0.0
2021-06-14,121.01,121.87,120.55,120.66,953667,0.0
2021-06-15,120.75,121.2,119.71,119.79,1074983,0.0
2021-06-16,119.77,120.69,117.03,117.61,665276,0.0
2021-06-17,117.06,119.49,116.755,118.06,702247,0.0
2021-06-18,117.81,118,115.08,115.81,850218,0.0
2021-06-21,115.22,116.67,114.1,116.08,647747,0.0
2021-06-22,115.9,116.55,114.34,114.795,747423,0.0
2021-06-23,114.68,114.82,112.98,113.34,1052334,0.0
2021-06-24,113.95,114.99,113.245,114.52,626336,0.0
2021-06-25,114.52,116.145,114.49,115.97,566642,0.0
2021-06-28,116.77,119.22,116.61,117.37,1097935,0.0
2021-06-29,117.01,117.93,116.37,117.87,386244,0.0
2021-06-30,118.32,118.47,117.0735,117.26,368347,0.0
2021-07-01,117.15,117.74,116.31,117.42,516343,0.0
2021-07-02,117.95,119.07,117.09,118.93,510286,0.0
2021-07-06,118.53,118.65,115.74,116.06,732827,0.0
2021-07-07,116.91,117.95,115.55,117.22,620282,0.0
2021-07-08,116.88,117.76,115.07,116.85,1074631,0.0
2021-07-09,116.72,117.19,115.5703,116.14,719629,0.0
2021-07-12,116.91,116.91,113.9,113.96,691621,0.0
2021-07-13,113.96,114.8028,112.86,113.58,894582,0.0
2021-07-14,114.24,115.93,113.81,115.8,855813,0.0
2021-07-15,115.99,116.74,114.32,114.99,880523,0.0
2021-07-16,115.46,116.6,114.79,116.24,839915,0.0
2021-07-19,115.98,116.12,112.92,113.94,726346,0.0
2021-07-20,114.41,115.72,114.11,114.72,734449,0.0
2021-07-21,115.31,115.67,113.58,114.05,525185,0.0
2021-07-22,113.63,114.92,113.22,114.49,450939,0.0
2021-07-23,115,115.17,113.57,114.94,445006,0.0
2021-07-26,114.87,115.18,114,114.76,438191,0.0
2021-07-27,114.97,115.13,112.96,114.72,495409,0.0
2021-07-28,114.62,115.33,114.14,114.55,645755,0.0
2021-07-29,94.76,99.68,94.66,98.99,9086261,0.0
2021-07-30,99,101.449,96.71,100.68,2346626,0.0
2021-08-02,100.28,103.94,99.1293,103.53,2429918,0.0
2021-08-03,103.11,103.675,102.45,103,2080990,0.0
2021-08-04,102.54,103.18,100.4,100.93,3190931,0.0
2021-08-05,100.77,101.455,99.41,101.31,2734973,0.0
2021-08-06,101.58,102.41,99.85,101.39,1940427,0.0
2021-08-09,101.09,101.76,100.695,101.49,1381240,0.0
2021-08-10,101.42,101.75,100.63,100.84,1939033,0.0
2021-08-11,101.22,102.4,100.57,102.26,893009,0.0
2021-08-12,102.14,102.52,101.41,102.09,1323091,0.0
2021-08-13,101.86,102.42,101.22,102.09,930148,0.0
2021-08-16,102.32,102.64,101.92,102.14,927080,0.0
2021-08-17,101.9,102.61,101.57,102.55,714599,0.0
2021-08-18,102.29,102.5563,101.42,102.5,1434189,0.0
2021-08-19,102.61,102.93,102.125,102.49,1749485,0.0
2021-08-20,101.78,103.52,101.78,103.23,858343,0.0
2021-08-23,103.31,103.405,102.35,102.4,702582,0.0
2021-08-24,102.38,102.93,102.34,102.61,565875,0.0
2021-08-25,102.34,102.97,101.48,101.62,848003,0.0
2021-08-26,101.54,102.52,100.57,100.76,731333,0.0
2021-08-27,100.5,101.87,99.63,101.8,709588,0.0
2021-08-30,101.75,103.15,101.75,102.66,527773,0.0
2021-08-31,102.96,103.86,102.51,102.87,814507,0.0
2021-09-01,103.34,103.64,102.52,102.6,559918,0.0
2021-09-02,102.73,103.9,101.96,103.88,742683,0.0
2021-09-03,103.96,104.5,102.59,102.79,570947,0.0
2021-09-07,102.69,103.65,102.47,103.5,1243121,0.0
2021-09-08,111.255,112.3,106.38,106.59,3421529,0.0
2021-09-09,106.49,108.71,106.35,108.34,1144315,0.0
2021-09-10,108.77,109.17,106.34,107.59,800427,0.0
2021-09-13,107.83,110.99,107.58,108.85,1028038,0.0
2021-09-14,108.58,110,107.84,109.62,847733,0.0
2021-09-15,113.01,115,111.21,112.47,2818102,0.0
2021-09-16,112.31,112.82,109.15,110.95,1347634,0.0
2021-09-17,111.45,112.59,111.07,111.58,1471260,0.0
2021-09-20,109.86,111.37,109.48,110.32,1013106,0.0
2021-09-21,110.97,111.33,108.21,108.68,1239308,0.0
2021-09-22,108.57,109.43,108.22,109.04,651541,0.0
2021-09-23,109.31,111.5,109.055,111.16,656504,0.0
2021-09-24,111,111.88,109.98,110.21,615666,0.0
2021-09-27,109.76,109.92,108.77,108.97,716521,0.0
2021-09-28,108.68,109.16,106.86,107,1213921,0.0
2021-09-29,106.85,109,106.81,108.09,699401,0.0
2021-09-30,108.3,108.6,106.87,107.36,735033,0.0
2021-10-01,107.96,108.84,106.95,108.37,585864,0.0
2021-10-04,108.04,108.5,105.95,106.19,599829,0.0
2021-10-05,105.45,107.19,105.41,106.46,421024,0.0
2021-10-06,105.42,105.995,104.61,105.97,764351,0.0
2021-10-07,103.64,106.385,103.5,104.22,1976820,0.0
2021-10-08,103.28,104,97.83,98.34,2270818,0.0
2021-10-11,97.92,98.55,94.4,94.68,1382824,0.0
2021-10-12,92.2,93.35,90.69,90.96,2174734,0.0
2021-10-13,90.82,94.88,90.56,94.2,1796103,0.0
2021-10-14,94.95,96.16,94.455,95.7,957745,0.0
2021-10-15,96.02,98.91,95.89,97.6,1319151,0.0
2021-10-18,97.47,100.65,96.82,100.53,1256553,0.0
2021-10-19,100.38,101.09,98.9701,100.32,1017175,0.0
2021-10-20,99.92,100.79,99.06,99.28,699400,0.0
2021-10-21,99.78,100.8686,98.91,100.2,578292,0.0
2021-10-22,100.23,101.255,99.46,99.91,516648,0.0
2021-10-25,100,100.18,98.29,98.62,507868,0.0
2021-10-26,98.92,98.92,96.42,96.57,875686,0.0
2021-10-27,96.93,97.53,94.94,94.99,612680,0.0
2021-10-28,94.94,95.8,94.77,95.14,611821,0.0
2021-10-29,94.85,96.57,94.565,94.72,674343,0.0
2021-11-01,94.56,95.26,93.82,94.72,963930,0.0
2021-11-02,94.99,95.99,93.34,95.55,966716,0.0
2021-11-03,95.26,95.78,93.76,94.2,1324030,0.0
2021-11-04,92.2,99.32,91.65,95.11,1624885,0.0
2021-11-05,91.67,93.16,89.065,89.2,2742606,0.0
2021-11-08,90.525,91.89,89.58,91.5,1188585,0.0
2021-11-09,91.9,92.1666,90.01,90.35,1177714,0.0
2021-11-10,90.16,90.51,88.3566,89.04,1016394,0.0
2021-11-11,89.11,89.4,87.23,87.37,738956,0.0
2021-11-12,87.44,89.99,87.44,89.67,1126003,0.0
2021-11-15,89.42,89.42,85.2,87.2,1667460,0.0
2021-11-16,87.62,88.9,87.37,88.35,1160475,0.0
2021-11-17,88.06,89.03,86.87,86.93,1270240,0.0
2021-11-18,86.71,87.9678,83.61,84.72,1443255,0.0
2021-11-19,85.36,86.63,83.83,85.12,1182099,0.0
2021-11-22,84.97,86.26,84.9,85.5,923470,0.0
2021-11-23,85.54,85.655,83.455,84,1242444,0.0
2021-11-24,84.34,85.07,83.59,84.73,670074,0.0
2021-11-26,84.76,85.28,82.71,83,1708322,0.0
2021-11-29,83.57,83.61,80.48,82.41,1282746,0.0
2021-11-30,82.06,83.1368,80.18,80.58,1742071,0.0
2021-12-01,80.67,81.51,78.72,78.73,1114868,0.0
2021-12-02,79.02,80.53,78.36,80.03,990560,0.0
2021-12-03,80.12,80.12,78.73,79.29,1101436,0.0
2021-12-06,78.57,80.63,78.07,80.17,1337823,0.0
2021-12-07,80.9,82.47,80.58,80.83,1126032,0.0
2021-12-08,80.86,82.75,80.745,82.7,878908,0.0
2021-12-09,82.94,83.065,81.26,81.61,832486,0.0
2021-12-10,82.07,82.6325,81.17,81.49,774465,0.0
2021-12-13,81.99,84.45,81.99,84.34,556875,0.0
2021-12-14,82.78,83.52,81.66,83.14,1557747,0.0
2021-12-15,83.27,84.07,81.064,83.76,837147,0.0
2021-12-16,82.37,85.15,82.37,84.73,1063661,0.0
2021-12-17,84.73,86.18,83.09,83.54,1653618,0.0
2021-12-20,82.34,83.88,81.88,83.68,1027451,0.0
2021-12-21,90.1,96.7,89.79,95.05,4480724,0.0
2021-12-22,94.12,94.695,92.89,94.35,1310176,0.0
2021-12-23,94.47,99.23,93.1345,97.88,1282842,0.0
2021-12-27,97.58,98,94.86,95.15,615359,0.0
2021-12-28,95.36,96.24,94.92,96.12,544966,0.0
2021-12-29,95.83,97.5,95.47,96.91,545029,0.0
2021-12-30,96.8,97.68,95.57,95.76,653922,0.0
2021-12-31,95.42,96.01,94.52,94.52,317463,0.0
2022-01-03,94.6,98.52,94.32,98.24,868794,0.0
2022-01-04,98.11,99.9,97.12,99.36,964541,0.0
2022-01-05,98.82,99.69,97.2,97.21,700341,0.0
2022-01-06,96.765,97.77,94.3,94.3,1260905,0.0
2022-01-07,93.86,96.45,93.26,95.71,807126,0.0
2022-01-10,95.22,97.24,94.14,97.23,753968,0.0
2022-01-11,97.38,98.35,96.51,98.08,1158008,0.0
2022-01-12,97.68,98.47,96.035,96.82,609085,0.0
2022-01-13,96.66,97.83,94.3,94.81,1148802,0.0
2022-01-14,94.53,96.26,94.45,95.74,1556091,0.0
2022-01-18,102.86,102.87,99.2601,101.055,2854198,0.0
2022-01-19,100.25,105.35,100.01,104.6525,2328305,0.0
2022-01-20,104.4,105.245,102.29,102.42,936810,0.0
2022-01-21,103.62,104.04,100.57,101.08,1524398,0.0
2022-01-24,99.4,106.67,98.01,106.39,2149320,0.0
2022-01-25,104.32,105.45,99.96,101.37,2223282,0.0
2022-01-26,103,103.48,101.04,102.48,1179486,0.0
2022-01-27,102.47,103.6623,100.35,100.67,1440924,0.0
2022-01-28,100.71,105.71,99.56,105.6,2189628,0.0
2022-01-31,101.77,102,101.3297,101.93,11586272,0.0
2022-02-01,101.87,102.82,101.78,102.34,3662507,0.0
2022-02-02,102.5,102.6,101.84,102.04,3045086,0.0
2022-02-03,102.1,102.59,101.86,102.27,2761864,0.0
2022-02-04,102.21,102.75,101.92,102.37,1953449,0.0
2022-02-07,102.4252,102.53,101.72,101.75,3201509,0.0
2022-02-08,101.97,102.29,101.85,102.13,2153927,0.0
2022-02-09,102.18,102.64,101.86,102.39,1959877,0.0
2022-02-10,102.2,102.38,102.01,102.09,1934872,0.0
2022-02-11,102.25,102.5,101.88,101.93,2837698,0.0
