Date,Open,High,Low,Close,Volume,OpenInterest
2020-12-04,111.57,113.48,110.77,112.55,1650070,0.0
2020-12-07,112.33,112.65,111.2,111.99,1514807,0.0
2020-12-08,111.26,111.89,109.01,109.44,1664859,0.0
2020-12-09,110.41,111.89,109.78,110.95,1603871,0.0
2020-12-10,110.66,110.75,107.79,108.2,2093919,0.0
2020-12-11,107.925,108.21,106.03,106.54,1753628,0.0
2020-12-14,107.88,108.25,106.27,107.6,2452000,0.0
2020-12-15,108.31,110.61,107.92,110.05,2568190,0.0
2020-12-16,109.39,113.48,109.39,112.91,2546915,0.0
2020-12-17,113.27,114.17,112.31,113.01,1693213,0.0
2020-12-18,113.11,113.54,111.53,111.84,1926562,0.0
2020-12-21,111.28,112.53,110.34,111.5,1808107,0.0
2020-12-22,111.37,111.37,108.13,108.97,1518881,0.0
2020-12-23,109.43,109.43,107.52,107.58,1371375,0.0
2020-12-24,107.88,109.04,107.49,109.03,580063,0.0
2020-12-28,109.51,109.685,107.64,107.93,1176354,0.0
2020-12-29,108.78,109.62,107.6,109.08,1575593,0.0
2020-12-30,109.15,109.81,107.47,107.8,1029794,0.0
2020-12-31,107.94,108.3,106.9,107.94,910066,0.0
2021-01-04,107.63,108.34,105.31,106.9,1319724,0.0
2021-01-05,106.31,107.75,106.14,107.12,1342921,0.0
2021-01-06,106.9,113.25,106.785,112.97,2760057,0.0
2021-01-07,112.99,115,111.89,114.75,2216740,0.0
2021-01-08,114.72,115.45,112.19,113,1698790,0.0
2021-01-11,112.5,113.1,111.17,112.43,1892762,0.0
2021-01-12,112.38,114.415,112.05,114.19,1320132,0.0
2021-01-13,113.79,114.08,112.31,112.47,993429,0.0
2021-01-14,112.67,112.96,109.65,109.95,1778774,0.0
2021-01-15,109.31,109.7,107.79,108.37,1534444,0.0
2021-01-19,108.59,109.595,107.12,108.02,1536297,0.0
2021-01-20,108.23,108.45,106.32,107.5,1774324,0.0
2021-01-21,108.63,109.4412,107.63,107.8,1301700,0.0
2021-01-22,107.64,108.21,106.13,107.85,1011808,0.0
2021-01-25,107.64,108.175,105.75,106.34,1472411,0.0
2021-01-26,106.26,106.7807,104.94,105.7,1368526,0.0
2021-01-27,104.98,105.07,99.62,101.48,2646159,0.0
2021-01-28,101.67,103.9198,101.29,102.83,1843681,0.0
2021-01-29,102.25,103.39,101.34,101.63,1413292,0.0
2021-02-01,102.08,102.32,100.23,100.82,1141471,0.0
2021-02-02,101.85,104.63,101.532,104.11,2483658,0.0
2021-02-03,103.76,105.29,103.26,104.94,1650663,0.0
2021-02-04,105.11,106.21,104.52,106.18,1237211,0.0
2021-02-05,106.75,107.52,105.145,105.65,1463534,0.0
2021-02-08,106.07,107.3,105.66,107.02,1356039,0.0
2021-02-09,107.29,109.88,106.69,109.82,1746829,0.0
2021-02-10,109.82,111.09,109.72,110.24,1545578,0.0
2021-02-11,110.59,111.94,108.36,109.055,1033443,0.0
2021-02-12,108.6827,109.89,107.5,108.38,704444,0.0
2021-02-16,108.43,108.63,106.705,107.67,1245942,0.0
2021-02-17,107.19,108.61,106.2792,108.32,1104038,0.0
2021-02-18,105.9635,108.47,105.04,107.76,1750254,0.0
2021-02-19,108.32,108.42,106.98,107.9,1533319,0.0
2021-02-22,107.42,107.5,104.87,104.88,2056049,0.0
2021-02-23,104.79,105.05,102.095,103.01,2074508,0.0
2021-02-24,102.14,102.5,99.73,101.13,2323397,0.0
2021-02-25,98.75,99.86,97.69,98.88,3211305,0.0
2021-02-26,99.59,100.715,98.07,98.16,2484128,0.0
2021-03-01,98.8,100.38,98.5,99.23,1658922,0.0
2021-03-02,99.9506,99.9506,96.54,99.07,3045717,0.0
2021-03-03,96.18,104.69,95.86,101.94,4831488,0.0
2021-03-04,101.8,103.94,100.295,101.81,2782635,0.0
2021-03-05,102.47,104.535,100.21,104.08,2150714,0.0
2021-03-08,104.49,109.32,103.24,108.1,2372433,0.0
2021-03-09,108.63,109.87,106.45,107.65,1482813,0.0
2021-03-10,109,109.11,107.535,107.83,1258016,0.0
2021-03-11,107.72,108.82,107.02,108.57,1416233,0.0
2021-03-12,108.56,109.34,107.37,108.6,965928,0.0
2021-03-15,108.56,109.37,107.26,109.3,1377695,0.0
2021-03-16,109.42,110.29,108.2,109.07,954491,0.0
2021-03-17,108.85,108.96,107.29,107.65,1261329,0.0
2021-03-18,106,107.13,104.575,105.35,2222705,0.0
2021-03-19,104.71,108.63,104.565,108.13,1824287,0.0
2021-03-22,108.2,110.75,107.4501,110.25,1830339,0.0
2021-03-23,109.98,111.31,109.63,109.86,1382290,0.0
2021-03-24,109.715,112.2,109.48,110.5,1187205,0.0
2021-03-25,110.38,111.42,109.51,111.08,1000376,0.0
2021-03-26,110.89,114.43,110.58,114.39,1461274,0.0
2021-03-29,115.06,116.23,114.2,115.82,1284365,0.0
2021-03-30,115.6,116.65,114.5,116.29,1299865,0.0
2021-03-31,116,117.26,114.2,114.37,2082543,0.0
2021-04-01,114.59,116.07,113.3901,115.93,1281105,0.0
2021-04-05,116.44,119.65,116.03,119.26,1452588,0.0
2021-04-06,118.11,120.37,117.47,117.615,1511344,0.0
2021-04-07,117.89,118.33,116.65,117.12,866644,0.0
2021-04-08,117.2,117.25,116.16,116.86,818060,0.0
2021-04-09,117.17,117.6999,116.08,117.55,1121174,0.0
2021-04-12,117.17,117.81,115.94,117.06,1281395,0.0
2021-04-13,117.34,118.225,116.14,117.65,958856,0.0
2021-04-14,117.2,117.7,114.78,114.89,1446372,0.0
2021-04-15,115.99,117.35,115.4,117.03,1173431,0.0
2021-04-16,117.18,118.57,116.58,117.39,1153801,0.0
2021-04-19,117.79,118.05,116.24,116.93,1050425,0.0
2021-04-20,116.87,117.05,116.02,116.34,1095087,0.0
2021-04-21,116.58,117.24,116.43,116.67,775505,0.0
2021-04-22,116.71,116.97,114.33,115.15,948917,0.0
2021-04-23,115.19,116.24,114.08,115.54,756622,0.0
2021-04-26,114.88,115.3,113.38,113.98,1419902,0.0
2021-04-27,114.16,115.51,114.06,115.01,1099196,0.0
2021-04-28,114.75,115.32,113.65,114.03,1002502,0.0
2021-04-29,114.38,115.715,114.22,115.43,924631,0.0
2021-04-30,115.31,115.89,113.5,114.92,676642,0.0
2021-05-03,115.61,116.88,115.26,116.22,1018858,0.0
2021-05-04,115.07,115.62,113.8,114.88,1173337,0.0
2021-05-05,115.34,115.48,113.97,114.67,1925525,0.0
2021-05-06,115.06,115.74,114.43,115.69,967472,0.0
2021-05-07,115.89,116.94,115.38,116.25,1051780,0.0
2021-05-10,117.07,117.5,115.96,116.09,1216939,0.0
2021-05-11,116.11,116.14,112.115,112.82,1504843,0.0
2021-05-12,111.89,112.44,109.53,109.85,1866397,0.0
2021-05-13,110.37,111.27,109.21,109.57,1582986,0.0
2021-05-14,110.19,111.67,109.59,111.22,932584,0.0
2021-05-17,111.33,111.865,108.7,109.63,1038041,0.0
2021-05-18,110.19,110.88,109.5,110.02,1345699,0.0
2021-05-19,109.03,109.73,107.85,108.79,990744,0.0
2021-05-20,108.52,108.79,107.599,108.41,930316,0.0
2021-05-21,108.1,109.42,107.9,108.6,1293482,0.0
2021-05-24,109.2,109.34,107.07,107.23,927360,0.0
2021-05-25,107.45,108.08,106.63,107,1282094,0.0
2021-05-26,107.16,108.63,106.8,108.46,1812241,0.0
2021-05-27,102.42,103.85,99.55,100.16,7428815,0.0
2021-05-28,100.6,100.727,97.15,97.51,5177455,0.0
2021-06-01,97.99,99.465,97.371,98.88,3930446,0.0
2021-06-02,98.88,99.1262,97.85,98.03,2641660,0.0
2021-06-03,98,101.125,98.01,100.56,3980753,0.0
2021-06-04,102.25,102.62,100.8,101.8,3406072,0.0
2021-06-07,101.72,101.77,99.89,100.33,3097992,0.0
2021-06-08,100.33,101.94,100.1,101.33,2655365,0.0
2021-06-09,101.44,101.48,98.685,98.85,2046552,0.0
2021-06-10,99.01,100.09,98.91,99.71,1862887,0.0
2021-06-11,100.23,101.65,100.08,101.18,1925428,0.0
2021-06-14,101.15,101.48,99.52,100.2,2021236,0.0
2021-06-15,100.26,102.13,99.79,100.69,2726792,0.0
2021-06-16,100.2653,101.34,99.9,100.58,1815653,0.0
2021-06-17,100.29,101.81,99.98,100.68,3340866,0.0
2021-06-18,100.68,101.12,99.1301,100.32,2379598,0.0
2021-06-21,100.7,101.87,100.52,101.19,2504226,0.0
2021-06-22,101.04,102.1497,100.37,100.87,2728575,0.0
2021-06-23,101.23,101.91,100.44,101.5,1841451,0.0
2021-06-24,99.7,99.95,98.37,99.33,3105366,0.0
2021-06-25,99.55,99.63,97.66,98.34,3506257,0.0
2021-06-28,98.84,99.62,98.445,99.38,1915423,0.0
2021-06-29,99.37,100.05,98.73,99.48,2288292,0.0
2021-06-30,99.86,100.29,98.98,99.49,2280021,0.0
2021-07-01,99.73,100.38,99.53,99.89,1915884,0.0
2021-07-02,100,100.175,99.1763,99.45,2312099,0.0
2021-07-06,99.275,99.49,98.045,99.07,1639695,0.0
2021-07-07,99.225,99.95,99.07,99.39,1213509,0.0
2021-07-08,98.6,99.28,98.08,98.27,2145327,0.0
2021-07-09,98.57,99.51,98.43,99.5,1498673,0.0
2021-07-12,99.05,99.2,98.26,98.94,1507406,0.0
2021-07-13,98.97,99.15,97.84,98,1458592,0.0
2021-07-14,98.19,99.1211,98.1,98.88,1448602,0.0
2021-07-15,98.66,99.37,98.13,98.68,1387591,0.0
2021-07-16,98.97,99.18,98,98.19,1094514,0.0
2021-07-19,97.84,98.86,97.4,98.03,2053489,0.0
2021-07-20,97.84,99.675,97.81,99,1520997,0.0
2021-07-21,99.09,99.78,98.69,99.09,1571366,0.0
2021-07-22,99.11,99.98,98.47,99.39,1257971,0.0
2021-07-23,99.58,100.62,99.34,100.14,1107119,0.0
2021-07-26,100.3,100.815,99.72,100.6,1116642,0.0
2021-07-27,100.16,100.68,98.85,99,1455633,0.0
2021-07-28,98.85,99.605,98.8,99.02,1515863,0.0
2021-07-29,99.52,99.97,98.905,99.1,1105961,0.0
2021-07-30,99.1,100.78,99.01,99.8,1059816,0.0
2021-08-02,100.3,100.3,97.91,98.87,1630654,0.0
2021-08-03,99.3,101.95,98.975,99.88,2441918,0.0
2021-08-04,99.54,99.87,97.515,97.72,1920308,0.0
2021-08-05,97.96,99.33,97.87,98.93,1433697,0.0
2021-08-06,98.99,99.275,98.2,98.76,1608458,0.0
2021-08-09,97.55,98.86,97.26,98.32,2162257,0.0
2021-08-10,98.49,101.59,98.18,101.42,2193122,0.0
2021-08-11,101.68,103.39,101.48,102.31,2800190,0.0
2021-08-12,102.56,102.755,100.73,101.44,2019258,0.0
2021-08-13,101.8071,102.38,100.8269,101.78,1062790,0.0
2021-08-16,101.27,102.7,100.75,102.3,1846458,0.0
2021-08-17,101.98,101.99,100.06,100.48,1479562,0.0
2021-08-18,100.48,102.185,100.37,101.44,1888773,0.0
2021-08-19,101.13,102.17,100.355,101.07,1562361,0.0
2021-08-20,101,102.77,100.45,102.66,1364591,0.0
2021-08-23,102.67,103.8466,102.47,103.57,2110313,0.0
2021-08-24,103.88,105.48,103.53,105.21,2045290,0.0
2021-08-25,105.44,106.64,105.02,106.42,2233723,0.0
2021-08-26,97.25,97.9,93.41,93.519,17842028,0.0
2021-08-27,92.28,94.11,90.84,90.89,6077163,0.0
2021-08-30,91.14,92.61,90.77,90.9,4020863,0.0
2021-08-31,90.71,92.12,90.26,90.56,2722342,0.0
2021-09-01,90.66,90.75,89.64,90.02,2763015,0.0
2021-09-02,90.15,92.78,90.15,92.59,2929705,0.0
2021-09-03,92.19,93.33,91.65,92.85,1995694,0.0
2021-09-07,92.81,92.97,92.11,92.22,2366391,0.0
2021-09-08,92.29,93.465,91.5,93.08,2353515,0.0
2021-09-09,93.11,93.25,90.97,91.19,2708547,0.0
2021-09-10,91.37,91.69,90.13,90.24,2314444,0.0
2021-09-13,90.58,90.67,88.811,89.25,2361886,0.0
2021-09-14,89.54,89.54,87.8701,88.46,1558043,0.0
2021-09-15,88.09,88.875,87.12,88.45,2400881,0.0
2021-09-16,88.31,89.8,88.31,89.33,1813967,0.0
2021-09-17,89.31,90.45,89.155,89.31,2388254,0.0
2021-09-20,88.61,89.86,86.87,87.67,2263880,0.0
2021-09-21,87.64,88.22,85.98,86.26,2099401,0.0
2021-09-22,86.66,86.8881,84.96,85.25,2593219,0.0
2021-09-23,85.31,86.56,85.31,85.61,1947878,0.0
2021-09-24,85.45,85.64,84.26,84.53,2462292,0.0
2021-09-27,84.42,87.269,84.41,86.87,2954908,0.0
2021-09-28,86.99,87.51,86.01,86.29,1972890,0.0
2021-09-29,93,101.43,92.96,100.52,23066233,0.0
2021-09-30,99.41,99.78,94.25,95.67,11892269,0.0
2021-10-01,94.47,99.63,93.7,97.99,6384797,0.0
2021-10-04,98.22,100.25,97.66,98.38,5904321,0.0
2021-10-05,98.13,99.3121,97.16,97.17,2115465,0.0
2021-10-06,96.66,97.67,96.07,97.11,1674806,0.0
2021-10-07,97.78,99.4,97.46,98.28,1690647,0.0
2021-10-08,98.41,99.52,98.2913,98.85,917710,0.0
2021-10-11,98.85,99.63,98.4002,98.45,1059835,0.0
2021-10-12,98.37,99.25,97.86,98.11,859370,0.0
2021-10-13,97.56,98.65,97.17,97.4,1314566,0.0
2021-10-14,97.35,99.15,96.7,98.66,1856531,0.0
2021-10-15,99.36,99.82,98.81,99.27,1476458,0.0
2021-10-18,98.61,101.43,98.4311,100.94,1552967,0.0
2021-10-19,100.95,101.02,99.56,100.27,1098078,0.0
2021-10-20,100.31,102.39,100.05,101.36,962317,0.0
2021-10-21,101.18,102.72,101,102.44,928124,0.0
2021-10-22,102.39,103.28,102.19,103.16,922847,0.0
2021-10-25,103.33,105.35,103,105.09,1919056,0.0
2021-10-26,105.36,105.85,103.82,104.95,2731983,0.0
2021-10-27,105.43,105.62,102.76,104.52,1765244,0.0
2021-10-28,104.78,107.29,104.375,107.28,3004657,0.0
2021-10-29,107.13,108.41,106.815,107.77,2943898,0.0
2021-11-01,108.16,112.63,107.8,110.74,3400466,0.0
2021-11-02,110.71,113.89,110.04,111.35,5280561,0.0
2021-11-03,111,115.665,110.76,113.27,4666317,0.0
2021-11-04,113.07,116.49,103.45,108.07,11506308,0.0
2021-11-05,109.5,111.86,109.04,110,3744983,0.0
2021-11-08,109.77,110.94,108.3,110.7,2635034,0.0
2021-11-09,110.92,112.26,110.515,111.18,2513427,0.0
2021-11-10,111.45,112.55,110.96,111.64,1545745,0.0
2021-11-11,111.17,113.93,111.08,113.59,2851329,0.0
2021-11-12,114.12,115.05,113.05,113.07,3331508,0.0
2021-11-15,123.14,131.7,121.41,129.175,17453776,0.0
2021-11-16,130.09,133.21,129.39,132.63,4222187,0.0
2021-11-17,132.45,132.6,129.88,131.56,3132565,0.0
2021-11-18,132.25,134.475,129.435,134.25,3222291,0.0
2021-11-19,133.59,135.59,133.21,134.97,3708868,0.0
2021-11-22,135,135.425,132.29,132.41,4289099,0.0
2021-11-23,133.18,149.24,132.94,144.72,8381735,0.0
2021-11-24,146.06,149.3742,143.5,146.63,2811002,0.0
2021-11-26,144.38,145.31,140.25,141.11,2465857,0.0
2021-11-29,142.69,143.7973,140.4,141.39,1795238,0.0
2021-11-30,137.58,138.77,133.02,133.56,4651443,0.0
2021-12-01,135.9,137.74,132.5,132.59,2813554,0.0
2021-12-02,133.99,137.74,133.295,134.79,2862430,0.0
2021-12-03,135.12,137.31,134.0707,137.04,1884408,0.0
2021-12-06,137.84,140.2,136.52,137.79,1787788,0.0
2021-12-07,138.26,139.17,137.18,137.98,1517710,0.0
2021-12-08,138.6,139.14,135.67,138.63,1477566,0.0
2021-12-09,138.04,140.3,137.26,138.48,889473,0.0
2021-12-10,138.81,142.16,138.81,141.47,1443024,0.0
2021-12-13,140.56,141.55,138.12,141.42,884271,0.0
2021-12-14,141,141.99,138.56,139.28,1286674,0.0
2021-12-15,138.58,140.42,137.2,140.07,2487988,0.0
2021-12-16,141.05,141.05,137.245,137.99,1741720,0.0
2021-12-17,138.03,138.68,135.8,136.25,1759420,0.0
2021-12-20,134.38,136.65,132.4,136.4,1865389,0.0
2021-12-21,137.7,137.95,135.16,136.46,802854,0.0
2021-12-22,136.57,137.74,135.22,136.52,1035098,0.0
2021-12-23,136.52,137.465,135.98,137.01,724103,0.0
2021-12-27,137.07,138.71,136.79,138.52,1085420,0.0
2021-12-28,138.5,140.53,138.19,139.3,929745,0.0
2021-12-29,139.85,141.375,138.42,140.29,1247196,0.0
2021-12-30,140.29,142.6,140.15,141.28,771093,0.0
2021-12-31,140.82,141.3,140.15,140.57,755781,0.0
2022-01-03,140.52,141.8,139.89,141.14,1198036,0.0
2022-01-04,141.08,142.16,139.85,140.41,1102378,0.0
2022-01-05,140.84,143.36,139.82,140.34,1572512,0.0
2022-01-06,139.34,144.46,138.64,142.86,1607376,0.0
2022-01-07,142.57,143.87,140.5675,140.89,1424700,0.0
2022-01-10,140.23,140.61,134.57,135.67,1840631,0.0
2022-01-11,135.98,137.29,134.675,137.11,1140226,0.0
2022-01-12,137.94,139.05,136.08,136.86,1545676,0.0
2022-01-13,137.69,137.78,133.77,134.08,4960326,0.0
2022-01-14,132.18,132.75,127.5,130.83,2617488,0.0
2022-01-18,129.72,129.77,127.73,129.05,1460694,0.0
2022-01-19,129.57,133.06,129.095,131.29,1464387,0.0
2022-01-20,132.13,133.24,127.73,127.94,1680212,0.0
2022-01-21,127.43,128.86,125.79,126.19,1764388,0.0
2022-01-24,123.62,132.76,123.62,132.16,2037856,0.0
2022-01-25,130.17,132.75,128.665,131.35,1837978,0.0
2022-01-26,131.57,131.84,126.82,127.57,1784333,0.0
2022-01-27,129.28,130.84,127.69,128.33,1156402,0.0
2022-01-28,127.85,128.69,125.77,128.48,1322152,0.0
2022-01-31,128.21,131.32,128,131.19,1656809,0.0
2022-02-01,130.91,134.4,130.42,134.3,1462795,0.0
2022-02-02,133.69,134.6556,132.07,133.76,1214430,0.0
2022-02-03,132.85,133.84,131.25,131.98,1324211,0.0
2022-02-04,131.14,133.83,129.31,133.55,1461140,0.0
2022-02-07,133.68,137.1,133.68,135.74,1548688,0.0
2022-02-08,136.08,140.18,135.94,139.32,1534023,0.0
2022-02-09,140.21,142.38,140.05,141.61,1175794,0.0
2022-02-10,138.79,140.74,137.12,137.87,1104693,0.0
2022-02-11,137.76,139.64,137.01,137.39,841436,0.0
