Date,Open,High,Low,Close,Volume,OpenInterest
2020-12-04,37.97,38.66,37.97,38.56,1236508,0.0
2020-12-07,38.5,38.75,38.18,38.64,1121329,0.0
2020-12-08,38.64,38.78,38.37,38.52,1264606,0.0
2020-12-09,38.54,38.56,37.865,38.17,1082061,0.0
2020-12-10,38.21,38.48,38.03,38.24,1127261,0.0
2020-12-11,38.05,38.5,37.97,38.35,1437432,0.0
2020-12-14,38.62,39.36,38.37,38.7,1840451,0.0
2020-12-15,38.83,39.58,38.4,39.58,2052982,0.0
2020-12-16,39.61,40.28,39.46,39.91,1830227,0.0
2020-12-17,40.05,40.58,39.89,40.44,2275882,0.0
2020-12-18,40.45,40.45,38.77,39.23,2461329,0.0
2020-12-21,38.65,39.07,38.35,38.98,1524633,0.0
2020-12-22,39.02,39.47,38.92,39.4,1539720,0.0
2020-12-23,39.5,39.74,38.72,38.75,1253595,0.0
2020-12-24,38.91,39.32,38.75,39.26,457172,0.0
2020-12-28,39.4,39.8,39.11,39.72,1132406,0.0
2020-12-29,39.92,40.15,39.41,39.44,1165788,0.0
2020-12-30,39.48,39.88,39.25,39.47,916828,0.0
2020-12-31,39.49,40.01,39.09,39.96,929431,0.0
2021-01-04,40.04,40.06,38.4,38.41,1758674,0.0
2021-01-05,38.45,38.73,38.11,38.45,1581615,0.0
2021-01-06,38.25,38.35,37.61,38.18,1666379,0.0
2021-01-07,38.25,38.41,37.87,38.38,1106276,0.0
2021-01-08,38.41,39.125,38.33,38.76,974185,0.0
2021-01-11,38.57,38.867,38.18,38.34,1659998,0.0
2021-01-12,38.21,38.53,37.75,38.16,2129757,0.0
2021-01-13,38.19,38.71,38.17,38.64,2256070,0.0
2021-01-14,38.79,38.86,38.344,38.57,1283340,0.0
2021-01-15,38.66,38.915,38.06,38.9,1972544,0.0
2021-01-19,39.17,39.42,38.54,38.68,1165155,0.0
2021-01-20,38.58,40.02,38.36,39.89,1926439,0.0
2021-01-21,39.79,40.06,39.465,40.02,1789689,0.0
2021-01-22,39.83,40.25,39.7,40.24,1340344,0.0
2021-01-25,40.35,40.865,40.03,40.09,1140500,0.0
2021-01-26,40.02,41.13,39.94,40.84,1800015,0.0
2021-01-27,40.5,41.2,39.91,40.18,1892088,0.0
2021-01-28,39.91,40.42,39.28,39.5,1374340,0.0
2021-01-29,39.26,40.23,38.53,39.54,1900154,0.0
2021-02-01,39.8,40.77,39.35,40.68,1342695,0.0
2021-02-02,40.92,41.71,40.5,41.38,1668443,0.0
2021-02-03,41.27,41.37,40.73,40.89,1549962,0.0
2021-02-04,40.94,41.51,40.68,41.05,1074692,0.0
2021-02-05,41.15,41.61,40.91,41.38,898192,0.0
2021-02-08,41.39,41.72,41.16,41.62,766062,0.0
2021-02-09,41.6,41.81,41.3,41.8,876277,0.0
2021-02-10,42.03,42.315,41.66,42.04,987318,0.0
2021-02-11,42.18,42.45,41.72,41.96,860866,0.0
2021-02-12,41.5,41.71,41.3,41.58,899317,0.0
2021-02-16,41.8,41.8,40.74,41.38,736751,0.0
2021-02-17,41.35,41.53,41.06,41.22,634001,0.0
2021-02-18,41.15,41.33,40.8819,41.02,687775,0.0
2021-02-19,40.95,41.36,40.84,41,1363060,0.0
2021-02-22,40.9,40.91,40.3216,40.65,812185,0.0
2021-02-23,40.84,41.13,40.54,41.04,1357556,0.0
2021-02-24,41.01,41.04,40.34,40.34,1304133,0.0
2021-02-25,40.3,40.88,39.7,40.02,1537830,0.0
2021-02-26,40.17,40.35,39.24,39.24,1528732,0.0
2021-03-01,39.63,40.005,39.42,39.64,1222221,0.0
2021-03-02,39.43,39.49,38.61,38.84,2030861,0.0
2021-03-03,38.71,38.82,38.18,38.3,1823653,0.0
2021-03-04,38.33,39.04,38.02,38.1,1882049,0.0
2021-03-05,38.28,39.13,37.74,38.95,1080779,0.0
2021-03-08,39.14,39.5,38.83,38.89,1009143,0.0
2021-03-09,39.07,39.84,38.89,39.03,2974600,0.0
2021-03-10,39.14,39.78,38.93,39.43,1489730,0.0
2021-03-11,39.33,40.19,39.33,39.82,1500148,0.0
2021-03-12,39.89,40.77,39.65,40.72,1796297,0.0
2021-03-15,40.73,41.585,40.37,41.14,1834137,0.0
2021-03-16,41.16,41.83,41.1,41.63,1002445,0.0
2021-03-17,41.48,41.55,40.8,41.33,1719739,0.0
2021-03-18,41.1,41.63,40.77,41.63,1583354,0.0
2021-03-19,41.65,41.905,40.91,40.95,2612104,0.0
2021-03-22,40.79,41.825,40.59,41.74,1415383,0.0
2021-03-23,41.75,42.32,41.5,41.92,1658295,0.0
2021-03-24,41.79,42.49,41.65,41.99,1607540,0.0
2021-03-25,41.89,42.17,41.425,42.01,1230782,0.0
2021-03-26,42.11,42.89,41.89,42.85,1028588,0.0
2021-03-29,42.76,42.935,42.15,42.72,1161304,0.0
2021-03-30,42.59,42.74,42.39,42.48,1502987,0.0
2021-03-31,42.22,42.67,41.84,41.97,1564221,0.0
2021-04-01,42.24,42.88,42,42.87,1370498,0.0
2021-04-05,43.02,43.22,42.385,42.82,1124057,0.0
2021-04-06,42.77,43.1,42.58,43.06,1595953,0.0
2021-04-07,43.08,43.24,42.7,43.005,785380,0.0
2021-04-08,43.01,43.39,42.83,42.94,1066371,0.0
2021-04-09,43.04,43.29,42.825,43.11,757854,0.0
2021-04-12,43.15,43.28,42.55,43.27,1255978,0.0
2021-04-13,43.34,43.83,43.22,43.8,1150909,0.0
2021-04-14,43.76,43.98,43.21,43.36,770802,0.0
2021-04-15,43.53,44.3,43.505,44.26,1373240,0.0
2021-04-16,44.56,44.565,44.12,44.48,1126776,0.0
2021-04-19,44.46,44.85,44.23,44.83,1807103,0.0
2021-04-20,44.87,45.925,44.87,45.78,1895290,0.0
2021-04-21,45.87,46,45.39,45.66,1224317,0.0
2021-04-22,45.58,45.62,45.2,45.24,1051504,0.0
2021-04-23,45.31,45.5,45.11,45.37,1075595,0.0
2021-04-26,45.53,45.845,45.27,45.39,1524723,0.0
2021-04-27,45.5,45.57,44.95,45.08,2120607,0.0
2021-04-28,45.15,45.63,45.09,45.28,1623283,0.0
2021-04-29,45.48,46.06,45.43,45.83,1189611,0.0
2021-04-30,45.89,46.75,45.72,46.5,2355159,0.0
2021-05-03,46.84,46.855,46.08,46.36,2139339,0.0
2021-05-04,46.29,46.58,45.865,46.2,2328815,0.0
2021-05-05,46.1,46.1,44.985,45.25,1519842,0.0
2021-05-06,45.36,45.73,45.09,45.65,1425014,0.0
2021-05-07,45.62,45.98,45.51,45.94,1311484,0.0
2021-05-10,46.1,46.67,45.995,46.11,1742216,0.0
2021-05-11,45.9,45.91,44.92,45.34,1157374,0.0
2021-05-12,45.23,45.51,44.36,44.48,1094026,0.0
2021-05-13,44.26,44.88,44.13,44.55,2176626,0.0
2021-05-14,44.74,45.1,44.61,44.94,1254604,0.0
2021-05-17,45.04,45.16,44.8,44.9,1046380,0.0
2021-05-18,44.77,45.46,44.5146,45.22,1774614,0.0
2021-05-19,45,45.16,44.4,45.16,1363452,0.0
2021-05-20,45.24,45.79,45.18,45.64,1080310,0.0
2021-05-21,45.57,45.79,45.42,45.69,1266254,0.0
2021-05-24,45.9,46.625,45.765,46.29,1069561,0.0
2021-05-25,46.42,46.56,45.94,46.28,934911,0.0
2021-05-26,46.38,46.49,46.16,46.19,1081988,0.0
2021-05-27,46.13,46.39,46.01,46.14,943716,0.0
2021-05-28,46.4,46.71,46.18,46.46,1368821,0.0
2021-06-01,46.54,47.15,46.23,47.12,1822228,0.0
2021-06-02,47.29,48.02,47.08,48.01,1746225,0.0
2021-06-03,48,48.275,47.73,48.14,1972572,0.0
2021-06-04,48.46,48.46,47.98,48.17,1273500,0.0
2021-06-07,48.28,48.755,48.1,48.6,944208,0.0
2021-06-08,48.62,49.095,48.6,48.945,1016182,0.0
2021-06-09,49.14,49.14,48.82,48.82,841693,0.0
2021-06-10,48.78,49.715,48.675,49.69,805085,0.0
2021-06-11,49.6,49.6,49.11,49.31,1084895,0.0
2021-06-14,49.3,49.57,49.045,49.5,710720,0.0
2021-06-15,49.38,49.42,48.89,48.9,628428,0.0
2021-06-16,49.15,49.19,48.095,48.14,1283399,0.0
2021-06-17,48.1,48.87,48,48.81,1312620,0.0
2021-06-18,48.68,48.93,47.57,47.59,2058694,0.0
2021-06-21,47.78,48.94,47.53,48.75,877200,0.0
2021-06-22,48.68,48.75,48.24,48.24,1242069,0.0
2021-06-23,48.13,48.34,47.9,47.92,992679,0.0
2021-06-24,47.99,48.28,47.6,47.84,963852,0.0
2021-06-25,47.85,48.12,47.69,48.09,972348,0.0
2021-06-28,48.25,48.25,47.59,48.08,942769,0.0
2021-06-29,48.07,48.29,47.755,47.84,746338,0.0
2021-06-30,47.8,48.09,47.25,47.35,1227045,0.0
2021-07-01,47.36,47.735,47.03,47.36,1194933,0.0
2021-07-02,47.53,48.05,47.445,47.81,1885334,0.0
2021-07-06,47.905,48.415,47.376,48.38,1241469,0.0
2021-07-07,48.45,49,48.04,48.78,1681888,0.0
2021-07-08,48.5,49.25,48.34,48.85,2093898,0.0
2021-07-09,49.05,49.88,48.8,49.85,2146975,0.0
2021-07-12,50.05,50.61,49.84,50.38,1236217,0.0
2021-07-13,50.16,50.38,49.49,49.71,1753487,0.0
2021-07-14,49.67,50.32,49.34,50.1,1306102,0.0
2021-07-15,49.96,50.45,49.96,50.31,1086228,0.0
2021-07-16,50.49,50.82,50.33,50.39,833979,0.0
2021-07-19,50.14,50.58,49.8,50.19,2350328,0.0
2021-07-20,50.49,51.4,50.18,51.07,978064,0.0
2021-07-21,50.96,51.165,50.53,50.57,1015760,0.0
2021-07-22,50.39,50.6542,50.23,50.52,792456,0.0
2021-07-23,50.56,51.335,50.49,51.3,825893,0.0
2021-07-26,51.11,51.52,50.66,50.89,1279901,0.0
2021-07-27,50.96,51.36,50.72,51.3,785650,0.0
2021-07-28,51.3,51.36,50.895,51.03,1049823,0.0
2021-07-29,50.89,51.44,50.51,50.91,1011974,0.0
2021-07-30,51.09,51.675,50.79,50.88,1241590,0.0
2021-08-02,50.99,51.385,50.605,50.67,1276380,0.0
2021-08-03,50.73,51.06,50.595,50.88,1691040,0.0
2021-08-04,51.01,51.1,50.32,50.69,972760,0.0
2021-08-05,50.95,50.985,50.4,50.88,753425,0.0
2021-08-06,50.9,51.38,50.82,51.13,887330,0.0
2021-08-09,51.09,51.11,50.655,50.89,740595,0.0
2021-08-10,50.94,50.94,50.24,50.28,1786657,0.0
2021-08-11,50.31,50.56,50.19,50.39,767910,0.0
2021-08-12,50.5,50.77,50.07,50.77,1235119,0.0
2021-08-13,50.71,51.08,50.52,50.99,673059,0.0
2021-08-16,50.9,51.48,50.9,51.18,887385,0.0
2021-08-17,50.91,51.39,50.85,51.32,779511,0.0
2021-08-18,51.34,51.43,50.42,50.5,1028264,0.0
2021-08-19,50.3,50.72,50.055,50.61,1109667,0.0
2021-08-20,50.59,51.09,50.33,50.82,806530,0.0
2021-08-23,50.92,51.21,50.51,50.54,861786,0.0
2021-08-24,50.51,50.87,49.485,49.67,764185,0.0
2021-08-25,49.53,49.8199,49.28,49.47,809090,0.0
2021-08-26,49.57,50.34,49.4,50.09,1624451,0.0
2021-08-27,50.4,50.75,50.38,50.6,1909349,0.0
2021-08-30,50.99,51.94,50.56,51.88,2640248,0.0
2021-08-31,51.88,52.59,51.52,52.52,2949628,0.0
2021-09-01,52.82,53.58,52.42,53.45,1844148,0.0
2021-09-02,53.56,53.71,53.015,53.65,1111995,0.0
2021-09-03,53.5,53.725,53.01,53.62,1287648,0.0
2021-09-07,53.51,53.53,52.45,53,1207001,0.0
2021-09-08,52.8,53.67,52.765,53.29,1100008,0.0
2021-09-09,53.03,53.03,51.35,51.38,2194623,0.0
2021-09-10,51.44,51.51,50.67,50.75,1393789,0.0
2021-09-13,51.16,51.22,50.41,50.57,834731,0.0
2021-09-14,50.69,50.925,50.255,50.58,611493,0.0
2021-09-15,50.6,51.05,50.29,50.62,798845,0.0
2021-09-16,50.62,51.04,50.32,50.6,652077,0.0
2021-09-17,50.22,50.48,49.33,49.43,1287549,0.0
2021-09-20,49.11,49.5,48.42,49.11,1301651,0.0
2021-09-21,49.27,49.63,48.89,48.89,1080306,0.0
2021-09-22,49.32,49.57,49.01,49.41,1159541,0.0
2021-09-23,49.53,49.68,49.07,49.32,1071256,0.0
2021-09-24,49.2,49.42,48.76,48.85,990083,0.0
2021-09-27,48.98,49.21,47.96,48.06,1076535,0.0
2021-09-28,47.65,48.453,47.4,48.15,1488932,0.0
2021-09-29,48.3,48.8,48.28,48.63,932194,0.0
2021-09-30,48.93,48.95,47.86,47.86,1305435,0.0
2021-10-01,48.1,49.23,47.61,48.82,1395247,0.0
2021-10-04,48.8,49.61,48.68,49.42,2059663,0.0
2021-10-05,49.55,49.91,49.04,49.7,1283607,0.0
2021-10-06,49.59,50.42,48.81,50.32,1932452,0.0
2021-10-07,50.57,51.375,50.4141,50.71,1871921,0.0
2021-10-08,50.79,50.93,50.36,50.4,780081,0.0
2021-10-11,50.37,50.67,49.9904,50.63,507580,0.0
2021-10-12,50.91,51.735,50.54,51.54,961429,0.0
2021-10-13,51.4,52.42,51.4,52.37,788110,0.0
2021-10-14,52.65,53.11,52.46,53.03,877097,0.0
2021-10-15,53.36,53.56,52.96,53.21,872070,0.0
2021-10-18,53.04,54.07,52.76,53.9,1265918,0.0
2021-10-19,54.17,54.31,53.75,53.82,754483,0.0
2021-10-20,53.91,54.88,53.6,54.87,1397570,0.0
2021-10-21,54.9,55.54,54.6328,55.18,1307800,0.0
2021-10-22,55.22,55.8,54.92,55.51,733067,0.0
2021-10-25,55.61,55.72,55.03,55.71,870609,0.0
2021-10-26,55.755,55.96,55.3306,55.6,1442385,0.0
2021-10-27,55.87,56.12,55.42,55.45,1008412,0.0
2021-10-28,55.58,56.77,55.47,56.74,1255452,0.0
2021-10-29,56.54,56.99,56.08,56.23,1349235,0.0
2021-11-01,56.54,56.68,55.08,56.33,1123710,0.0
2021-11-02,56.52,56.74,55.86,56.1,1841583,0.0
2021-11-03,56.17,56.665,55.86,56.3,1117499,0.0
2021-11-04,56.63,56.71,56.11,56.46,826322,0.0
2021-11-05,56.66,57,56.005,56.04,750530,0.0
2021-11-08,56.04,56.75,55.815,56.74,796992,0.0
2021-11-09,56.88,56.88,56.29,56.66,690612,0.0
2021-11-10,56.65,57.485,56.46,57.19,1017985,0.0
2021-11-11,57.09,57.73,56.83,57.71,959473,0.0
2021-11-12,57.69,57.98,57.38,57.68,745588,0.0
2021-11-15,57.35,57.91,57.2,57.88,961650,0.0
2021-11-16,57.87,58.1306,57.35,57.77,1082267,0.0
2021-11-17,57.59,58.15,56.81,58.14,801303,0.0
2021-11-18,58.18,58.265,57.71,58.23,1018530,0.0
2021-11-19,58.67,59.0097,58.37,58.69,1093381,0.0
2021-11-22,58.94,59.33,58.18,58.77,713410,0.0
2021-11-23,58.61,59.35,58.39,59.12,562775,0.0
2021-11-24,59.23,60.07,59,59.92,737265,0.0
2021-11-26,59.18,59.87,58.37,58.41,537242,0.0
2021-11-29,58.77,59.98,58.52,59.45,710446,0.0
2021-11-30,58.97,59.69,58.17,58.31,1567147,0.0
2021-12-01,59.06,60.64,58.51,58.55,1264551,0.0
2021-12-02,58.9,60.34,58.87,59.75,1108223,0.0
2021-12-03,59.96,60.41,59,59.67,814272,0.0
2021-12-06,60.11,61.04,60.01,60.8,936241,0.0
2021-12-07,61.06,61.955,61.04,61.4,1243013,0.0
2021-12-08,61.4,62.08,61.36,61.8,882566,0.0
2021-12-09,61.64,61.68,60.91,61.04,1098888,0.0
2021-12-10,61.3,61.82,61.05,61.6,879560,0.0
2021-12-13,61.8,63.095,61.43,62.81,678325,0.0
2021-12-14,62.39,62.6982,61.4,62.14,1597529,0.0
2021-12-15,62.31,63.515,62.31,62.88,1262893,0.0
2021-12-16,62.81,63.43,62.12,62.59,1098456,0.0
2021-12-17,64.11,63.123,61.93,62.08,1451579,0.0
2021-12-20,61.68,62.58,61.2,62.32,999370,0.0
2021-12-21,62.62,62.79,61.9,62.25,618719,0.0
2021-12-22,62.37,62.81,62.37,62.76,514239,0.0
2021-12-23,62.86,63.11,62.25,62.59,584660,0.0
2021-12-27,62.89,64.33,62.77,64.33,608388,0.0
2021-12-28,64.32,64.52,63.895,64.41,532447,0.0
2021-12-29,64.8,65.32,64.21,65.13,544047,0.0
2021-12-30,65.22,65.3827,64.8,65.15,561698,0.0
2021-12-31,65.28,66.22,65.09,65.66,812319,0.0
2022-01-03,65.65,65.7995,63.11,64.56,1135204,0.0
2022-01-04,64.56,65.22,63.33,63.75,1319045,0.0
2022-01-05,63.47,63.99,62.05,62.07,2594453,0.0
2022-01-06,62.04,62.62,61.19,61.56,2676977,0.0
2022-01-07,60.71,61.5,59.875,60.22,1611961,0.0
2022-01-10,59.94,60.22,59.17,60.16,1189648,0.0
2022-01-11,60.03,60.385,59.115,60.28,977654,0.0
2022-01-12,60.31,60.75,59.97,60.21,691650,0.0
2022-01-13,60.2,60.38,59.735,60.24,1038328,0.0
2022-01-14,60.07,60.07,58.815,59.81,1014623,0.0
2022-01-18,58.95,59.21,58.28,59.07,1365873,0.0
2022-01-19,59.65,59.7925,58.07,58.16,1024347,0.0
2022-01-20,58.42,58.9,57.7,57.79,1203521,0.0
2022-01-21,58.17,58.82,57.45,57.62,1552990,0.0
2022-01-24,57.22,57.37,55.39,57.04,1358914,0.0
2022-01-25,56.61,57.19,55.74,56.96,1210674,0.0
2022-01-26,57.06,57.93,55.89,56.46,1428493,0.0
2022-01-27,56.64,57.03,54.855,55.3,1726009,0.0
2022-01-28,55.5,57.2,54.52,57.19,1431555,0.0
2022-01-31,56.805,57.85,56.765,57.76,1448992,0.0
2022-02-01,57.78,57.99,56.755,57.17,1398421,0.0
2022-02-02,57.31,59.05,57.31,58.86,1623138,0.0
2022-02-03,58.81,59.14,58.391,58.8,1213486,0.0
2022-02-04,58.42,58.53,57.34,57.67,993288,0.0
2022-02-07,57.71,58.03,57.045,57.3,1494679,0.0
2022-02-08,57.33,57.61,56.91,57.08,1613043,0.0
2022-02-09,57.73,58.7,57.72,58.55,1748290,0.0
2022-02-10,57.65,57.98,55.72,55.95,1341655,0.0
2022-02-11,55.98,56.49,54.72,55.2,1567346,0.0
