Date,Open,High,Low,Close,volume,trade_count,vwap
2020-12-31,15.99,16.21,15.65,15.81,8597447,49317,15.855047
2021-01-04,16.0,16.43,15.71,16.13,10303755,59252,16.103887
2021-01-05,16.38,17.94,16.352,17.36,17603643,110583,17.387607
2021-01-06,17.7,18.65,17.505,18.32,89656114,179529,18.276462
2021-01-07,18.22,19.27,17.97,18.57,21497592,100532,18.67296
2021-01-08,18.79,18.85,17.915,18.11,13952038,74578,18.24561
2021-01-11,17.57,18.385,17.3,18.33,10891056,65827,18.061717
2021-01-12,18.72,19.88,18.36,19.71,17630696,95602,19.44813
2021-01-13,19.66,19.72,19.01,19.13,10870304,62732,19.23028
2021-01-14,19.27,20.77,19.25,20.28,12994706,73890,20.273515
2021-01-15,19.92,19.9379,18.99,19.57,12581056,67754,19.581277
2021-01-19,19.99,20.135,19.52,20.0,10915447,58829,19.901532
2021-01-20,20.24,20.3,19.5,19.97,10245737,58655,19.899417
2021-01-21,19.91,19.99,17.48,18.39,21216986,125177,18.441806
2021-01-22,17.8,18.075,17.3,17.8,16633705,96082,17.723095
2021-01-25,17.53,17.63,16.69,17.37,15034543,86703,17.132959
2021-01-26,17.7,17.9327,16.83,16.85,11023129,64999,17.170666
2021-01-27,16.46,17.57,16.105,17.21,15504258,94161,17.090907
2021-01-28,17.42,17.555,16.66,17.2,12285760,84758,17.108371
2021-01-29,17.01,17.61,16.31,16.46,11201202,65236,16.725314
2021-02-01,16.8,16.97,16.17,16.76,9160487,57700,16.609429
2021-02-02,17.29,17.525,16.85,16.96,10544521,59535,17.107731
2021-02-03,17.18,18.25,17.14,18.2,10508844,56734,17.855681
2021-02-04,18.35,18.38,17.665,18.15,7402602,45831,18.095722
2021-02-05,18.63,18.81,17.86,17.9,9425314,53348,18.131241
2021-02-08,18.12,18.9,18.03,18.75,10309506,56783,18.583159
2021-02-09,18.95,19.14,18.4,18.87,8260983,47495,18.850666
2021-02-10,18.97,19.84,18.845,19.73,11604830,71898,19.536916
2021-02-11,19.52,19.53,18.69,19.3,7221140,45753,19.143728
2021-02-12,19.1,20.0,18.97,19.98,9125651,54727,19.695433
2021-02-16,20.59,21.12,20.36,20.87,14500260,86820,20.812055
2021-02-17,20.65,21.9757,20.4002,21.73,13267033,86299,21.471386
2021-02-18,21.52,21.68,20.495,20.54,10719848,61806,20.806139
2021-02-19,20.63,20.91,20.38,20.83,9343799,54604,20.705206
2021-02-22,21.07,22.5001,20.88,21.25,19651010,93433,21.742243
2021-02-23,21.35,21.75,19.61,21.59,17987015,102883,21.270312
2021-02-24,21.7,22.45,21.32,22.27,15609181,108469,22.148373
2021-02-25,22.39,22.655,21.23,21.35,17195291,119009,21.860224
2021-02-26,21.02,21.77,20.36,21.54,16250070,106205,21.315077
2021-03-01,22.02,22.62,21.85,22.4,11830955,75453,22.349769
2021-03-02,22.49,23.18,22.3,22.48,10516975,76039,22.7786
2021-03-03,22.74,23.5,22.67,22.69,13706139,91063,23.080212
2021-03-04,22.93,24.14,22.4,23.62,19432590,139623,23.371539
2021-03-05,24.55,26.13,24.025,25.61,25108739,174540,25.16063
2021-03-08,25.75,25.97,24.21,24.57,22490894,154705,24.88716
2021-03-09,24.61,24.855,23.69,23.83,11746010,90517,24.188816
2021-03-10,23.79,24.19,23.235,23.9,16969663,108510,23.744174
2021-03-11,24.2,24.94,24.11,24.64,13936636,86766,24.542419
2021-03-12,24.58,24.75,24.085,24.25,9798672,62608,24.375756
2021-03-15,24.23,24.76,23.66,24.61,10405324,71031,24.350381
2021-03-16,24.0,24.27,23.3627,23.51,9902649,69042,23.643169
2021-03-17,23.4,23.905,23.005,23.68,11863688,75137,23.509451
2021-03-18,23.55,23.66,21.975,22.36,17018564,94733,22.718009
2021-03-19,22.4,22.965,22.12,22.7,18112256,75818,22.686911
2021-03-22,22.58,22.635,22.1,22.33,11954238,64676,22.35106
2021-03-23,21.7,22.44,21.45,21.74,13197930,77929,21.886521
2021-03-24,22.42,23.12,22.3,22.34,11052433,81201,22.720969
2021-03-25,21.68,22.44,21.19,22.35,9282934,73081,21.910984
2021-03-26,22.97,23.18,22.11,22.74,11916266,86013,22.659884
2021-03-29,22.56,22.845,21.55,21.85,10882129,77787,21.959406
2021-03-30,21.51,22.105,21.18,22.0,8064609,57892,21.795656
2021-03-31,22.0,22.03,21.45,21.85,9276051,60434,21.78108
2021-04-01,22.18,23.55,22.08,23.5,14111060,91617,23.027928
2021-04-05,23.41,23.44,22.35,22.46,11295827,67569,22.662055
2021-04-06,22.76,23.52,22.57,22.78,15303727,70586,22.913006
2021-04-07,22.82,22.95,22.41,22.52,7795975,46970,22.5993
2021-04-08,22.22,22.39,21.77,22.34,7729102,54475,22.177966
2021-04-09,22.31,22.655,21.9,22.04,6809657,49115,22.117803
2021-04-12,22.35,22.5996,21.77,21.88,6710390,47288,22.028258
2021-04-13,21.84,21.97,21.455,21.69,6790275,47243,21.703905
2021-04-14,21.97,23.15,21.91,22.49,11396172,75715,22.682231
2021-04-15,22.48,22.62,22.015,22.37,6372174,51840,22.295536
2021-04-16,22.51,22.56,21.68,21.88,5997191,46210,21.985566
2021-04-19,21.94,22.485,21.63,22.03,8094863,52066,21.993208
2021-04-20,21.84,21.9,20.44,20.97,12965739,79623,20.848924
2021-04-21,20.14,21.38,20.14,21.17,6994484,43808,21.068362
2021-04-22,21.26,21.34,20.79,21.0,6481631,43875,21.058753
2021-04-23,21.17,21.56,20.88,21.44,5026924,36495,21.358077
2021-04-26,21.38,22.04,21.295,21.87,7850877,51360,21.851415
2021-04-27,21.95,22.29,21.6,22.14,7286359,44155,21.99475
2021-04-28,22.64,24.2,22.47,24.03,15795509,97175,23.747168
2021-04-29,24.41,24.85,23.7,24.07,11401901,74161,24.117349
2021-04-30,23.61,24.208,23.33,23.38,8560510,54631,23.604811
2021-05-03,23.69,23.81,23.16,23.62,10238163,66793,23.559541
2021-05-04,23.74,24.09,23.02,23.45,10867940,70704,23.448459
2021-05-05,24.0,25.645,23.67,25.23,22483013,140819,25.089854
2021-05-06,25.14,25.3,24.43,25.27,10638288,72712,24.923478
2021-05-07,24.86,26.58,24.7098,26.22,13219437,84599,25.826572
2021-05-10,26.57,27.32,25.99,26.03,12619661,84414,26.430085
2021-05-11,25.22,25.89,24.72,25.74,10486469,72887,25.51065
2021-05-12,25.98,27.015,25.285,25.58,14133379,85586,26.197141
2021-05-13,25.07,25.69,24.27,24.75,10650164,74916,24.908967
2021-05-14,25.24,26.4,25.24,26.38,9409610,66303,26.038382
2021-05-17,26.1,27.35,26.06,27.19,12044309,75795,26.902831
2021-05-18,27.34,27.435,26.21,26.24,13286891,87574,26.584751
2021-05-19,25.45,25.62,24.58,25.28,13867323,82745,25.117837
2021-05-20,25.17,25.3998,24.56,25.26,7717309,48460,24.987976
2021-05-21,25.42,25.99,25.32,25.35,8636067,49453,25.610864
2021-05-24,25.79,26.08,25.25,25.95,9454722,60053,25.856771
2021-05-25,25.88,26.39,25.69,25.8,13301396,73188,25.937277
2021-05-26,25.84,26.485,25.64,26.41,8220125,55486,26.201487
2021-05-27,26.6,26.93,26.25,26.65,14805102,55477,26.58656
2021-05-28,26.84,26.91,26.28,26.56,6135409,40699,26.54807
2021-06-01,29.9,30.34,28.58,30.2,37271312,182859,29.573183
2021-06-02,30.32,31.3851,29.72,30.8,16381902,101552,30.893299
2021-06-03,30.46,31.3,30.23,31.17,10345029,69327,31.005916
2021-06-04,31.44,31.81,30.7,31.66,9923101,71132,31.359403
2021-06-07,31.51,31.99,30.66,30.92,9893697,76938,31.099694
2021-06-08,30.49,31.115,30.11,30.85,9774920,71622,30.768182
2021-06-09,30.99,31.18,29.79,29.93,9751248,68462,30.248179
2021-06-10,30.56,30.63,29.05,29.39,11256743,80200,29.606624
2021-06-11,29.29,29.56,29.11,29.29,6369132,40598,29.305104
2021-06-14,29.56,29.945,28.76,28.98,7973969,51178,29.201327
2021-06-15,29.07,29.74,29.01,29.6,7207208,49061,29.466429
2021-06-16,29.27,29.56,28.525,29.06,9401476,65733,29.00945
2021-06-17,28.97,29.33,27.15,27.59,14935693,97289,27.763153
2021-06-18,26.85,27.44,26.67,26.75,16717147,82584,26.912166
2021-06-21,27.2,28.6275,27.18,28.6,10522296,66655,28.159614
2021-06-22,28.4,28.7,27.86,28.54,7985055,56377,28.406158
2021-06-23,28.87,29.91,28.845,29.1,9472419,65080,29.35017
2021-06-24,29.11,29.76,28.64,29.74,9082446,53670,29.463487
2021-06-25,29.84,29.99,29.28,29.76,10950652,45793,29.715966
2021-06-28,29.6,29.68,28.07,28.41,12305448,73314,28.515693
2021-06-29,28.57,28.88,27.85,28.02,8815209,49060,28.31604
2021-06-30,28.43,29.28,28.39,29.19,10811058,61451,29.021358
2021-07-01,30.3,30.55,29.4,29.96,11419226,70686,29.902702
2021-07-02,29.7,29.97,29.19,29.23,9162449,54313,29.430199
2021-07-06,29.23,29.295,27.66,27.84,15091506,92407,28.157949
2021-07-07,28.1,28.61,27.0233,27.53,13725245,85414,27.640215
2021-07-08,26.75,28.18,26.55,27.76,10277271,72365,27.586294
2021-07-09,28.1,28.74,27.6,28.65,8798425,58592,28.421543
2021-07-12,28.02,28.9,27.86,28.7,8412666,54767,28.555415
2021-07-13,28.49,29.18,28.32,28.97,9872224,64734,28.889495
2021-07-14,29.14,29.705,26.97,27.3,16481601,99502,27.964261
2021-07-15,26.9,27.59,26.52,26.65,13413080,82833,26.964481
2021-07-16,27.0,27.1,25.63,25.78,13512143,83031,26.095655
2021-07-19,24.59,25.23,24.05,24.93,16785501,109220,24.561753
2021-07-20,25.0,25.83,24.54,25.33,13288984,88012,25.369295
2021-07-21,25.84,26.71,25.705,26.34,9047927,59912,26.285068
2021-07-22,26.43,26.58,25.89,25.99,6985661,50413,26.129399
2021-07-23,26.05,26.0745,25.18,25.62,7979878,51507,25.489541
2021-07-26,25.84,26.76,25.68,26.65,8328315,58784,26.476396
2021-07-27,26.27,26.52,25.7199,25.94,8496839,62582,26.009698
2021-07-28,26.28,26.79,25.8,26.46,6864061,46811,26.323202
2021-07-29,26.95,27.04,26.41,26.63,6000974,47635,26.711003
2021-07-30,26.45,26.55,25.54,25.84,9252447,64071,25.905913
2021-08-02,25.92,26.76,25.28,25.49,8722636,62734,25.817425
2021-08-03,25.26,26.26,24.85,26.21,10427162,72951,25.867119
2021-08-04,25.35,26.005,24.82,25.29,12755268,90570,25.47431
2021-08-05,25.65,27.045,25.65,26.63,10405123,70377,26.675679
2021-08-06,27.04,27.46,26.67,27.01,7947428,60255,27.014933
2021-08-09,26.33,26.8,25.97,26.64,7779608,49901,26.509585
2021-08-10,26.86,27.73,26.81,27.65,8143391,59573,27.482332
2021-08-11,27.35,28.0991,27.05,28.0,6992243,53320,27.748899
2021-08-12,27.95,28.53,27.655,28.47,7314258,54947,28.15633
2021-08-13,28.38,28.72,27.94,28.01,5642255,40582,28.249265
2021-08-16,27.49,27.55,26.87,27.17,8969531,55446,27.229444
2021-08-17,26.9,27.58,26.7,26.91,8285938,59559,27.006418
2021-08-18,26.96,27.41,26.09,26.14,7767943,54299,26.72668
2021-08-19,25.47,25.83,24.46,25.34,15513269,106312,25.045995
2021-08-20,24.96,25.78,24.79,25.7,8928258,61673,25.461051
2021-08-23,26.72,27.37,26.64,27.26,7800476,55072,27.140284
2021-08-24,27.73,28.61,27.55,28.53,10505202,62182,28.19537
2021-08-25,28.65,29.505,28.2,29.24,10562502,73380,29.138784
2021-08-26,29.0,29.59,28.69,29.09,11948253,84867,29.202903
2021-08-27,29.46,30.41,29.46,30.36,13642579,87810,30.137206
2021-08-30,30.42,30.55,29.57,29.78,7960276,58553,29.932114
2021-08-31,29.66,30.315,29.415,29.55,11523334,69850,29.696846
2021-09-01,29.4,29.59,27.67,28.24,20541451,129020,28.43209
2021-09-02,28.6,29.97,28.6,29.32,11710838,84031,29.469441
2021-09-03,29.21,29.8,28.995,29.17,7302229,56569,29.236747
2021-09-07,28.9,29.33,28.73,29.06,5938789,51914,28.996534
2021-09-08,29.25,29.615,28.03,28.23,8835592,69806,28.491369
2021-09-09,27.95,29.075,27.73,28.45,9202202,78483,28.542436
2021-09-10,28.7,29.03,28.02,28.07,6570967,50682,28.329984
2021-09-13,28.76,29.475,28.57,28.92,9777209,86648,28.999386
2021-09-14,29.15,29.287,27.87,28.27,9036068,70151,28.381458
2021-09-15,28.89,30.43,28.88,30.33,20474965,125357,29.859287
2021-09-16,30.22,30.5799,29.7098,30.31,10062177,72253,30.171069
2021-09-17,30.61,30.69,29.72,29.79,24716853,76401,29.879543
2021-09-20,28.54,28.83,27.4,28.18,14167062,101169,28.057576
2021-09-21,28.83,28.91,27.812,28.49,11100876,90676,28.357571
2021-09-22,29.23,30.84,29.21,30.44,15884173,104361,30.36726
2021-09-23,30.55,32.925,30.49,32.8,15565521,101807,32.312638
2021-09-24,32.4,33.34,32.26,33.09,10317600,79259,32.967004
2021-09-27,34.0,35.09,33.92,35.0,17185411,121906,34.631707
2021-09-28,35.53,35.97,34.86,35.13,15478070,128240,35.283027
2021-09-29,35.1,36.04,34.54,35.75,13237488,88470,35.504528
2021-09-30,35.5,35.91,34.905,35.51,15377682,113607,35.53493
2021-10-01,35.86,37.17,35.81,36.81,14225876,103076,36.661368
2021-10-04,37.5,39.4,37.44,38.76,19106870,137144,38.736971
2021-10-05,39.34,40.245,38.825,40.08,19177700,135518,39.736756
2021-10-06,39.1,39.78,38.04,38.68,16874476,139246,38.647269
2021-10-07,38.81,38.98,37.515,38.4,14045804,111101,38.359092
2021-10-08,39.0,39.97,38.82,39.86,10930480,83044,39.507848
2021-10-11,40.66,40.8628,39.25,39.45,10082370,85039,39.867868
2021-10-12,39.45,40.23,38.7607,39.25,9290542,78513,39.346336
2021-10-13,38.58,39.37,38.05,38.99,7638316,67723,38.821129
2021-10-14,39.77,39.94,39.015,39.78,7616452,65191,39.524877
2021-10-15,40.25,40.98,40.03,40.1,7690204,66660,40.506829
2021-10-18,40.67,41.98,39.88,40.52,11702846,95360,40.89431
2021-10-19,40.64,41.805,40.11,40.3,16015884,111916,40.777568
2021-10-20,39.78,41.025,39.52,40.91,10517626,74868,40.53395
2021-10-21,40.6,40.79,39.155,39.7,9901211,80254,39.776093
2021-10-22,39.95,40.46,39.36,40.44,7240372,62381,40.047779
2021-10-25,41.0,41.3,40.09,40.66,8556455,67902,40.618744
2021-10-26,40.92,41.74,40.75,41.51,6619014,55716,41.341976
2021-10-27,40.6,41.06,39.41,39.61,8968595,76512,40.053219
2021-10-28,39.52,40.5446,39.49,40.5,5805991,56359,39.962094
2021-10-29,40.29,40.39,39.355,40.08,7892227,60765,39.996284
2021-11-01,41.03,42.4,40.825,41.99,13346084,96296,41.810458
2021-11-02,41.76,42.53,41.7,41.98,9630443,80046,42.084788
2021-11-03,42.59,44.03,41.48,41.97,15027595,114347,42.478483
2021-11-04,42.96,43.76,41.87,42.36,11443206,97338,42.605688
2021-11-05,43.09,43.67,42.32,43.58,8679298,78047,43.232048
2021-11-08,44.15,44.789,43.81,44.12,8015624,67217,44.229246
2021-11-09,44.12,44.4,42.615,43.99,7062101,67372,43.522239
2021-11-10,43.45,43.88,41.605,42.33,9198127,81175,42.565659
2021-11-11,42.59,43.32,42.575,42.72,6520698,57688,42.933586
2021-11-12,42.33,42.87,42.03,42.58,5991105,54207,42.409401
2021-11-15,42.55,43.755,41.67,43.18,8699676,76235,42.861746
2021-11-16,43.2,43.87,42.75,43.43,5646942,50926,43.372296
2021-11-17,42.98,43.99,42.05,42.29,7818556,74022,42.828057
2021-11-18,42.44,43.945,41.82,43.32,8300672,68278,43.172868
2021-11-19,41.69,42.1784,40.41,40.6,14548554,113397,40.933204
2021-11-22,40.49,42.05,40.2021,41.14,10872525,94515,41.454307
2021-11-23,42.22,43.69,42.22,43.44,11150099,94470,43.180154
2021-11-24,43.16,45.56,43.1,45.09,12192816,97325,44.931245
2021-11-26,42.0,42.86,39.91,42.7,15869415,114278,41.143972
2021-11-29,44.03,45.04,43.15,43.92,10614876,89326,44.002532
2021-11-30,42.92,43.86,41.52,42.06,18030091,135370,42.352284
2021-12-01,43.85,43.94,40.75,40.84,12589950,111192,42.037475
2021-12-02,40.37,41.855,39.07,41.59,13625882,118120,41.000036
2021-12-03,42.37,43.23,40.95,41.77,9942626,92435,41.746573
2021-12-06,42.35,43.175,41.35,42.36,8402059,78749,42.4099
2021-12-07,43.12,45.39,43.12,45.12,12990372,109807,44.904513
2021-12-08,45.33,45.55,44.52,44.91,8225772,67574,44.970873
2021-12-09,43.5,43.5565,42.02,42.32,10936020,93004,42.495769
2021-12-10,42.98,43.52,41.51,43.42,8007945,72888,42.570109
2021-12-13,42.57,43.0,40.98,41.06,9519072,82829,41.601884
2021-12-14,40.4,41.08,39.89,40.34,11230788,86927,40.519793
2021-12-15,40.33,40.34,38.17,39.98,14612904,109458,39.287503
2021-12-16,40.35,41.55,40.04,40.36,10215333,76891,40.660604
2021-12-17,39.88,40.1,38.3,39.2,20541456,92501,39.280806
2021-12-20,35.63,38.38,35.55,38.26,20191852,123826,37.261813
2021-12-21,38.96,41.555,38.94,41.31,15169500,96506,40.858647
2021-12-22,41.31,42.9,40.7,42.29,7562363,71707,42.102293
2021-12-23,42.44,42.78,41.97,42.05,5395236,51542,42.232357
2021-12-27,41.93,44.75,41.3112,44.61,8181114,67497,43.795681
2021-12-28,44.9,45.35,44.095,44.5,6371443,55416,44.632098
2021-12-29,44.26,45.0899,43.93,44.2,7492857,57742,44.438459
2021-12-30,44.28,44.799,43.605,43.67,4919009,46190,44.038058
2021-12-31,43.5,44.305,43.31,44.05,4891577,45108,43.907951
2022-01-03,44.09,45.765,43.97,45.57,10253402,87096,45.229494
2022-01-04,46.2,47.97,46.12,47.66,15533231,124147,47.27869
2022-01-05,48.15,48.675,46.515,46.61,13749954,115109,47.649623
2022-01-06,48.44,48.985,47.0,48.37,14510683,122831,48.359512
2022-01-07,48.44,49.75,47.82,48.89,15599271,136458,48.974339
2022-01-10,48.27,48.76,46.78,48.5,9794253,90398,47.854611
2022-01-11,49.18,50.11,47.845,49.8,13170303,106783,49.156356
2022-01-12,50.64,51.16,49.565,49.9,14588737,111882,50.124338
2022-01-13,49.83,50.84,49.29,49.64,10730475,88084,50.025255
2022-01-14,49.75,51.45,49.7401,50.39,12845538,110619,50.318408
2022-01-18,51.08,51.99,49.21,50.36,11567751,112919,50.531842
2022-01-19,50.84,51.0,48.92,48.93,12210520,87303,49.507234
2022-01-20,48.21,50.95,47.68,48.63,13331851,110091,49.607299
2022-01-21,47.0,47.31,45.04,46.12,17177359,155818,46.269928
2022-01-24,44.45,48.5073,42.87,48.33,24929027,186745,45.708861
2022-01-25,48.0,51.84,46.92,51.26,18406405,147135,50.003126
2022-01-26,52.0,53.22,50.7,51.79,16468333,137088,52.160305
2022-01-27,53.15,54.26,50.6,51.74,13575370,141633,51.918093
2022-01-28,52.31,52.74,50.3,51.55,9686438,96108,51.544326
2022-01-31,51.43,51.51,49.64,50.57,11883643,109847,50.713429
2022-02-01,50.2,53.25,49.53,52.56,11682035,116863,52.178542
2022-02-02,52.12,53.43,51.42,53.24,9374988,99024,52.44807
2022-02-03,52.78,53.4899,51.58,53.01,9225386,96351,52.696477
2022-02-04,53.85,55.44,52.68,52.87,12733898,117829,53.614031
2022-02-07,52.74,53.81,51.47,52.59,10274887,105038,52.883336
2022-02-08,52.4,52.59,50.55,51.19,9736753,99785,51.194632
2022-02-09,51.39,52.85,51.23,52.12,7097731,76420,52.175232
2022-02-10,51.73,53.95,51.73,52.22,9390092,105957,52.878065
2022-02-11,52.64,54.15,52.14,54.11,11465414,103382,53.603902
2022-02-14,53.78,53.86,51.52,52.26,11210068,105792,52.209672
2022-02-15,50.72,51.7864,50.05,51.42,10957351,122005,51.075882
2022-02-16,52.11,55.7,52.07,53.85,20501003,176417,54.561636
2022-02-17,54.08,56.42,54.05,55.25,17441960,162696,55.316087
2022-02-18,54.25,55.21,53.67,54.78,11431680,110598,54.631985
2022-02-22,57.5,58.03,51.25,52.67,22856574,200516,53.200475
2022-02-23,53.25,54.7768,52.89,53.55,12115246,114835,53.672368
2022-02-24,53.7,54.1,51.21,52.75,21050541,203824,52.45191
2022-02-25,53.34,55.22,52.7773,55.2,12176772,111810,54.363067
2022-02-28,55.07,59.66,54.85,59.55,21995230,178589,58.235016
2022-03-01,60.0,60.7396,57.73,59.25,18384258,176588,59.225413
2022-03-02,60.0,60.42,58.11,58.65,17240663,147120,59.210814
2022-03-03,57.95,59.33,57.13,58.85,11275201,123827,58.406795
2022-03-04,59.06,59.94,56.8,59.57,17922320,148888,58.769591
2022-03-07,60.5,62.79,58.2791,59.89,21136992,213308,60.637846
2022-03-08,61.3,63.1,56.04,59.48,23785161,214821,60.027165
2022-03-09,57.5,59.64,56.01,58.94,17157101,171154,58.326757
2022-03-10,59.64,60.88,58.68,60.57,17889981,176556,60.080923
2022-03-11,58.28,59.81,58.2002,58.64,10679459,114867,58.948554
2022-03-14,56.39,56.93,52.1,52.69,21614917,209110,53.445936
2022-03-15,50.6,53.88,50.2,53.01,17265924,168920,52.191107
2022-03-16,53.06,54.48,51.56,52.46,12678971,118298,52.817262
2022-03-17,54.26,57.9,53.87,57.52,14478405,135074,56.348504
2022-03-18,57.66,58.6264,57.395,58.27,19432690,115334,58.091411
2022-03-21,60.0,62.22,59.51,61.44,16891732,135219,61.053417
2022-03-22,61.0,61.74,59.72,60.63,9673913,92456,60.638954
2022-03-23,62.5,63.26,60.95,61.67,11239598,101345,61.967929
2022-03-24,61.5,61.9297,60.8,61.54,7344963,75244,61.455275
2022-03-25,61.0,62.88,60.89,62.5,8542761,82823,62.208648
2022-03-28,60.81,61.0399,59.4,60.45,8959562,86047,60.410721
2022-03-29,58.55,60.56,57.66,60.51,10398526,107440,59.112595
2022-03-30,61.2,61.72,60.14,60.56,7611309,74611,60.694768
2022-03-31,60.23,61.5296,59.12,59.13,11320470,98213,60.150668
2022-04-01,59.37,60.8242,59.37,60.35,6279812,71234,60.297791
2022-04-04,61.45,62.11,59.72,60.85,8383763,83930,60.575059
2022-04-05,61.05,61.62,58.13,58.47,8656456,89677,59.35136
2022-04-06,59.3,59.57,57.41,58.34,9126547,101079,58.306164
2022-04-07,59.02,60.405,58.24,60.23,7931682,80018,59.602822
2022-04-08,60.34,62.5401,60.21,62.37,10105745,107513,61.616946
2022-04-11,61.55,61.6,59.85,60.03,9006836,93084,60.521612
2022-04-12,61.45,63.42,61.44,62.26,9406517,96955,62.645028
2022-04-13,63.5,64.29,62.28,63.75,9938372,94150,63.493218
2022-04-14,63.38,64.0511,62.53,62.56,8611519,88299,63.027009
2022-04-18,63.24,64.24,62.65,63.54,9411732,67995,63.559458
2022-04-19,63.28,64.43,62.6008,63.0,8148130,82360,63.263038
2022-04-20,63.89,64.98,63.5327,64.61,7108993,72160,64.405534
2022-04-21,65.0,65.45,60.86,61.15,10688790,102933,62.485844
2022-04-22,61.0,61.68,57.69,58.07,9720948,99539,59.110405
2022-04-25,55.8,56.45,53.12,56.18,13582961,128016,55.14009
2022-04-26,56.95,58.49,56.14,56.4,9610952,104126,57.045616
2022-04-27,56.84,58.88,55.64,58.07,8146749,90693,57.796459
2022-04-28,58.29,60.52,56.49,59.89,7861443,80214,58.780127
2022-04-29,59.99,60.79,57.82,58.17,7826771,83290,59.278479
2022-05-02,57.5,58.63,56.44,58.35,11298339,118579,57.77157
2022-05-03,61.0,64.47,59.37,64.28,22028883,182436,62.884512
2022-05-04,65.48,67.91,63.96,67.74,15026965,140856,65.858152
2022-05-05,68.73,68.87,65.1,67.15,12976476,129913,67.078606
