Date,Open,High,Low,Close,volume,trade_count,vwap
2020-12-31,119.27,120.4,118.73,120.14,1058113,14588,119.842106
2021-01-04,120.3,121.58,117.87,118.75,1947789,31436,119.242506
2021-01-05,118.25,120.54,118.18,120.01,1217420,20338,119.790559
2021-01-06,122.31,128.36,122.16,126.45,3083004,41117,126.599704
2021-01-07,127.79,130.0,126.43,129.09,2585358,31682,128.987446
2021-01-08,129.28,129.9,125.14,126.88,2695628,30274,126.928255
2021-01-11,125.2,127.77,125.1323,126.96,1490239,21137,126.957428
2021-01-12,126.99,128.61,126.16,128.34,1479967,19818,128.022284
2021-01-13,127.91,128.34,125.3,125.41,2344135,27250,126.061407
2021-01-14,126.23,126.6,124.19,124.62,4047729,32013,124.940473
2021-01-15,122.92,123.4,121.0,123.17,2590593,27603,122.623683
2021-01-19,124.5,126.955,124.01,125.5,2144502,25717,125.624357
2021-01-20,125.55,126.49,124.365,125.98,1698637,21051,125.889549
2021-01-21,125.93,126.87,124.9,125.13,1348542,18328,125.487511
2021-01-22,124.43,125.22,122.93,124.43,1405702,18926,124.38128
2021-01-25,123.96,124.23,121.29,121.82,1598960,23903,122.066423
2021-01-26,122.53,122.61,120.5,120.74,1140763,17746,121.423937
2021-01-27,118.5,118.91,114.01,114.86,2062296,33570,115.451196
2021-01-28,115.92,119.71,115.52,118.29,1537357,25257,118.549964
2021-01-29,117.9,121.75,116.74,117.7,2444790,32749,118.644409
2021-02-01,119.0,122.17,118.33,121.54,3054739,36323,120.71009
2021-02-02,121.75,123.43,118.655,120.44,4882987,47663,120.625745
2021-02-03,120.89,121.55,119.0,119.54,2133456,28729,119.791561
2021-02-04,119.74,120.89,119.01,120.54,2184182,30671,120.147163
2021-02-05,122.04,122.69,120.06,121.94,1983024,26141,121.564182
2021-02-08,122.7,123.0345,119.42,120.22,2548393,34648,120.327838
2021-02-09,120.45,120.61,118.6,119.83,1916606,24584,119.907659
2021-02-10,121.59,122.79,120.87,121.76,2988453,31165,121.799237
2021-02-11,122.34,123.98,121.46,123.53,2285849,26112,122.786021
2021-02-12,122.59,124.2,122.32,123.98,1586775,20841,123.231152
2021-02-16,126.0,126.3748,124.95,125.0,2167913,27384,125.567518
2021-02-17,124.02,125.34,123.3,125.03,1302913,21082,124.600924
2021-02-18,124.24,125.73,124.105,125.19,1513392,22491,125.009332
2021-02-19,126.37,128.665,126.0349,127.8,2662222,28253,127.775785
2021-02-22,127.22,131.72,126.7,130.85,2533163,34190,130.359958
2021-02-23,130.77,131.5,127.4,130.86,2960701,38502,130.193744
2021-02-24,131.31,133.9191,131.03,132.68,3035379,33052,132.733001
2021-02-25,132.8,133.5726,129.69,130.16,2635746,34294,131.219349
2021-02-26,130.48,132.04,128.5816,130.19,2539119,31080,130.495109
2021-03-01,132.01,135.84,131.3,134.24,2858060,29074,134.356811
2021-03-02,134.26,134.92,133.34,133.97,1936485,29021,134.219282
2021-03-03,137.04,138.18,135.021,135.53,3316145,40481,136.893481
2021-03-04,134.46,136.55,131.46,134.45,2390896,35428,134.397533
2021-03-05,136.34,137.92,132.21,137.39,2381991,39774,135.727845
2021-03-08,138.69,141.05,137.6,139.44,2175670,32662,139.741753
2021-03-09,139.9,139.9,136.2,136.25,2805054,40146,137.667554
2021-03-10,136.78,140.35,136.22,139.25,2313655,27838,138.864284
2021-03-11,139.58,141.3703,138.96,139.21,1844942,21976,139.745271
2021-03-12,139.79,141.0,139.46,140.77,1759504,28983,140.240757
2021-03-15,137.89,139.59,136.56,139.55,3192149,42924,138.091013
2021-03-16,139.55,139.55,135.815,136.83,2427111,33204,137.083238
2021-03-17,137.3,138.53,136.06,138.0,2594030,32458,137.42676
2021-03-18,138.2,139.76,136.68,136.96,2707571,38792,138.157388
2021-03-19,136.64,136.68,133.18,133.26,12546245,51626,134.06267
2021-03-22,133.47,135.34,132.24,134.86,2805093,33437,134.347692
2021-03-23,133.92,135.88,132.33,132.93,1851306,24930,133.603541
2021-03-24,134.14,136.19,133.85,134.45,2195606,25942,134.945079
2021-03-25,133.73,136.455,131.86,135.82,1511706,24929,134.652236
2021-03-26,136.97,138.86,136.31,138.69,1988339,27688,137.93364
2021-03-29,138.0,139.595,137.755,138.55,2399463,29903,138.647465
2021-03-30,138.58,140.18,138.4593,139.66,2058599,27957,139.5831
2021-03-31,140.06,141.29,138.25,138.28,2338219,28152,138.896595
2021-04-01,139.03,139.775,137.96,139.49,2374034,24554,139.209061
2021-04-05,141.39,143.24,140.43,142.36,2034768,28222,142.340162
2021-04-06,142.17,143.29,140.87,141.12,1391563,22376,141.751953
2021-04-07,140.71,141.49,139.67,140.38,1877629,17904,140.196147
2021-04-08,139.98,140.56,138.78,139.9,1735252,22999,139.960662
2021-04-09,140.7,141.05,139.035,140.45,2423388,24772,140.135523
2021-04-12,140.2,141.6,140.2,141.29,1242741,27145,141.009883
2021-04-13,140.5,140.76,138.35,139.8,1112980,18709,139.444194
2021-04-14,139.85,141.24,139.705,140.24,1530625,21111,140.383312
2021-04-15,140.87,141.215,139.91,140.8,1438708,22644,140.508885
2021-04-16,142.46,143.09,140.41,141.15,1128248,17804,141.407158
2021-04-19,141.4,141.4,140.01,140.78,1036097,19099,140.621753
2021-04-20,140.02,140.28,137.56,138.46,1323322,23423,138.428775
2021-04-21,138.53,141.59,138.2,141.51,1430657,21989,140.745791
2021-04-22,142.14,142.57,140.8967,141.4,2288868,28737,141.657226
2021-04-23,141.89,143.68,141.3254,142.97,1650627,21144,142.973403
2021-04-26,143.33,144.55,143.07,143.37,1282589,19279,143.488556
2021-04-27,143.58,145.01,142.52,144.59,1865185,26422,144.253814
2021-04-28,144.13,145.8871,143.8,144.53,1562134,24284,144.824377
2021-04-29,145.91,145.95,143.595,145.02,1583027,25423,144.696997
2021-04-30,143.91,144.42,142.66,142.93,1479304,23631,143.117848
2021-05-03,144.93,145.37,143.08,144.36,1542542,23272,144.531613
2021-05-04,142.93,145.09,141.2321,144.67,3705743,39919,143.990392
2021-05-05,145.31,146.5,143.2192,145.48,2724248,32636,145.307771
2021-05-06,145.75,146.5,144.59,146.44,1685575,30670,145.615669
2021-05-07,145.65,148.34,144.46,147.52,1590378,27646,147.151966
2021-05-10,148.04,149.375,147.39,147.42,1443787,30430,148.190977
2021-05-11,146.52,146.92,144.38,145.76,1631088,31425,145.432289
2021-05-12,145.02,146.0916,143.3,143.69,3101003,38891,144.731904
2021-05-13,143.25,146.7894,142.61,145.8,1991567,32003,145.270702
2021-05-14,146.71,148.6299,146.3083,148.16,1496606,29337,147.873657
2021-05-17,147.67,148.65,146.8,147.43,1466798,23345,147.556631
2021-05-18,147.3,147.42,144.27,144.33,1267421,25113,145.169961
2021-05-19,142.18,143.16,140.52,142.76,1950554,34564,142.27399
2021-05-20,143.39,143.81,141.88,143.63,2279161,25630,143.14042
2021-05-21,144.63,145.56,142.7738,143.43,1790773,22681,143.834308
2021-05-24,144.62,144.62,142.64,143.64,1341074,23419,143.479895
2021-05-25,143.64,144.67,142.29,142.81,1685335,26714,143.092799
2021-05-26,143.2,143.69,142.115,142.98,1170402,23690,142.807114
2021-05-27,144.44,145.41,144.07,144.59,3082455,33669,144.662967
2021-05-28,145.27,145.53,144.28,145.25,1539505,23585,145.097943
2021-06-01,146.98,147.25,145.595,146.29,1321055,26250,146.362629
2021-06-02,146.2,146.89,145.405,145.97,1545881,28791,145.983606
2021-06-03,145.74,147.06,144.56,146.42,1277346,24831,146.311631
2021-06-04,146.91,148.85,146.91,148.51,1616973,28649,148.058314
2021-06-07,148.85,149.05,145.8647,146.85,1820472,33433,146.756761
2021-06-08,146.81,147.96,145.33,147.12,1327491,27698,146.931741
2021-06-09,146.88,147.31,145.83,146.41,981025,17613,146.521462
2021-06-10,147.13,147.725,145.965,146.82,1643632,24663,146.747824
2021-06-11,147.01,148.12,145.62,146.63,994245,16741,146.49957
2021-06-14,145.87,146.69,144.88,146.0,1299624,20660,145.663829
2021-06-15,146.29,147.87,145.3701,147.85,1474774,24037,147.330656
2021-06-16,147.74,148.67,145.7,146.37,1582969,23884,147.001216
2021-06-17,146.22,146.42,140.91,142.62,2505620,35218,142.793055
2021-06-18,140.57,141.43,139.12,139.26,3053081,36570,139.852569
2021-06-21,140.47,143.6,140.41,143.04,1479790,27645,142.858232
2021-06-22,142.94,143.92,141.78,142.83,1478853,28456,143.168016
2021-06-23,143.19,145.59,142.97,144.41,1954300,31071,144.732131
2021-06-24,145.28,146.079,144.29,145.65,1284643,25256,145.347862
2021-06-25,146.16,147.5,146.08,146.69,1466081,22879,146.839117
2021-06-28,146.95,146.95,144.78,146.5,1167163,21689,146.348542
2021-06-29,147.35,147.98,146.43,146.49,1431413,23701,146.794056
2021-06-30,146.1,148.49,145.79,148.18,1594837,27607,147.720965
2021-07-01,149.84,150.71,149.35,150.17,2237274,40550,150.195584
2021-07-02,150.01,151.45,149.39,151.4,1185648,24560,151.081017
2021-07-06,151.25,151.25,147.37,149.7,1630344,26056,149.298398
2021-07-07,149.49,152.27,149.47,152.18,1405381,23344,151.535518
2021-07-08,150.0,151.8,149.52,150.57,1849986,29463,150.553129
2021-07-09,152.33,154.3,152.24,153.56,1475188,27386,153.540066
2021-07-12,152.96,155.25,152.3301,155.07,1760574,31081,154.549472
2021-07-13,154.6,155.31,153.77,154.04,1635534,34895,154.341475
2021-07-14,154.73,155.67,148.3101,153.4,3896378,57942,152.818453
2021-07-15,152.22,154.54,152.18,153.87,1272660,25678,153.558171
2021-07-16,154.98,155.25,152.61,152.74,1630232,29357,153.377798
2021-07-19,150.53,150.53,146.99,149.19,1856157,40752,148.508144
2021-07-20,149.22,154.42,149.11,154.09,1734377,31371,153.441633
2021-07-21,154.96,156.64,154.745,155.63,1548877,26948,155.629002
2021-07-22,156.07,156.23,154.9,156.05,1310506,26245,155.69576
2021-07-23,156.86,157.34,155.85,156.73,1102275,23183,156.725572
2021-07-26,156.48,157.64,155.34,156.03,1705700,27068,155.948318
2021-07-27,155.12,157.23,154.3012,156.14,1325594,24710,155.948583
2021-07-28,156.36,156.93,154.76,155.46,1881810,32188,155.507021
2021-07-29,156.64,158.11,155.93,157.71,1221282,22564,157.482888
2021-07-30,157.43,158.69,157.04,158.05,1497408,21185,157.864087
2021-08-02,158.59,159.96,156.49,156.49,1363727,26221,157.693532
2021-08-03,159.95,163.29,158.89,162.81,2413380,32077,162.38955
2021-08-04,163.07,164.27,161.685,161.83,1569423,27591,162.446613
2021-08-05,163.01,163.66,161.09,161.92,1279927,20997,162.042793
2021-08-06,163.0,163.73,162.04,162.89,1058051,18716,163.042377
2021-08-09,162.21,163.79,161.63,163.29,1178959,19734,163.213609
2021-08-10,164.05,167.53,163.9,167.35,2056460,29118,166.87123
2021-08-11,168.04,168.88,166.39,166.91,1472895,26907,167.255914
2021-08-12,165.84,167.35,165.04,167.17,1710138,23115,166.68514
2021-08-13,166.85,167.93,166.225,167.62,1715302,27504,167.394965
2021-08-16,167.31,168.9,166.34,168.51,1178595,21486,168.280583
2021-08-17,167.62,167.9,164.96,166.9,1178841,22190,166.51015
2021-08-18,166.49,168.3,166.33,166.44,1318937,24790,167.399082
2021-08-19,165.04,168.18,163.5787,166.94,1379236,22220,166.923864
2021-08-20,166.75,167.92,166.23,167.46,1016657,19065,167.267217
2021-08-23,168.29,169.643,167.73,168.84,1393930,23233,169.012932
2021-08-24,168.4,170.26,167.6724,169.39,1524251,23577,169.484077
2021-08-25,169.77,171.32,169.42,170.21,994352,17164,170.495526
2021-08-26,170.27,170.57,169.19,169.36,1197109,22630,169.70382
2021-08-27,170.13,170.67,168.64,170.03,1133488,21617,169.985145
2021-08-30,170.32,171.23,169.705,170.21,968455,20553,170.57363
2021-08-31,169.93,170.2,168.02,168.36,1859875,26428,168.620514
2021-09-01,168.22,168.41,165.76,166.75,1544982,25312,166.63484
2021-09-02,167.34,168.17,166.68,168.13,1527434,23016,167.513844
2021-09-03,168.19,168.19,166.33,166.38,1254867,21678,166.941684
2021-09-07,165.75,165.8,163.56,163.7,1747996,26321,164.026947
2021-09-08,162.62,164.3,161.395,163.36,1594030,29238,163.051454
2021-09-09,163.34,164.33,161.21,161.53,1213994,22934,162.20844
2021-09-10,163.14,163.28,160.31,160.39,1652790,29746,161.290571
2021-09-13,161.08,162.0,156.19,158.27,2681568,42141,157.914749
2021-09-14,156.24,158.47,155.52,156.3,2779913,42277,156.689497
2021-09-15,156.01,161.14,155.76,160.55,2962888,39424,159.627058
2021-09-16,160.71,160.71,158.23,159.29,1477946,26743,159.240298
2021-09-17,157.39,158.16,156.17,157.53,3111930,34614,157.271159
2021-09-20,154.45,156.65,153.89,156.5,1694790,28502,155.349964
2021-09-21,157.09,157.52,153.89,154.59,1230843,22085,154.92617
2021-09-22,155.63,157.59,155.63,156.43,1336359,24785,156.838255
2021-09-23,157.58,158.46,157.36,158.0,2223399,32725,157.979498
2021-09-24,157.51,158.199,155.88,156.01,1041316,20691,156.59308
2021-09-27,155.97,157.3105,155.08,155.15,1634427,25765,155.997136
2021-09-28,155.0,155.3869,152.52,153.99,1795432,30436,153.84443
2021-09-29,154.33,154.635,153.17,153.47,1574395,23099,153.805544
2021-09-30,153.84,154.19,149.25,149.31,2086330,32999,150.782807
2021-10-01,149.72,151.61,148.1898,150.65,1597891,26244,150.122362
2021-10-04,149.95,151.39,147.3501,148.36,1720955,30068,148.382251
2021-10-05,149.02,152.115,148.2,151.26,1754808,22705,151.063287
2021-10-06,149.74,151.82,148.11,151.7,1045835,20089,150.391534
2021-10-07,153.39,154.65,153.21,153.92,1776622,23357,154.146011
2021-10-08,153.34,154.22,152.77,153.56,1142553,21911,153.631045
2021-10-11,153.43,154.76,152.43,152.56,1184096,19862,153.254394
2021-10-12,153.53,154.28,151.355,151.62,1256229,20897,152.640583
2021-10-13,152.36,154.45,151.54,153.39,1379796,22297,153.173023
2021-10-14,155.03,159.95,153.75,159.57,2066192,35271,158.608671
2021-10-15,160.86,162.445,159.53,161.45,1658249,23259,161.414524
2021-10-18,160.37,161.88,159.81,161.27,862310,17054,161.157354
2021-10-19,162.08,162.57,160.885,161.48,862646,19372,161.683805
2021-10-20,161.74,163.33,160.73,163.2,1130996,17630,162.674142
2021-10-21,162.06,162.565,160.665,162.12,1353496,20475,161.867759
2021-10-22,162.74,164.04,162.28,162.38,751226,16190,162.823648
2021-10-25,162.2,163.94,161.33,162.51,1004898,17875,162.745371
2021-10-26,163.18,163.18,161.29,161.34,964693,18339,161.891198
2021-10-27,161.73,163.45,160.06,160.12,1012478,17386,161.247484
2021-10-28,160.12,165.07,160.12,164.96,1607446,24294,164.173982
2021-10-29,164.34,165.96,163.82,164.76,1658964,19432,164.770179
2021-11-01,165.2,165.9444,163.26,164.34,1620041,25776,164.430019
2021-11-02,165.18,172.24,165.0,171.63,2393607,39468,170.893158
2021-11-03,169.64,172.01,167.33,169.49,1951476,32631,169.005486
2021-11-04,170.92,173.06,170.59,171.98,1147609,21826,171.943206
2021-11-05,172.93,173.45,170.28,171.3,1217242,23938,171.403676
2021-11-08,174.33,174.81,172.2986,173.72,1695025,26935,173.737502
2021-11-09,173.89,175.24,173.43,174.66,1034803,20827,174.398147
2021-11-10,173.95,173.95,171.32,171.87,1311378,22878,172.287709
2021-11-11,172.03,172.13,169.51,169.92,1155962,24753,170.287402
2021-11-12,170.46,172.32,168.82,171.8,1187042,18530,171.151452
2021-11-15,171.99,173.21,171.56,172.74,1016722,17658,172.53143
2021-11-16,172.74,175.72,172.42,173.8,1434240,22368,174.274677
2021-11-17,173.8,174.295,171.51,173.1,1432476,24021,172.894053
2021-11-18,173.16,173.58,171.661,173.32,899042,15445,172.9991
2021-11-19,173.38,173.81,171.92,172.3,1333516,22515,172.712682
2021-11-22,173.38,174.905,172.192,172.32,1254594,26316,173.515321
2021-11-23,172.02,172.94,171.28,172.57,1049782,21203,172.192429
2021-11-24,171.46,172.225,170.17,170.95,1231971,22232,170.918479
2021-11-26,166.64,168.18,164.411,167.51,1113626,24091,166.926938
2021-11-29,169.38,169.65,165.45,167.38,2066299,30772,167.335995
2021-11-30,166.07,166.91,161.38,162.06,4240617,44613,162.566124
2021-12-01,165.48,167.26,161.37,161.47,1938657,36216,164.435291
2021-12-02,162.1,167.53,162.1,166.63,1399836,29020,166.315983
2021-12-03,167.33,168.1,164.48,166.44,1357217,24600,165.896816
2021-12-06,167.79,170.66,166.53,169.83,1732640,29072,169.45071
2021-12-07,172.17,174.47,170.25,170.59,1878912,31640,171.769741
2021-12-08,170.89,171.45,168.03,169.92,1984710,32982,169.343882
2021-12-09,169.78,170.0,167.455,168.59,1826197,27566,168.63829
2021-12-10,169.57,170.89,169.14,170.46,1429648,25141,170.393007
2021-12-13,170.64,171.35,168.8,169.7,1598830,22866,169.805544
2021-12-14,168.41,169.345,162.55,164.84,2832539,39158,165.124415
2021-12-15,166.15,169.5,165.4,169.26,2253194,31733,167.50775
2021-12-16,170.67,171.25,167.94,168.8,1394317,26879,169.39952
2021-12-17,168.53,169.49,164.72,165.07,2660492,32289,166.527396
2021-12-20,163.32,164.55,161.17,164.06,2096122,34710,163.267844
2021-12-21,165.42,167.37,164.4025,167.24,2012906,31843,166.505922
2021-12-22,166.75,167.68,166.32,166.74,1257701,19835,166.890358
2021-12-23,167.27,169.18,167.15,168.04,861295,16281,168.448897
2021-12-27,168.94,170.74,167.73,170.67,730130,15204,169.761393
2021-12-28,170.62,171.76,170.31,171.2,672248,13756,171.1814
2021-12-29,170.93,172.12,170.48,171.71,1465985,17438,171.666061
2021-12-30,172.08,172.52,171.215,171.42,883812,15589,171.658721
2021-12-31,170.97,173.68,170.97,172.82,838214,14727,172.779148
2022-01-03,173.39,173.39,167.92,168.66,1306274,24381,169.155535
2022-01-04,169.85,172.28,168.84,171.46,2064773,29945,171.245394
2022-01-05,171.89,172.91,168.83,169.01,1704399,27924,170.646425
2022-01-06,169.01,170.74,168.4,169.41,1426765,22353,169.378778
2022-01-07,169.5,170.88,167.81,167.85,2075671,31407,169.029911
2022-01-10,166.51,166.895,162.8,166.42,1883003,29974,165.333149
2022-01-11,167.0,168.03,164.645,167.76,1075660,20811,166.860702
2022-01-12,169.17,172.0,168.695,171.46,1982601,30711,171.050923
2022-01-13,171.54,172.29,170.37,171.18,1331228,22725,171.39757
2022-01-14,168.94,171.71,167.6,170.92,2818755,35220,169.830948
2022-01-18,168.51,169.17,164.69,166.63,2101977,27181,166.432931
2022-01-19,166.79,167.13,163.19,163.39,2360587,34065,164.469966
2022-01-20,163.99,165.32,160.77,161.06,2054509,29857,163.284574
2022-01-21,161.35,163.74,159.615,160.54,2223304,34155,161.259533
2022-01-24,157.54,161.27,153.9,160.72,2562349,41045,157.968811
2022-01-25,157.5,159.39,153.33,157.44,2483210,37125,156.599327
2022-01-26,159.13,161.26,156.26,158.24,1979018,33291,158.886839
2022-01-27,160.41,161.0,154.26,155.42,1669006,36987,156.551702
2022-01-28,154.55,156.81,151.63,156.69,2327446,39705,154.173666
2022-01-31,155.63,158.54,154.5,158.43,2185941,32764,157.450503
2022-02-01,158.95,159.91,156.52,159.39,1562948,30256,158.55811
2022-02-02,159.78,161.85,158.95,161.41,1563018,25117,160.970174
2022-02-03,159.43,161.75,156.45,156.83,2484816,40071,157.831892
2022-02-04,154.06,155.95,150.24,151.0,4076984,52655,151.748601
2022-02-07,152.77,153.04,149.67,150.13,3509941,52506,150.763731
2022-02-08,150.19,152.0,148.62,151.5,2579330,36224,151.317395
2022-02-09,153.68,157.05,153.21,156.85,2723481,36996,156.220546
2022-02-10,154.02,158.26,153.85,154.79,2319896,36033,155.648402
2022-02-11,154.34,154.9,149.4,150.66,1947344,28638,151.508783
2022-02-14,150.98,153.0,149.29,152.17,2038008,30839,151.428524
2022-02-15,154.37,156.13,153.85,155.53,1977463,31249,155.235254
2022-02-16,154.86,157.49,154.7826,157.03,2093401,31552,156.25167
2022-02-17,155.78,156.11,152.04,152.4,1273040,23236,153.476484
2022-02-18,152.34,154.19,151.7,153.36,3380298,32487,153.184484
2022-02-22,153.29,154.36,150.71,151.76,1583810,25812,152.237595
2022-02-23,152.43,152.89,148.96,149.31,1417510,28336,150.220338
2022-02-24,145.99,150.79,144.26,150.33,1891992,38102,147.549381
2022-02-25,150.3,154.24,150.1,154.12,2237378,38231,153.176972
2022-02-28,151.81,155.05,151.2536,154.29,2280568,31300,153.826958
2022-03-01,154.0,154.68,144.37,146.45,4549302,60892,147.751989
2022-03-02,147.71,152.88,147.36,152.17,1736522,34121,151.619446
2022-03-03,153.08,156.19,153.08,154.97,2730741,41758,154.67436
2022-03-04,151.99,153.45,147.81,149.78,2574618,42336,149.329846
2022-03-07,149.79,149.79,145.0119,145.79,2298102,33915,146.902575
2022-03-08,146.93,151.57,145.57,146.2,2072902,36910,147.556603
2022-03-09,150.25,151.5,148.98,149.12,1706184,26861,149.837218
2022-03-10,145.09,149.0619,145.09,148.2,1709468,31969,147.695807
2022-03-11,149.36,150.33,146.74,146.92,1279293,24688,148.16157
2022-03-14,147.9,150.82,147.16,148.46,1472776,26551,148.681414
2022-03-15,150.18,150.74,148.07,150.27,1484012,23732,149.644464
2022-03-16,151.98,154.45,150.04,153.34,1769596,31128,152.639492
2022-03-17,151.93,154.71,151.01,154.69,1321051,26752,153.524143
2022-03-18,155.88,155.965,151.51,155.58,2740093,31394,154.916714
2022-03-21,156.08,156.35,153.31,154.6,1851853,30678,154.479759
2022-03-22,155.77,156.01,154.2,155.25,1201456,19677,155.110089
2022-03-23,154.05,154.94,152.34,152.43,1301775,21495,152.952567
2022-03-24,153.4,153.6,152.36,153.2,1048277,22105,153.057436
2022-03-25,153.77,154.795,152.84,154.18,1193115,24651,153.776048
2022-03-28,153.19,154.21,152.14,154.21,1239802,24854,153.362175
2022-03-29,156.46,158.01,155.27,157.53,1530842,34656,157.170251
2022-03-30,156.33,157.3185,154.77,155.46,1294087,24959,155.766772
2022-03-31,155.06,156.36,151.59,151.76,2279066,31035,153.182114
2022-04-01,153.45,153.45,150.397,151.81,2089797,31429,151.473079
2022-04-04,150.92,151.045,148.32,150.92,1430561,28896,150.294304
2022-04-05,150.73,151.28,145.91,146.61,2039234,33812,147.594001
2022-04-06,144.36,145.28,142.84,144.86,2693001,39128,144.233537
2022-04-07,143.66,146.64,142.89,145.87,1775646,27274,145.195302
2022-04-08,145.62,147.31,144.46,145.18,1641313,25524,145.760917
2022-04-11,144.66,146.28,142.03,142.27,1797881,27144,143.728521
2022-04-12,142.89,144.97,140.02,140.82,1757306,27664,141.94132
2022-04-13,140.58,142.705,140.58,141.77,1517216,26035,141.827866
2022-04-14,141.91,142.71,139.41,139.91,1826236,29697,140.237892
2022-04-18,139.68,142.11,139.6,140.66,1554001,23240,140.921205
2022-04-19,141.72,146.07,140.8,145.77,1833306,28376,144.830123
2022-04-20,147.37,150.56,147.37,149.38,1819337,31713,149.571203
2022-04-21,151.69,153.27,149.197,149.95,2281879,39285,151.013661
2022-04-22,148.5,148.96,145.89,146.04,1647881,27770,146.982745
2022-04-25,145.9,147.09,142.72,147.07,1890358,28062,145.48076
2022-04-26,145.18,146.95,143.5,143.78,2286434,36098,144.569218
2022-04-27,143.75,146.89,143.47,145.71,1919353,32300,145.665711
2022-04-28,146.1,148.08,144.28,147.88,2453625,34942,146.5396
2022-04-29,147.75,149.83,144.77,145.02,2489871,31843,146.661105
2022-05-02,144.99,147.02,143.415,146.5,2716225,43772,145.732068
2022-05-03,145.64,150.96,144.51,146.58,2994060,45422,147.770564
2022-05-04,146.8,150.71,143.98,149.93,2541648,39203,147.861803
2022-05-05,148.72,150.88,147.1,148.38,3844455,58123,149.061934
