Date,Open,High,Low,Close,Volume,OpenInterest
2020-12-04,88.855,90.63,88.76,89.99,643911,0.0
2020-12-07,90.07,90.39,89.29,89.8,506849,0.0
2020-12-08,89.61,90.31,89.09,90.05,526816,0.0
2020-12-09,90.3,90.83,90.06,90.57,472360,0.0
2020-12-10,90.37,90.9,88.85,89.71,641561,0.0
2020-12-11,89.67,91.02,88.71,90.48,586397,0.0
2020-12-14,91.18,91.89,89.88,90.19,841980,0.0
2020-12-15,90.84,91.415,89.8,90.13,776228,0.0
2020-12-16,90.37,92.12,90.085,91.42,789361,0.0
2020-12-17,91.36,94.315,91.36,94.03,880320,0.0
2020-12-18,93.91,95.47,93.52,95.41,990750,0.0
2020-12-21,93.89,95.48,92.89,94.42,685203,0.0
2020-12-22,94.51,94.97,93.97,94.69,581482,0.0
2020-12-23,95.13,95.64,94.01,94.42,447454,0.0
2020-12-24,94.8,95.11,94.22,94.66,155542,0.0
2020-12-28,95,95.52,94.57,95.19,310483,0.0
2020-12-29,95.23,95.73,94.48,94.67,493605,0.0
2020-12-30,94.88,95.2034,94.241,94.59,443984,0.0
2020-12-31,94.48,95.17,94.1,95.12,313612,0.0
2021-01-04,95.37,95.9,91.68,92.26,931824,0.0
2021-01-05,92.34,92.76,91.34,92.04,558042,0.0
2021-01-06,92,94.41,91.44,94.07,796519,0.0
2021-01-07,94.7,95.31,93.75,94.07,880358,0.0
2021-01-08,94.1326,95.83,93.82,94.42,810121,0.0
2021-01-11,94.11,94.97,93.91,93.97,817956,0.0
2021-01-12,93.42,97.24,93.275,97.13,1211724,0.0
2021-01-13,95.75,96.28,94.18,94.675,980566,0.0
2021-01-14,95.37,96.23,94.22,94.43,743872,0.0
2021-01-15,94.25,94.33,91.98,93.17,899170,0.0
2021-01-19,93.67,94.07,92.48,93.05,611156,0.0
2021-01-20,93.71,94.42,92.69,94.15,943290,0.0
2021-01-21,94.45,95.2,94,94.03,519576,0.0
2021-01-22,94.07,94.89,92.83,93.76,1266997,0.0
2021-01-25,93.57,94.63,92.44,93.99,1004050,0.0
2021-01-26,94.54,95.48,93.96,94.39,754409,0.0
2021-01-27,93.55,94.58,91.49,93.89,1023463,0.0
2021-01-28,94.49,94.49,92.93,93,864447,0.0
2021-01-29,92.76,93.97,89.35,89.43,851348,0.0
2021-02-01,89.96,90.66,88.82,90.5,837030,0.0
2021-02-02,91.24,92.11,90.61,90.67,679859,0.0
2021-02-03,90.9,91.38,90.21,91.15,602456,0.0
2021-02-04,90.73,91.66,90.03,91.33,663748,0.0
2021-02-05,91.82,93,91.32,92.99,722527,0.0
2021-02-08,93.12,94.68,93.055,94.64,762649,0.0
2021-02-09,94.98,97.13,94.72,96.96,767020,0.0
2021-02-10,97.63,98.08,96.61,97.56,1090412,0.0
2021-02-11,98.09,98.37,95.14,95.85,996039,0.0
2021-02-12,95.66,96.84,95.62,96.7,577633,0.0
2021-02-16,95.745,97.52,92.25,93.45,1072344,0.0
2021-02-17,93.73,94.48,92,94.42,1178691,0.0
2021-02-18,92.5,94.65,92.045,94.21,716647,0.0
2021-02-19,94.81,95.22,92.95,93.51,869431,0.0
2021-02-22,93,93.98,91.47,93.19,1150767,0.0
2021-02-23,92.86,93.065,91.1,91.61,964818,0.0
2021-02-24,91.31,92.45,91.17,92.06,1273455,0.0
2021-02-25,92.06,93.38,91.51,91.97,909387,0.0
2021-02-26,92.13,92.8,91.29,91.83,779008,0.0
2021-03-01,92.62,94.31,92.115,93.76,673626,0.0
2021-03-02,93.64,94.78,92.99,94.44,658895,0.0
2021-03-03,94.59,95.15,93.25,93.34,746163,0.0
2021-03-04,93.69,94.2,92.36,93.33,942251,0.0
2021-03-05,93.84,96.62,92.69,96.55,951394,0.0
2021-03-08,97,98.8,96.08,96.4,811047,0.0
2021-03-09,96.9,98.86,96.53,97.43,1106951,0.0
2021-03-10,98.22,98.61,96.835,97.46,685152,0.0
2021-03-11,97.31,99.36,97.3,99.06,747167,0.0
2021-03-12,99.78,100.665,99.1,100.46,543059,0.0
2021-03-15,100.92,102.83,100.58,102.76,943193,0.0
2021-03-16,102.75,103.2723,101.67,101.87,716665,0.0
2021-03-17,101.49,102.78,100.9,102.55,590189,0.0
2021-03-18,102.37,104.63,102.06,103.75,782129,0.0
2021-03-19,103.65,103.95,102.36,103.3,1020296,0.0
2021-03-22,103.54,104.16,102.23,103.09,729001,0.0
2021-03-23,102.76,103.36,101.38,101.58,622898,0.0
2021-03-24,101.86,103.28,101.68,102.2,625047,0.0
2021-03-25,102.64,103.92,101.37,103.47,591050,0.0
2021-03-26,104.48,107.88,103.62,107.82,628456,0.0
2021-03-29,107.95,108.7776,107.2,108.42,694418,0.0
2021-03-30,108.26,109,106.91,107.23,775861,0.0
2021-03-31,107.63,108.655,107.0968,107.69,831892,0.0
2021-04-01,107.48,108.938,106.73,108.8,687336,0.0
2021-04-05,109,110.63,108.94,110.56,447518,0.0
2021-04-06,109.83,110.55,109.65,110,468674,0.0
2021-04-07,109.58,109.615,107.31,107.6,810634,0.0
2021-04-08,107.81,108.9,107.14,108.46,560044,0.0
2021-04-09,108.81,109.75,108.2,108.87,577560,0.0
2021-04-12,109.1,109.68,108.55,109.52,622934,0.0
2021-04-13,109.65,109.855,108.28,109.42,608253,0.0
2021-04-14,108.87,109.65,108.01,109.31,811885,0.0
2021-04-15,109.84,111.27,109.03,111.11,496718,0.0
2021-04-16,111.67,112.71,110.94,111.22,690626,0.0
2021-04-19,111.19,111.19,109.56,110.23,501181,0.0
2021-04-20,110.47,110.94,109.84,110.5,470851,0.0
2021-04-21,111.05,111.76,110.1,110.18,527637,0.0
2021-04-22,109.78,111.6,109.55,110.29,592931,0.0
2021-04-23,111.04,111.52,110.15,110.89,537266,0.0
2021-04-26,111,111.18,109.23,109.6,646547,0.0
2021-04-27,110.3,110.99,109.23,109.46,866433,0.0
2021-04-28,109.89,109.89,108.73,109.08,694605,0.0
2021-04-29,109.86,111.28,109.59,110.77,706414,0.0
2021-04-30,110.47,111.115,109.04,109.85,768189,0.0
2021-05-03,110.46,113.84,110.28,113.1,858118,0.0
2021-05-04,112.84,115.77,112.07,113.92,1680079,0.0
2021-05-05,113.85,114.66,112.12,113.46,1589302,0.0
2021-05-06,113.88,115.67,113.85,115.65,1897850,0.0
2021-05-07,115.7,118.8,115.3,118.7,965920,0.0
2021-05-10,118.26,121.04,118.26,120.05,1119564,0.0
2021-05-11,120.53,119.99,116.85,117.67,929944,0.0
2021-05-12,116.93,117.4,115.29,115.63,987104,0.0
2021-05-13,115.75,119.01,115.43,118.43,681002,0.0
2021-05-14,118.31,119.99,118.3,119.63,558167,0.0
2021-05-17,119.13,121,119.01,120.66,832923,0.0
2021-05-18,122.5715,122.5715,119.5092,119.61,1049196,0.0
2021-05-19,117.94,119.445,116.68,119.34,929901,0.0
2021-05-20,119.66,122.385,117.64,121.5,1307745,0.0
2021-05-21,121.35,123.65,121.28,122.12,985368,0.0
2021-05-24,122.8771,124.26,122.65,124.03,838922,0.0
2021-05-25,124.35,124.82,122.78,122.97,1076513,0.0
2021-05-26,123.24,124.25,122.28,124.09,900229,0.0
2021-05-27,124.8,126.3,124.15,125.13,1338494,0.0
2021-05-28,124.9,126.005,123.84,125.71,983072,0.0
2021-06-01,126.5,126.57,122.3,123.19,1159909,0.0
2021-06-02,123.48,123.89,122.155,122.82,964284,0.0
2021-06-03,122.3,124.26,121.89,123.995,900520,0.0
2021-06-04,124.51,124.97,122.9,124.06,612195,0.0
2021-06-07,125.23,125.23,123.75,124.74,662788,0.0
2021-06-08,124.56,124.71,123.46,124.27,648374,0.0
2021-06-09,124.39,124.68,122.57,123.73,828205,0.0
2021-06-10,124.47,125.54,123.755,125.44,1143573,0.0
2021-06-11,125.29,125.82,124.87,125.66,1019507,0.0
2021-06-14,125.78,126.29,124.14,124.83,739250,0.0
2021-06-15,125.28,125.73,123.96,125.48,606361,0.0
2021-06-16,125.41,125.88,123.3701,123.78,771209,0.0
2021-06-17,123.52,123.875,121.28,122.37,711863,0.0
2021-06-18,121.4,121.83,120.5,120.55,704493,0.0
2021-06-21,121.51,124.2,120.8757,123.43,648676,0.0
2021-06-22,123.62,126.25,123.29,125.71,732674,0.0
2021-06-23,126,126.24,124.62,125.13,470924,0.0
2021-06-24,125.72,126.0395,124.34,125.02,585742,0.0
2021-06-25,125.22,126.37,124.23,125.75,655821,0.0
2021-06-28,128.03,128.03,125.23,125.76,857432,0.0
2021-06-29,125.65,126.56,125.39,126.12,679470,0.0
2021-06-30,126.2,126.82,125.66,126.61,545958,0.0
2021-07-01,126.74,127.335,126.22,127.28,841543,0.0
2021-07-02,127.4,128.15,127.14,127.97,720372,0.0
2021-07-06,127.79,128.105,125.5182,127,720590,0.0
2021-07-07,127.04,129.26,126.73,129.16,862579,0.0
2021-07-08,127.75,128.54,126.65,126.895,633431,0.0
2021-07-09,127.74,128.54,127.335,128.43,825096,0.0
2021-07-12,128.54,129.08,127.93,128.19,853305,0.0
2021-07-13,128.03,128.745,127.26,127.4,654219,0.0
2021-07-14,127.82,128.93,127.66,128.12,675252,0.0
2021-07-15,128,128.385,127.3737,127.42,549758,0.0
2021-07-16,127.34,127.735,126.295,126.8,637587,0.0
2021-07-19,126.42,126.95,125.5,126.69,685594,0.0
2021-07-20,127.08,129.1,126.64,128.61,798501,0.0
2021-07-21,128.93,129.59,128.24,128.93,601916,0.0
2021-07-22,129,129.52,128.04,128.37,615358,0.0
2021-07-23,129.01,130.49,128.27,130.35,480422,0.0
2021-07-26,129.91,130.76,128.781,129.61,599404,0.0
2021-07-27,127.32,127.98,125.68,126.39,1293081,0.0
2021-07-28,126.37,126.49,123.6,125.18,867263,0.0
2021-07-29,126.1,127.22,125.33,126.97,788545,0.0
2021-07-30,126.91,128.97,126.38,128.25,905005,0.0
2021-08-02,127.94,128.53,126.345,126.59,869217,0.0
2021-08-03,123.44,127.37,122.06,126.61,993311,0.0
2021-08-04,127,127,125.51,125.53,843572,0.0
2021-08-05,125.63,126.65,123.43,124.11,824473,0.0
2021-08-06,124.57,125.2739,123.66,124.24,550274,0.0
2021-08-09,123.85,124.12,122.75,122.79,561775,0.0
2021-08-10,123.14,123.45,122.08,122.32,677431,0.0
2021-08-11,122.6,124.68,122.31,123.35,658595,0.0
2021-08-12,123.78,124.068,122.07,122.27,706168,0.0
2021-08-13,122.29,124.55,122.1,123.89,614061,0.0
2021-08-16,123.48,125.59,123.185,125.55,684328,0.0
2021-08-17,125,125.07,122.7,124.19,513832,0.0
2021-08-18,123.42,124.01,121.43,121.47,908675,0.0
2021-08-19,120.53,122.98,120.46,122.14,678555,0.0
2021-08-20,122.42,123.19,121.92,123.05,547525,0.0
2021-08-23,123.43,124.9,123.15,123.59,423763,0.0
2021-08-24,123.65,123.86,122.7,122.72,421721,0.0
2021-08-25,122.78,124.48,121.56,124.14,408773,0.0
2021-08-26,123.97,124.01,122.405,122.86,430430,0.0
2021-08-27,123.34,124.75,122.82,124.57,467564,0.0
2021-08-30,124.84,126.19,124.75,125.58,574537,0.0
2021-08-31,125.74,125.85,123.81,124.65,586722,0.0
2021-09-01,124.54,124.69,121.18,122.92,768994,0.0
2021-09-02,123.54,124.04,122.81,124.04,665293,0.0
2021-09-03,123.93,124.19,122.74,123.57,394769,0.0
2021-09-07,123.81,123.98,122.31,122.86,539706,0.0
2021-09-08,122.43,123.85,122.43,123.78,487007,0.0
2021-09-09,123.9,125.88,122.94,123.48,750996,0.0
2021-09-10,124.23,126.29,123.7,125.78,676820,0.0
2021-09-13,126.68,128.455,125.58,127.34,1133624,0.0
2021-09-14,127.99,129.99,127.61,128.28,1092023,0.0
2021-09-15,128.66,129.84,127.76,128.32,551157,0.0
2021-09-16,128.5,128.93,126.5,126.745,495459,0.0
2021-09-17,125.96,126.09,122.84,123.69,814214,0.0
2021-09-20,122.46,122.91,120.29,121.26,650421,0.0
2021-09-21,122.17,123.2,120.85,121.31,551324,0.0
2021-09-22,121.68,124.34,121.09,123.04,728791,0.0
2021-09-23,123.41,125.28,123.4,124.98,627550,0.0
2021-09-24,124.09,125.21,123.96,124.73,324289,0.0
2021-09-27,124.46,125.02,123.57,123.83,383589,0.0
2021-09-28,123.28,123.465,120.61,120.9,452050,0.0
2021-09-29,121.4,121.96,120.35,121.08,342817,0.0
2021-09-30,121.86,122.67,118.62,119.12,623200,0.0
2021-10-01,120.1,120.1,115.5204,116.16,819040,0.0
2021-10-04,115.78,116.72,113.85,114.3,793151,0.0
2021-10-05,114.66,116.78,114.34,115.19,740872,0.0
2021-10-06,114.2,116.01,113.391,115.68,671227,0.0
2021-10-07,116.89,117.425,114.99,115.47,1013875,0.0
2021-10-08,115.44,116.14,113.25,114.26,776896,0.0
2021-10-11,114.64,116.34,114.49,115.42,713728,0.0
2021-10-12,115.61,117.61,115.57,115.96,659784,0.0
2021-10-13,116.07,116.54,113.85,116.19,594906,0.0
2021-10-14,116.8,118.31,116,118.17,596660,0.0
2021-10-15,118.41,118.79,115.67,116.05,771510,0.0
2021-10-18,116.24,119.99,116.19,118.74,758153,0.0
2021-10-19,119.13,119.52,117.31,118.75,722032,0.0
2021-10-20,119.12,119.39,117.755,119.06,626152,0.0
2021-10-21,119.29,120.73,118.63,120.19,501226,0.0
2021-10-22,119.62,123.25,119.62,123.055,583541,0.0
2021-10-25,122.89,124.04,122.091,123.37,569510,0.0
2021-10-26,124.36,125.68,123.49,123.49,722762,0.0
2021-10-27,123.55,123.61,119.72,119.81,685380,0.0
2021-10-28,120,122.52,119.88,122.31,562573,0.0
2021-10-29,121.56,124.195,121.08,123.26,764016,0.0
2021-11-01,123.51,125.9716,122.7,125.87,765073,0.0
2021-11-02,127.53,128.4561,120.845,121.91,1115117,0.0
2021-11-03,122.96,127.85,121.17,127.74,1127884,0.0
2021-11-04,128,131.62,126.04,130.77,1032566,0.0
2021-11-05,131.21,131.21,124.64,125.18,1248124,0.0
2021-11-08,125.71,126.0941,122.97,125.455,2216432,0.0
2021-11-09,124.7642,126.27,124.7642,125.34,522210,0.0
2021-11-10,124.64,125.64,122.55,125.53,900497,0.0
2021-11-11,126.91,127.43,125.92,126.6,338633,0.0
2021-11-12,126.94,129,126.63,128.18,457913,0.0
2021-11-15,128.37,128.9,126.975,128.89,489180,0.0
2021-11-16,128.89,130.83,128.39,130.44,431886,0.0
2021-11-17,130.44,130.44,127.74,128.01,608584,0.0
2021-11-18,128.19,128.74,126.285,127.59,606502,0.0
2021-11-19,127.89,129.61,127.295,128.84,704329,0.0
2021-11-22,129.17,132.28,128.69,130.05,810976,0.0
2021-11-23,130,130.6,127.79,128.71,808206,0.0
2021-11-24,128.38,128.84,126.86,126.88,763100,0.0
2021-11-26,125.16,129.51,123.13,124.01,1175377,0.0
2021-11-29,124.71,127.74,124.63,126.79,929901,0.0
2021-11-30,125.62,126.315,120.63,121.63,1891334,0.0
2021-12-01,123.05,126.12,121.59,122.99,1292553,0.0
2021-12-02,118.59,123.645,115.01,122.63,1855262,0.0
2021-12-03,123.71,126.195,122.27,125.86,966231,0.0
2021-12-06,126.5,127,125.01,126.3,701959,0.0
2021-12-07,127.05,129.89,126.39,129.47,831978,0.0
2021-12-08,129.95,130.3,127.88,128.71,707231,0.0
2021-12-09,128.62,129.2,127.09,128.3,331767,0.0
2021-12-10,128.45,131.2,127.695,131.06,870187,0.0
2021-12-13,131.11,135.85,131.11,134.29,985345,0.0
2021-12-14,133.54,135.54,131.86,133.25,858454,0.0
2021-12-15,133.96,135.65,133.4301,135.09,702201,0.0
2021-12-16,136.55,137.8,135.09,135.62,842401,0.0
2021-12-17,135.62,136.36,129.61,129.83,1216491,0.0
2021-12-20,128.59,128.79,125.6,127.03,1030906,0.0
2021-12-21,127.82,128.68,126.05,127.48,633827,0.0
2021-12-22,127.23,129.18,126.43,129.14,573545,0.0
2021-12-23,129.65,131.76,129.18,130.76,330241,0.0
2021-12-27,132.24,133.15,130.9,133.05,304230,0.0
2021-12-28,133.83,133.83,132.7,132.96,334356,0.0
2021-12-29,133.07,134.27,132.4909,133.17,536813,0.0
2021-12-30,133.58,134.24,132.9,133.49,367741,0.0
2021-12-31,133.02,135.105,132.63,134.29,359746,0.0
2022-01-03,134.29,134.96,129.465,130.76,884813,0.0
2022-01-04,130.59,131.91,128.76,130.06,996782,0.0
2022-01-05,129.99,131.48,128.66,129.67,920110,0.0
2022-01-06,129.95,130.95,127.845,129.95,783338,0.0
2022-01-07,129.75,130.89,127.26,128.12,739578,0.0
2022-01-10,127.47,127.88,123.42,124.83,1026433,0.0
2022-01-11,124.96,126.3999,122.9,124.95,807736,0.0
2022-01-12,125.47,127.385,124.52,125.24,616434,0.0
2022-01-13,125.31,127.64,123.43,123.95,727051,0.0
2022-01-14,122.68,123.79,119.47,121.7,1263607,0.0
2022-01-18,120.03,120.91,118.09,120.39,1232740,0.0
2022-01-19,120.88,121.94,118.73,119.03,747040,0.0
2022-01-20,120.01,121.4,116.94,117.04,1113125,0.0
2022-01-21,116.89,119.265,115.82,116.18,1228225,0.0
2022-01-24,115.36,118.75,113.83,118.27,1568885,0.0
2022-01-25,116.125,116.89,113.5,114.77,798492,0.0
2022-01-26,115.44,116.66,111.4497,112.41,1041057,0.0
2022-01-27,114,114.855,110.02,110.72,965128,0.0
2022-01-28,110.72,113.2,110.21,113.18,687451,0.0
2022-01-31,112.96,114.79,111.97,114.44,1080967,0.0
2022-02-01,114.66,116.39,113.57,114.4,790960,0.0
2022-02-02,114.44,115.47,112.9253,114.24,1140709,0.0
2022-02-03,113.71,113.86,110.9,111.13,983030,0.0
2022-02-04,110.51,111.29,107.69,109.75,1349618,0.0
2022-02-07,109.8,110.46,109.195,109.55,698897,0.0
2022-02-08,109.91,110.61,109.16,109.54,933882,0.0
2022-02-09,110.83,111.8,110.53,111.57,697489,0.0
2022-02-10,110.32,112.09,109.39,109.849,919640,0.0
2022-02-11,110.39,111.61,106.89,107.19,950908,0.0
