Date,Open,High,Low,Close,volume,trade_count,vwap
2020-12-31,29.97,30.64,29.87,30.61,2740023,19556,30.36872
2021-01-04,30.61,30.66,29.35,29.51,5216285,40434,29.665022
2021-01-05,29.5,29.9,29.245,29.84,4482814,26705,29.64705
2021-01-06,29.82,30.47,29.8,30.3,7262345,36631,30.311397
2021-01-07,30.38,30.425,29.62,29.63,4700317,30924,29.787897
2021-01-08,29.66,30.0,29.53,29.91,3207109,22961,29.842524
2021-01-11,29.9,30.54,29.86,30.2,5586675,27357,30.188471
2021-01-12,30.16,30.54,29.95,30.49,4414094,29166,30.338871
2021-01-13,30.6,30.935,30.51,30.79,3194592,21985,30.781872
2021-01-14,30.8,31.41,30.65,31.25,4649540,29939,31.226163
2021-01-15,31.12,31.74,30.755,31.67,4234241,26852,31.412773
2021-01-19,31.9,31.95,31.015,31.11,6089662,31004,31.234339
2021-01-20,31.0,31.375,30.7,31.33,4008820,29022,31.139592
2021-01-21,31.12,31.45,31.04,31.07,3140004,22638,31.152809
2021-01-22,31.08,31.425,30.8,31.27,2895394,23336,31.225553
2021-01-25,31.11,31.88,31.07,31.86,3962932,31581,31.662592
2021-01-26,31.94,32.125,31.64,31.93,5214408,28706,31.905734
2021-01-27,31.55,31.76,30.735,30.86,6183932,43822,31.102631
2021-01-28,30.85,31.34,30.67,30.86,3283531,30538,31.004129
2021-01-29,30.8,31.09,30.385,30.76,7042521,35769,30.74362
2021-02-01,30.71,31.25,30.22,31.18,4870449,34562,30.961486
2021-02-02,31.32,32.44,31.03,31.91,5320993,37884,31.988598
2021-02-03,31.85,32.565,31.73,32.4,5679265,41523,32.354965
2021-02-04,31.95,32.48,31.76,32.23,5397713,39517,32.201724
2021-02-05,32.35,32.645,32.03,32.28,4434237,32893,32.327147
2021-02-08,32.25,32.77,31.95,32.13,5512670,35643,32.26213
2021-02-09,32.17,32.53,31.93,32.53,3660229,25340,32.276832
2021-02-10,32.71,32.71,31.555,31.75,5120221,29583,31.88765
2021-02-11,31.88,31.93,30.995,31.12,4589867,34532,31.352424
2021-02-12,31.03,31.4,31.0,31.24,2494824,19935,31.241951
2021-02-16,31.39,32.115,31.17,31.93,5213132,42005,31.813519
2021-02-17,31.97,32.03,31.5,31.95,5333141,33935,31.900245
2021-02-18,31.59,35.39,31.59,34.25,18831615,115990,34.378516
2021-02-19,34.0,34.25,33.415,34.03,6317860,42678,33.980688
2021-02-22,34.25,34.44,33.53,33.88,3407867,29805,33.879493
2021-02-23,34.2,34.22,33.53,33.53,4190841,34993,33.765424
2021-02-24,33.56,34.33,33.55,34.25,4957979,31508,34.110025
2021-02-25,34.24,34.55,33.41,33.51,4660752,37685,33.824677
2021-02-26,33.51,33.81,33.09,33.14,4230575,30270,33.325297
2021-03-01,33.61,34.06,33.39,33.41,3292280,33681,33.732394
2021-03-02,33.34,33.47,32.8,32.81,3247738,29094,32.993016
2021-03-03,32.82,32.96,32.27,32.9,4283245,34924,32.647685
2021-03-04,33.0,33.47,32.72,33.22,5488773,41072,33.120548
2021-03-05,33.46,33.4978,32.52,33.21,5516490,43031,33.016431
2021-03-08,33.48,33.58,33.1849,33.37,4057192,27150,33.375207
2021-03-09,33.67,34.43,33.635,34.18,5601523,39920,34.142894
2021-03-10,34.27,34.87,34.25,34.55,3756504,32610,34.524163
2021-03-11,34.37,34.755,34.135,34.65,4867300,33121,34.44758
2021-03-12,34.88,35.01,34.455,34.93,4095084,25234,34.809219
2021-03-15,35.11,35.365,34.795,35.25,2960968,26051,35.16761
2021-03-16,35.14,36.88,35.09,35.56,4756789,36088,35.620827
2021-03-17,35.79,36.11,35.1001,35.2,3474444,30829,35.417586
2021-03-18,35.13,35.49,34.59,34.63,4233058,29944,34.848524
2021-03-19,34.66,35.385,34.15,34.86,11061013,29329,34.849753
2021-03-22,34.54,34.93,34.32,34.37,3089242,23715,34.510792
2021-03-23,34.35,34.655,34.175,34.39,3982360,30618,34.390601
2021-03-24,34.34,34.965,34.3,34.33,3908979,29169,34.513573
2021-03-25,34.5,34.55,33.885,34.25,2754531,25826,34.216606
2021-03-26,34.27,34.59,33.93,34.27,3053727,26198,34.201656
2021-03-29,34.18,35.17,34.18,35.01,3519770,29976,34.901189
2021-03-30,34.79,35.08,34.39,34.49,3303834,27486,34.663619
2021-03-31,34.6,34.805,34.4,34.69,3724621,26509,34.58667
2021-04-01,34.56,34.65,34.05,34.31,3893769,27211,34.312551
2021-04-05,34.38,34.92,34.29,34.8,3355743,25755,34.727158
2021-04-06,34.74,34.82,34.56,34.8,5172233,31365,34.722526
2021-04-07,34.88,35.18,34.7238,35.03,7376068,21650,34.998809
2021-04-08,35.12,35.21,34.69,34.99,4974198,20534,34.95445
2021-04-09,35.06,35.2,34.655,34.77,1984540,18390,34.819314
2021-04-12,34.77,34.935,34.6,34.69,2334900,18447,34.729192
2021-04-13,34.66,35.24,34.5383,35.16,2832596,18710,35.092474
2021-04-14,35.06,35.27,34.94,35.16,1974933,17581,35.110281
2021-04-15,35.16,35.58,35.13,35.52,2347896,23243,35.401523
2021-04-16,35.7,35.89,35.46,35.69,2679070,18671,35.706829
2021-04-19,35.95,35.95,35.48,35.8,1981012,19385,35.702501
2021-04-20,35.78,36.4,35.78,36.28,5173002,27912,36.200621
2021-04-21,36.46,36.87,36.2875,36.79,3735528,27879,36.694894
2021-04-22,36.74,36.77,36.25,36.35,4207859,22843,36.382728
2021-04-23,36.39,37.535,36.335,36.7,6010015,45234,36.970304
2021-04-26,36.75,36.915,36.48,36.69,4095052,29955,36.703116
2021-04-27,36.76,37.14,36.6,36.87,3881917,26874,36.883401
2021-04-28,37.0,37.455,36.82,37.42,3149837,26181,37.156079
2021-04-29,37.42,37.795,37.33,37.72,2362404,22657,37.638077
2021-04-30,37.8,37.94,37.51,37.92,3668257,23221,37.81082
2021-05-03,38.0,38.72,37.84,38.32,5362295,25378,38.367726
2021-05-04,38.31,38.38,37.58,37.79,6798219,32728,37.823293
2021-05-05,37.75,37.95,37.21,37.88,3923047,30384,37.644644
2021-05-06,37.65,37.69,36.825,37.42,3638376,30022,37.23302
2021-05-07,37.51,37.77,37.33,37.52,2047285,16516,37.539866
2021-05-10,37.65,38.035,37.61,37.65,2112558,18938,37.774498
2021-05-11,37.56,37.6,36.97,37.2,3162489,26335,37.273908
2021-05-12,37.18,37.24,36.36,36.44,2765614,22887,36.623527
2021-05-13,36.59,37.708,36.51,37.48,4119056,32498,37.359764
2021-05-14,37.41,37.825,37.41,37.61,2807087,19778,37.622331
2021-05-17,37.82,37.9331,37.53,37.71,3759983,18098,37.753787
2021-05-18,37.55,37.85,37.45,37.67,1996889,18145,37.693639
2021-05-19,37.63,37.67,37.02,37.4,2234292,17833,37.358408
2021-05-20,37.38,38.04,37.38,37.69,2375770,19090,37.729738
2021-05-21,37.76,38.02,37.62,38.01,1920094,13298,37.903121
2021-05-24,38.15,38.2,37.9,37.92,2327510,17128,37.990576
2021-05-25,37.86,38.1,37.51,37.62,2521619,16267,37.657253
2021-05-26,37.63,37.8,37.5,37.58,2341166,14518,37.607213
2021-05-27,37.74,38.005,37.56,37.87,2870060,20226,37.84385
2021-05-28,37.89,37.99,37.675,37.91,2089331,15380,37.845868
2021-06-01,38.15,38.15,37.76,38.02,2955747,27417,37.942364
2021-06-02,38.12,38.415,37.845,38.14,2958902,25149,38.156935
2021-06-03,37.94,38.64,37.9001,38.47,2360223,19667,38.414382
2021-06-04,38.53,38.64,38.23,38.33,2452524,17786,38.392779
2021-06-07,38.41,38.66,38.3,38.57,1977812,17585,38.514613
2021-06-08,38.56,38.585,38.121,38.27,2012115,16957,38.276176
2021-06-09,38.36,38.635,38.18,38.49,3174922,22233,38.46338
2021-06-10,38.57,38.64,38.36,38.63,2352200,19356,38.555355
2021-06-11,38.63,38.81,38.46,38.76,2083271,16740,38.665506
2021-06-14,38.88,38.95,38.58,38.79,1501427,13269,38.746735
2021-06-15,38.84,39.225,38.75,38.88,2313099,17511,38.94789
2021-06-16,38.93,39.08,38.01,38.15,3608116,25487,38.403551
2021-06-17,38.15,38.34,37.665,37.72,2400284,19246,37.887423
2021-06-18,37.86,37.89,37.04,37.13,6172415,36053,37.406386
2021-06-21,37.29,37.86,37.15,37.79,2635590,18755,37.710511
2021-06-22,37.71,38.0,37.48,37.5,1981288,15495,37.650888
2021-06-23,37.27,37.35,36.855,36.95,3411599,19744,37.007914
2021-06-24,37.02,37.24,36.94,37.18,1915232,16216,37.129662
2021-06-25,37.11,37.73,37.09,37.69,2578319,16599,37.525617
2021-06-28,37.8,38.25,37.67,38.06,3567612,23878,38.082007
2021-06-29,38.15,38.18,37.44,37.54,2192534,17822,37.795236
2021-06-30,37.48,37.62,36.955,37.21,3442526,25430,37.190594
2021-07-01,37.23,37.83,37.13,37.66,2687208,18351,37.636076
2021-07-02,37.7,37.84,37.37,37.48,1747270,15551,37.514057
2021-07-06,37.38,37.72,37.0,37.67,2597267,23380,37.377884
2021-07-07,37.62,37.89,37.38,37.86,2408315,20507,37.766792
2021-07-08,37.51,37.82,37.34,37.42,2163005,19015,37.495184
2021-07-09,37.65,37.65,37.145,37.53,2390658,18347,37.430559
2021-07-12,37.39,37.565,37.175,37.48,3024130,18462,37.428839
2021-07-13,37.44,37.59,36.94,37.02,3049020,19476,37.168879
2021-07-14,37.0,37.24,36.87,37.05,2613268,22349,37.072863
2021-07-15,36.95,37.45,36.94,37.42,2566178,21550,37.291604
2021-07-16,37.52,38.04,37.39,37.79,5484968,25915,37.764651
2021-07-19,37.53,37.8,36.91,37.36,4196390,30058,37.232281
2021-07-20,37.49,37.96,37.465,37.62,3632107,29034,37.730904
2021-07-21,37.7,37.805,37.46,37.54,2986149,24079,37.610782
2021-07-22,39.0,39.745,38.87,39.15,12041298,76327,39.192369
2021-07-23,38.5,39.37,38.205,38.47,7685719,61903,38.645404
2021-07-26,38.47,39.18,38.3,38.76,6120601,45070,38.692555
2021-07-27,38.71,39.11,38.21,38.87,6108855,35134,38.796055
2021-07-28,38.96,38.99,37.96,38.14,3262098,29701,38.241737
2021-07-29,38.19,38.305,37.845,38.05,2627144,25583,38.046857
2021-07-30,37.97,38.71,37.95,38.32,6720658,32801,38.366345
2021-08-02,38.32,38.69,38.18,38.46,3462041,28377,38.465863
2021-08-03,38.57,38.81,38.18,38.54,2755005,24729,38.493625
2021-08-04,38.41,38.48,37.73,38.04,3251316,25376,37.968736
2021-08-05,37.78,37.99,37.24,37.97,3999969,30025,37.644549
2021-08-06,37.99,38.13,37.78,37.83,1767052,18769,37.935603
2021-08-09,37.79,38.06,37.62,37.86,3366494,20840,37.840467
2021-08-10,37.91,38.04,37.71,37.85,2187734,16047,37.897942
2021-08-11,37.97,38.385,37.83,38.16,2298025,15990,38.154232
2021-08-12,38.01,38.39,37.92,38.31,1418429,14567,38.196253
2021-08-13,38.5,38.735,38.25,38.64,1751871,15737,38.605635
2021-08-16,38.66,39.14,38.54,38.83,3344270,18413,38.842463
2021-08-17,38.85,38.87,38.21,38.65,2794290,19785,38.560407
2021-08-18,38.67,38.67,37.98,38.22,2815667,23443,38.225553
2021-08-19,38.27,39.095,38.18,38.94,3753961,29725,38.762941
2021-08-20,38.85,39.1,38.58,39.09,2235457,20268,39.017314
2021-08-23,39.13,39.18,38.6,38.81,2391663,21435,38.866632
2021-08-24,38.77,38.81,38.31,38.63,2373497,18311,38.594183
2021-08-25,38.64,39.21,38.44,39.0,1847149,15384,38.963495
2021-08-26,39.01,39.01,38.45,38.54,1612061,13549,38.689396
2021-08-27,38.53,38.77,38.4,38.57,1676241,15108,38.596631
2021-08-30,38.49,38.8,38.44,38.65,1333428,13003,38.682794
2021-08-31,38.62,38.95,38.5,38.87,2130137,16753,38.830509
2021-09-01,39.13,39.62,39.025,39.43,2337387,22577,39.393496
2021-09-02,39.5,39.94,39.435,39.92,2242296,18503,39.779012
2021-09-03,39.74,39.81,39.46,39.59,2979133,15499,39.635313
2021-09-07,39.54,39.54,38.39,38.47,3733485,29670,38.645934
2021-09-08,38.42,39.03,38.3,38.94,2860288,20282,38.879294
2021-09-09,38.79,38.935,38.35,38.37,2235618,18027,38.485847
2021-09-10,38.33,38.37,37.67,37.69,2149559,20736,37.871633
2021-09-13,37.94,38.0201,37.185,37.43,2917086,25380,37.506523
2021-09-14,37.65,37.94,37.32,37.45,3562003,22623,37.57418
2021-09-15,37.33,38.02,37.25,37.8,3255811,19655,37.776617
2021-09-16,37.83,37.98,37.3,37.31,1644430,15862,37.464402
2021-09-17,37.79,37.8,36.625,36.73,6891372,26850,36.968677
2021-09-20,36.58,36.92,36.11,36.52,4098462,28859,36.557008
2021-09-21,36.63,37.099,36.54,36.65,2532549,21591,36.80625
2021-09-22,36.76,37.03,36.6,36.86,2058742,16909,36.871199
2021-09-23,37.01,37.28,36.67,36.75,2684014,21243,36.911653
2021-09-24,36.79,37.04,36.73,36.83,1755937,15291,36.866113
2021-09-27,36.83,37.38,36.68,36.72,2049863,18057,36.954728
2021-09-28,36.74,36.855,36.38,36.43,2438159,23186,36.513826
2021-09-29,36.45,36.79,36.24,36.3,3840427,32186,36.460969
2021-09-30,36.3,36.37,35.56,35.62,3331465,25795,35.836672
2021-10-01,35.86,36.23,35.71,35.85,2470899,25383,35.980241
2021-10-04,35.93,36.15,35.6918,36.01,4261802,20998,35.979238
2021-10-05,36.15,36.41,36.035,36.22,2189323,18754,36.220321
2021-10-06,36.06,36.73,35.79,36.68,2451722,19657,36.322285
2021-10-07,36.72,36.965,36.34,36.43,2568516,14741,36.51883
2021-10-08,36.32,36.51,36.185,36.22,1693962,16277,36.334457
2021-10-11,36.02,36.25,35.65,35.77,3819922,21869,35.813866
2021-10-12,35.94,35.98,35.56,35.71,3461659,22702,35.728411
2021-10-13,35.57,35.865,35.4223,35.64,2690593,22613,35.611251
2021-10-14,35.73,36.54,35.73,36.52,3244789,17720,36.376733
2021-10-15,36.56,36.73,36.37,36.62,3079596,23788,36.597721
2021-10-18,36.47,36.55,35.94,36.17,3813311,19167,36.166892
2021-10-19,36.38,36.99,36.26,36.87,2535859,19439,36.7424
2021-10-20,37.04,37.47,37.0,37.33,2540650,19174,37.254908
2021-10-21,37.22,37.585,37.07,37.23,4901856,20709,37.276274
2021-10-22,37.24,37.835,37.23,37.75,2793876,16792,37.677557
2021-10-25,37.82,37.82,37.21,37.37,4222929,21548,37.470904
2021-10-26,37.43,37.795,37.295,37.7,3318894,25995,37.613049
2021-10-27,37.78,37.845,37.31,37.59,2262395,21852,37.588715
2021-10-28,37.62,37.94,37.565,37.9,2484433,21836,37.838585
2021-10-29,37.8,39.72,37.62,38.53,5807201,41200,38.620151
2021-11-01,38.59,38.835,38.23,38.8,2565091,24733,38.651126
2021-11-02,39.75,39.82,38.77,39.3,5155728,38609,39.22053
2021-11-03,39.17,39.43,39.09,39.25,3510719,26209,39.281675
2021-11-04,38.84,39.155,38.63,38.91,3194524,26609,38.939753
2021-11-05,39.12,39.31,38.965,39.07,2535793,19795,39.106657
2021-11-08,39.56,39.73,38.37,38.51,5991242,33171,38.695303
2021-11-09,38.59,38.76,37.885,38.3,3933823,34226,38.225244
2021-11-10,38.27,38.98,38.27,38.96,4019093,33483,38.808917
2021-11-11,38.79,39.07,38.57,39.03,1927331,19467,38.860259
2021-11-12,39.03,39.05,38.6,39.0,4220695,24696,38.961212
2021-11-15,39.18,39.46,38.99,39.45,2262863,19158,39.27658
2021-11-16,39.48,39.765,39.39,39.58,4171125,23155,39.591995
2021-11-17,39.55,39.565,38.665,39.08,3281161,22459,39.023019
2021-11-18,39.0,39.26,38.29,38.61,2794401,22407,38.588405
2021-11-19,38.63,38.7279,37.985,38.53,3105440,25089,38.406243
2021-11-22,38.55,39.05,38.45,38.73,3036840,20669,38.754343
2021-11-23,38.82,39.06,38.54,38.94,1732325,16620,38.924215
2021-11-24,38.96,39.04,38.7129,38.91,1403489,10445,38.891056
2021-11-26,38.45,38.64,37.79,37.91,2619472,15356,38.016503
2021-11-29,38.24,39.12,38.2,39.05,4178273,29643,38.871794
2021-11-30,38.76,38.76,37.625,37.66,6624660,33913,37.905077
2021-12-01,38.05,38.67,37.7,37.73,4110939,32787,38.105937
2021-12-02,37.9,38.835,37.81,38.62,3649437,25398,38.556993
2021-12-03,38.8,38.95,38.25,38.84,3329157,24889,38.688754
2021-12-06,39.08,39.685,38.8,39.25,7267741,37174,39.306252
2021-12-07,39.24,39.68,39.21,39.46,2664094,23235,39.475133
2021-12-08,39.6,39.63,39.05,39.4,2147100,19377,39.371568
2021-12-09,39.35,39.64,38.96,39.4,5107341,22840,39.422081
2021-12-10,39.6,39.94,39.41,39.62,2556829,23348,39.695338
2021-12-13,39.6,40.41,39.51,40.17,4959893,22863,40.129758
2021-12-14,40.13,40.24,39.65,39.98,2578784,20716,39.922286
2021-12-15,39.99,40.3,39.6501,39.94,4200351,33327,39.971657
2021-12-16,39.95,40.6225,39.89,40.31,2534640,25041,40.361259
2021-12-17,40.24,40.49,39.95,40.08,4623832,22994,40.14606
2021-12-20,39.74,40.295,39.56,40.28,2415118,21138,40.044376
2021-12-21,40.6,40.695,40.06,40.24,3059262,24502,40.315107
2021-12-22,40.24,40.705,40.215,40.52,2040061,16043,40.501529
2021-12-23,40.57,40.71,40.46,40.53,1859606,14328,40.58042
2021-12-27,40.46,40.48,39.99,40.45,1558449,13152,40.369735
2021-12-28,40.47,41.01,40.44,40.99,1876092,15714,40.902651
2021-12-29,41.06,41.26,40.91,41.18,1284430,15108,41.106493
2021-12-30,41.31,41.6,41.14,41.36,2386516,22949,41.389881
2021-12-31,41.31,41.75,41.255,41.59,1265501,12502,41.583255
2022-01-03,41.61,41.61,40.83,41.24,3166192,32018,41.189241
2022-01-04,41.27,41.525,41.02,41.08,3450083,26398,41.19049
2022-01-05,40.99,41.34,40.75,40.8,3611605,22560,40.925453
2022-01-06,40.82,41.22,40.695,40.94,2268936,21342,40.996712
2022-01-07,41.19,41.68,40.99,41.41,4261122,27505,41.421885
2022-01-10,41.27,41.605,41.055,41.52,4763125,32905,41.441751
2022-01-11,41.55,41.73,41.0,41.36,4580944,25526,41.318883
2022-01-12,41.27,41.57,41.04,41.41,3402225,21530,41.425618
2022-01-13,41.33,41.7,41.12,41.59,2921435,28374,41.550511
2022-01-14,41.54,41.7,40.97,41.57,4168627,27486,41.477786
2022-01-18,41.35,41.805,40.76,41.59,5384167,33977,41.457513
2022-01-19,41.59,41.94,41.41,41.42,2875084,27625,41.621726
2022-01-20,41.55,42.025,41.36,41.43,4196795,28171,41.571098
2022-01-21,41.66,41.91,41.17,41.33,4877646,35805,41.511844
2022-01-24,41.12,41.37,40.1,41.31,4888874,44809,40.803163
2022-01-25,40.89,41.71,40.69,41.32,4590085,43071,41.279813
2022-01-26,41.27,41.86,40.75,41.16,3683014,36831,41.265725
2022-01-27,41.45,41.7,40.68,41.26,4648281,43885,41.276622
2022-01-28,41.13,41.77,40.85,41.75,3465603,32640,41.410414
2022-01-31,41.4,41.975,41.32,41.96,9036986,37526,41.839385
2022-02-01,41.84,41.955,41.25,41.81,3288113,31697,41.721015
2022-02-02,41.7,42.425,41.625,42.33,4457594,34080,42.181804
2022-02-03,42.23,42.69,42.05,42.6,3877009,33855,42.485258
2022-02-04,42.0,42.12,41.26,41.36,5171920,33722,41.594847
2022-02-07,41.35,41.615,41.19,41.44,3938380,26814,41.412
2022-02-08,41.64,42.09,41.455,41.96,3483152,30013,41.902835
2022-02-09,42.16,42.35,41.965,42.21,2813144,21486,42.184057
2022-02-10,41.88,42.11,41.32,41.42,3403029,31623,41.635613
2022-02-11,41.82,42.49,41.44,41.56,8959578,36727,41.655377
2022-02-14,41.61,41.79,39.46,40.74,6255646,44590,40.597918
2022-02-15,41.08,41.15,40.175,40.44,3913307,30290,40.591278
2022-02-16,40.42,41.17,40.34,41.08,3673067,30339,40.877188
2022-02-17,40.93,41.21,40.57,41.12,2626033,27343,40.96799
2022-02-18,41.1,41.6,40.77,40.98,8039401,37939,41.082365
2022-02-22,41.06,41.44,40.69,40.95,4932649,31841,40.980189
2022-02-23,40.98,41.17,39.56,39.62,6470789,44131,39.944024
2022-02-24,39.47,39.96,38.77,39.85,5692647,56291,39.3448
2022-02-25,40.27,41.44,40.11,41.36,3769409,32702,41.062926
2022-02-28,40.98,41.935,40.98,41.85,5872740,45599,41.639234
2022-03-01,41.85,42.13,41.01,41.32,4218981,34253,41.364993
2022-03-02,41.44,41.86,41.38,41.67,3846900,35975,41.682444
2022-03-03,41.34,42.61,41.78,42.42,4895361,36137,42.379447
2022-03-04,42.2,42.97,41.925,42.88,5333572,35971,42.641852
2022-03-07,43.02,44.6,42.82,44.57,8629563,65334,43.932754
2022-03-08,44.56,44.98,43.8775,44.31,7746179,59085,44.425867
2022-03-09,44.62,44.775,44.03,44.08,6791878,50524,44.323496
2022-03-10,43.8,44.185,43.295,44.03,4611272,46079,43.889519
2022-03-11,43.96,44.39,43.66,43.97,3207725,33729,43.996999
2022-03-14,44.46,44.8,43.95,44.25,3592666,34919,44.269734
2022-03-15,44.58,44.62,43.8799,44.19,3016567,28793,44.223505
2022-03-16,44.12,44.41,43.23,43.88,4787051,42356,43.748388
2022-03-17,43.96,44.385,43.755,44.05,4616129,36311,44.112432
2022-03-18,44.03,44.197,43.09,43.14,13080418,45555,43.262475
2022-03-21,43.31,43.809,43.31,43.6,4623151,38280,43.626138
2022-03-22,43.85,43.86,43.155,43.55,3294682,29087,43.505924
2022-03-23,43.55,43.84,43.25,43.51,3275180,33704,43.561484
2022-03-24,43.39,44.16,43.39,43.91,2964023,28653,43.862861
2022-03-25,44.01,44.87,43.91,44.84,3386569,30964,44.48352
2022-03-28,44.84,45.11,44.47,45.09,3105278,30578,44.904819
2022-03-29,45.15,45.47,44.645,45.46,4210616,38920,45.169736
2022-03-30,45.49,45.81,45.23,45.8,4380313,35257,45.617282
2022-03-31,45.88,46.4,45.83,45.86,4428175,30235,45.991021
2022-04-01,45.8,46.65,45.59,46.59,4125956,36366,46.271965
2022-04-04,46.25,46.455,45.735,46.31,4372712,34298,46.22037
2022-04-05,46.47,47.17,46.46,46.64,3181165,26573,46.778824
2022-04-06,46.88,47.99,46.635,47.93,4378257,40749,47.4903
2022-04-07,47.95,47.97,47.335,47.48,4698720,35796,47.578059
2022-04-08,47.64,47.785,47.26,47.47,2314040,23304,47.563319
2022-04-11,47.68,47.71,46.85,46.88,2844016,34199,47.05477
2022-04-12,46.85,47.38,46.64,47.14,2394659,28962,47.113501
2022-04-13,47.0,47.28,46.735,47.16,2330062,24029,47.040223
2022-04-14,47.3,47.585,47.06,47.4,2739752,25752,47.354773
2022-04-18,47.34,47.6,47.14,47.29,2012775,23611,47.341258
2022-04-19,47.55,47.61,47.26,47.5,2809919,25702,47.467369
2022-04-20,47.93,48.625,47.86,48.46,3583707,31926,48.430245
2022-04-21,48.19,48.85,48.09,48.12,2647031,29340,48.408097
2022-04-22,47.38,47.5,46.0,46.01,5204782,42014,46.44945
2022-04-25,46.05,46.19,44.775,45.44,3724350,37703,45.287654
2022-04-26,45.54,45.77,44.965,44.98,3232416,35300,45.23369
2022-04-27,44.97,45.42,44.45,44.74,2846225,34247,44.992746
2022-04-28,44.81,45.01,44.4,44.74,3137652,34061,44.722251
2022-04-29,44.62,44.69,43.21,43.31,4612573,33573,43.596126
2022-05-02,43.51,43.86,42.405,42.94,3106681,41067,43.015645
2022-05-03,43.19,43.89,42.99,43.14,4061305,33978,43.290414
2022-05-04,43.5,43.68,42.55,43.65,4509951,51378,43.359474
2022-05-05,43.17,43.45,42.05,42.48,3294263,40950,42.660985
