Date,Open,High,Low,Close,volume,trade_count,vwap
2020-12-31,114.26,115.36,113.4,114.93,511028,6067,114.814895
2021-01-04,115.71,116.35,112.48,113.12,585751,9799,113.713758
2021-01-05,112.53,117.31,112.39,116.01,626601,11729,115.734061
2021-01-06,117.46,121.9,116.945,120.09,816094,15334,119.894055
2021-01-07,120.93,123.6,119.75,121.88,719471,12095,122.079896
2021-01-08,122.5,122.66,119.35,121.08,581466,11665,121.157554
2021-01-11,119.72,120.4,118.38,119.37,569386,11057,119.21184
2021-01-12,119.16,122.26,118.72,122.25,722467,11893,121.167359
2021-01-13,122.67,123.66,120.8083,121.92,614683,10244,121.766889
2021-01-14,122.14,122.92,120.835,121.72,548880,9265,121.954425
2021-01-15,120.91,120.91,117.96,120.05,657490,10487,119.813319
2021-01-19,114.97,117.62,113.1609,116.57,1342328,17415,116.019986
2021-01-20,116.7,116.7,114.86,115.47,944909,12503,115.584332
2021-01-21,115.96,117.36,114.5,115.0,1047648,14091,115.705677
2021-01-22,114.12,115.72,113.465,114.45,811280,12294,114.479235
2021-01-25,113.44,114.025,109.6,113.06,762002,13022,112.1915
2021-01-26,114.21,114.74,110.17,110.32,740614,12640,111.014683
2021-01-27,108.68,109.5,106.07,107.54,990893,18180,107.686623
2021-01-28,109.06,109.93,107.585,109.03,807138,13189,109.080113
2021-01-29,108.14,110.24,107.09,108.29,1503098,18684,108.849843
2021-02-01,109.64,110.56,108.2,109.75,967118,15178,109.344539
2021-02-02,110.92,112.59,109.17,111.1,938927,13603,111.254857
2021-02-03,111.47,112.49,109.95,110.64,993834,13904,110.859946
2021-02-04,110.91,114.08,110.17,113.97,823689,14463,113.227555
2021-02-05,115.15,117.13,114.7,115.18,808500,13045,115.529738
2021-02-08,115.9,116.76,115.17,116.65,621208,8447,116.347043
2021-02-09,116.85,117.9,115.56,116.36,673909,11224,116.751257
2021-02-10,112.11,113.76,106.1467,107.9,2357963,26259,107.828007
2021-02-11,109.05,110.48,107.7,110.26,1220728,16513,109.281121
2021-02-12,110.05,110.73,107.22,107.68,1766778,18184,107.8925
2021-02-16,108.95,109.78,108.1,108.72,1512570,15701,109.019415
2021-02-17,107.77,108.49,106.67,106.75,1128328,16061,107.347713
2021-02-18,106.07,107.08,104.545,104.82,1144588,15665,105.354475
2021-02-19,105.04,106.65,104.69,105.25,1251108,15906,105.489155
2021-02-22,104.92,105.94,104.06,105.0,1276227,15569,104.903765
2021-02-23,105.08,105.08,102.92,104.82,962070,14356,104.220356
2021-02-24,105.05,106.29,104.58,104.97,1158598,15811,105.090826
2021-02-25,104.67,105.21,101.63,101.9,766607,13923,102.866934
2021-02-26,102.07,102.55,101.21,101.69,1993450,18540,101.81469
2021-03-01,102.91,108.06,102.91,106.67,1436506,18325,105.979076
2021-03-02,106.86,108.86,105.28,105.52,1177999,14202,106.583913
2021-03-03,105.25,105.88,103.49,103.53,768003,12927,104.408712
2021-03-04,103.2,103.5,98.77,100.77,1312302,17135,101.010772
2021-03-05,101.87,102.99,98.16,102.71,998171,15596,100.883737
2021-03-08,103.2,105.79,102.82,103.06,884069,12522,104.080806
2021-03-09,103.83,105.86,103.14,104.82,1216119,14436,104.7811
2021-03-10,105.82,107.93,104.94,106.35,757015,11891,106.653855
2021-03-11,107.23,109.5,107.23,108.71,1300070,14747,108.842522
2021-03-12,108.35,110.71,108.35,110.11,1171012,15748,109.848942
2021-03-15,110.0,112.44,109.52,112.28,1105588,15532,111.550631
2021-03-16,112.15,112.23,108.49,108.69,756515,12863,109.461226
2021-03-17,108.26,110.17,107.93,109.37,601376,9415,108.981239
2021-03-18,109.3,111.96,108.75,110.1,743621,11311,110.513167
2021-03-19,110.5,110.91,108.66,109.89,1238296,12096,110.006889
2021-03-22,109.97,110.68,108.57,110.3,828395,11522,110.05395
2021-03-23,109.63,110.37,107.48,108.02,902214,12431,108.726046
2021-03-24,108.3,111.05,108.3,109.51,751127,11110,109.94363
2021-03-25,109.07,111.58,108.22,110.85,741143,13001,110.24725
2021-03-26,111.77,113.905,111.3,113.77,667361,11671,112.701672
2021-03-29,113.41,113.99,111.93,112.7,1009550,11325,112.783134
2021-03-30,111.99,112.6,110.275,111.02,690342,11302,111.037254
2021-03-31,111.02,111.49,109.62,110.61,807706,10228,110.661774
2021-04-01,111.39,112.36,109.95,111.92,657819,12214,111.589698
2021-04-05,112.69,114.17,112.14,113.83,707106,9481,113.767691
2021-04-06,113.37,114.22,112.55,112.83,784068,10970,113.256241
2021-04-07,112.99,113.16,111.24,111.53,608668,9280,111.711106
2021-04-08,111.58,112.13,110.85,111.49,650504,12421,111.541272
2021-04-09,112.01,112.22,111.04,111.88,577950,9249,111.787601
2021-04-12,112.27,113.16,111.69,112.4,783290,11507,112.277266
2021-04-13,112.16,112.74,110.31,110.75,597089,10064,111.178737
2021-04-14,110.57,111.99,110.57,111.19,585560,10330,111.272147
2021-04-15,112.07,112.78,111.78,112.47,608442,9624,112.329456
2021-04-16,113.63,115.08,112.87,113.64,736972,10887,113.747221
2021-04-19,113.89,114.165,111.8,112.82,537126,9481,112.720444
2021-04-20,112.93,113.95,112.03,113.0,531399,8653,112.725052
2021-04-21,112.77,114.92,112.56,114.86,424718,8507,114.438624
2021-04-22,114.6,114.8,113.15,113.46,568002,8990,113.720279
2021-04-23,113.88,116.24,113.335,115.9,471738,7645,115.531079
2021-04-26,116.49,117.77,116.2276,117.68,972180,10686,117.460129
2021-04-27,117.54,119.15,117.2126,118.67,684466,11142,118.480771
2021-04-28,118.75,119.85,118.3,119.23,800983,9557,119.315945
2021-04-29,120.0,120.72,118.91,120.23,740526,12204,119.86788
2021-04-30,119.94,120.44,117.51,118.24,967115,11558,118.257805
2021-05-03,119.41,119.9,118.81,119.06,695763,10882,119.268991
2021-05-04,118.17,119.22,117.52,119.04,864266,13678,118.586293
2021-05-05,120.28,121.97,118.3,121.83,1060590,14828,120.599431
2021-05-06,111.93,117.77,111.24,117.42,2548300,32608,115.253867
2021-05-07,117.6,120.54,117.18,120.41,1178337,16063,119.462164
2021-05-10,121.99,122.5,118.23,118.36,839132,13393,119.138954
2021-05-11,116.61,117.54,115.43,117.14,830989,12322,116.69478
2021-05-12,116.61,117.405,114.72,114.95,565526,9852,115.478425
2021-05-13,115.0,116.69,114.82,116.27,441153,9916,116.050263
2021-05-14,117.24,118.61,116.84,118.19,424949,8270,118.021378
2021-05-17,118.02,118.78,117.0,118.42,414173,10735,118.238513
2021-05-18,117.98,119.14,117.66,117.67,770142,9313,117.9974
2021-05-19,116.41,117.44,115.24,116.54,564095,9180,116.426248
2021-05-20,116.55,116.84,115.725,116.32,577042,9188,116.313602
2021-05-21,117.27,118.03,116.71,116.88,446642,7890,117.256483
2021-05-24,117.84,117.94,116.51,116.74,612696,10686,117.003361
2021-05-25,116.82,117.7014,115.46,115.55,462337,9111,115.940766
2021-05-26,115.52,115.82,114.7,115.4,482886,8573,115.41393
2021-05-27,116.5,116.68,115.69,116.24,886692,11821,116.272644
2021-05-28,116.53,116.98,115.38,116.69,625892,10886,116.263693
2021-06-01,118.01,118.59,117.03,118.31,645650,10973,118.009021
2021-06-02,118.83,119.0,117.0,117.7,1299764,15510,117.898635
2021-06-03,117.11,117.91,116.12,117.85,643692,10445,117.354744
2021-06-04,118.04,118.6,117.4321,118.35,462780,8380,118.09246
2021-06-07,118.71,118.71,116.7,118.49,534669,10081,117.971896
2021-06-08,118.68,119.78,117.83,119.14,709945,11987,119.137298
2021-06-09,119.27,119.75,118.29,118.31,590058,11701,118.878316
2021-06-10,118.99,119.29,118.0,118.61,594920,9824,118.658418
2021-06-11,119.39,120.25,118.27,119.42,518505,9495,119.064875
2021-06-14,119.42,119.42,117.68,118.46,570765,10581,118.384157
2021-06-15,118.71,119.05,116.98,118.76,508832,10681,118.386424
2021-06-16,118.89,118.92,116.87,117.4,677345,10786,117.82901
2021-06-17,117.09,118.16,116.27,118.0,1169430,17659,117.388601
2021-06-18,116.43,116.89,111.92,112.04,1588522,21951,113.380242
2021-06-21,112.91,114.67,112.7,114.14,716717,13408,113.94272
2021-06-22,114.43,114.98,112.88,114.59,683784,14247,114.206097
2021-06-23,115.0,115.29,114.02,114.21,539317,9355,114.503894
2021-06-24,112.89,113.755,111.72,112.85,1329186,16726,112.756231
2021-06-25,113.74,113.83,111.88,112.01,988590,10952,112.382382
2021-06-28,111.84,111.955,109.45,110.09,911618,13286,110.137627
2021-06-29,110.25,110.805,108.7,109.03,689279,11716,109.179319
2021-06-30,108.63,109.26,107.75,108.2,1368777,15108,108.228052
2021-07-01,108.93,109.48,108.17,108.54,869882,14464,108.69451
2021-07-02,108.75,108.8418,107.895,108.53,707494,11037,108.425125
2021-07-06,108.23,108.5,105.39,106.71,919633,13468,106.577832
2021-07-07,106.46,107.275,104.5,105.69,1035764,14681,105.313283
2021-07-08,104.17,105.65,103.56,105.36,913856,12862,105.069449
2021-07-09,106.76,107.92,105.53,107.66,1312065,13659,107.153034
2021-07-12,107.11,109.135,106.56,108.77,1402110,18985,108.572425
2021-07-13,108.65,108.8254,106.76,107.09,477339,8689,107.227399
2021-07-14,107.53,108.62,107.02,107.21,560642,9317,107.471693
2021-07-15,106.42,108.15,106.2,107.06,455914,8819,107.250034
2021-07-16,107.54,107.6,104.89,105.14,513152,8808,105.546662
2021-07-19,103.21,104.09,102.2,103.11,895560,15432,102.992283
2021-07-20,102.84,104.4,102.45,103.34,641487,10410,103.626458
2021-07-21,104.43,105.48,104.0801,105.26,826260,9870,104.93778
2021-07-22,105.41,105.98,104.2905,105.88,512377,9177,105.620018
2021-07-23,106.35,106.62,105.72,106.35,511187,8867,106.242412
2021-07-26,106.1,106.92,105.53,106.63,601382,9101,106.479528
2021-07-27,105.94,106.92,104.8,106.23,412303,8248,106.081713
2021-07-28,106.43,107.15,105.62,106.85,430689,7353,106.697378
2021-07-29,107.78,107.955,106.73,106.92,773271,13527,107.198248
2021-07-30,106.89,107.925,106.12,106.95,761659,10200,106.849477
2021-08-02,107.28,108.22,105.82,106.6,816278,12985,106.644062
2021-08-03,106.81,107.18,105.04,106.78,743959,11128,106.343071
2021-08-04,105.35,106.8,98.58,98.63,1726658,24061,100.082061
2021-08-05,97.98,98.66,92.85,93.23,3453592,35594,94.348773
2021-08-06,93.8,95.7,93.5,95.31,2269134,24549,94.597368
2021-08-09,95.61,96.44,94.39,95.95,912963,13429,95.796949
2021-08-10,96.05,97.34,95.49,95.5,1040836,12580,96.036517
2021-08-11,95.93,96.45,95.26,96.19,944596,12079,95.98905
2021-08-12,95.55,96.2375,94.32,94.97,1050474,14537,95.019679
2021-08-13,94.89,95.77,94.15,94.32,491330,8789,94.568756
2021-08-16,93.54,94.0,92.37,92.8,804402,12425,92.905924
2021-08-17,92.24,92.3,90.42,92.1,1235983,14600,91.410378
2021-08-18,92.4,92.46,90.85,91.35,1063731,16245,91.387186
2021-08-19,90.48,91.265,87.33,88.55,1268700,14878,88.805881
2021-08-20,88.45,88.955,87.32,87.77,697116,11956,87.901878
2021-08-23,88.22,89.6,87.27,89.09,1183502,12578,88.67896
2021-08-24,89.75,91.07,89.65,90.75,1199347,13913,90.619833
2021-08-25,91.02,93.31,90.65,92.9,1278547,16925,92.767537
2021-08-26,93.5,94.29,93.04,93.6,1353209,19359,93.502071
2021-08-27,93.35,94.0199,93.02,93.07,955910,13937,93.411232
2021-08-30,93.32,94.19,93.3,93.32,1322792,17283,93.713422
2021-08-31,93.41,94.08,92.8,93.63,1600235,16352,93.577752
2021-09-01,93.65,94.765,92.96,94.39,699952,12422,94.192749
2021-09-02,94.99,97.13,94.69,96.66,1022644,14207,96.472477
2021-09-03,96.48,97.375,95.26,95.28,937157,10957,95.768361
2021-09-07,95.06,96.3,94.52,95.65,1146328,12435,95.649275
2021-09-08,95.62,98.6,94.86,96.95,2026196,20149,96.835253
2021-09-09,96.25,98.54,96.13,97.5,1299713,15099,97.660143
2021-09-10,98.26,99.08,97.51,98.12,1169182,15709,98.251091
2021-09-13,98.88,98.97,97.565,98.52,980329,14242,98.32548
2021-09-14,98.64,99.1,96.57,96.85,821868,13339,97.17004
2021-09-15,96.85,98.02,96.25,97.77,1123616,15440,97.371076
2021-09-16,97.57,98.11,96.81,97.37,854704,11712,97.460324
2021-09-17,96.2,96.94,94.08,95.19,3587353,23814,95.326995
2021-09-20,93.09,94.75,92.805,94.52,1269720,16749,93.856332
2021-09-21,95.18,95.21,93.16,93.31,1149119,14186,93.585806
2021-09-22,94.3,94.7019,93.1575,94.04,938902,14347,94.034655
2021-09-23,94.71,95.63,94.4,94.49,719806,11750,94.898884
2021-09-24,94.31,94.83,93.98,94.14,946291,13372,94.232986
2021-09-27,94.66,96.41,94.37,95.44,852750,11440,95.608649
2021-09-28,95.81,96.16,93.88,93.9,1168456,16360,94.434684
2021-09-29,93.31,93.77,92.98,93.24,1513097,18679,93.288188
2021-09-30,93.46,93.65,91.56,91.56,2002709,17981,92.227282
2021-10-01,92.14,92.435,90.89,92.25,1778668,20430,91.934593
2021-10-04,92.25,92.78,89.245,90.88,1850523,22293,90.5326
2021-10-05,90.97,92.99,90.07,92.77,1092688,15758,92.269719
2021-10-06,90.16,90.46,88.13,89.59,1553688,19405,89.348447
2021-10-07,90.26,91.45,89.65,89.87,775161,12770,90.29767
2021-10-08,89.89,90.51,89.0,89.07,888550,10365,89.441469
2021-10-11,88.87,89.73,88.22,88.25,962838,14658,88.856477
2021-10-12,88.52,88.95,87.42,87.81,927791,12946,88.033347
2021-10-13,88.35,89.09,87.55,88.4,969345,12859,88.459924
2021-10-14,89.29,91.57,88.87,91.53,1044128,14715,90.713969
2021-10-15,92.38,93.5,91.5,92.45,714542,12153,92.53194
2021-10-18,92.48,92.69,91.68,92.05,554004,8293,92.11303
2021-10-19,92.5,92.5,90.8783,92.18,673334,13650,91.629333
2021-10-20,92.04,93.31,91.54,92.93,567435,10520,92.759738
2021-10-21,92.71,93.93,92.44,93.64,790317,11251,93.380098
2021-10-22,93.68,94.97,92.81,92.97,493217,8476,93.429583
2021-10-25,93.52,93.96,92.71,93.24,561775,8990,93.294779
2021-10-26,93.66,94.0,92.67,92.7,550899,10032,92.998942
2021-10-27,92.49,92.53,91.29,91.59,632153,10672,91.859044
2021-10-28,91.78,93.72,91.62,92.82,677030,11342,92.884326
2021-10-29,92.69,92.87,90.44,91.01,709839,12161,91.28725
2021-11-01,90.86,93.57,90.86,93.47,929818,18733,92.8089
2021-11-02,93.51,94.185,92.08,93.42,840006,13500,93.420748
2021-11-03,99.5,106.875,97.12,105.21,3355325,40074,103.934749
2021-11-04,106.67,106.67,103.83,104.35,1396000,21506,104.640265
2021-11-05,104.88,106.86,104.04,106.63,933848,14273,106.232374
2021-11-08,106.83,106.95,104.42,105.07,1258783,16459,105.222405
2021-11-09,105.0,108.59,104.5444,106.99,1114912,16909,107.301577
2021-11-10,106.74,107.84,105.635,105.81,648862,12926,106.422461
2021-11-11,105.92,106.51,104.82,105.68,705874,10406,105.830044
2021-11-12,105.82,106.8986,105.7,106.09,462142,8688,106.070875
2021-11-15,106.08,107.3399,105.3,106.35,649823,11059,106.427255
2021-11-16,106.65,106.87,105.33,105.37,620968,9950,105.945488
2021-11-17,105.01,105.9,104.41,104.98,492226,10771,105.069396
2021-11-18,105.14,105.926,104.4596,105.08,409749,8585,105.1495
2021-11-19,104.6,105.48,104.0,104.05,536263,8858,104.449839
2021-11-22,104.37,105.97,104.05,104.19,567618,10823,104.803682
2021-11-23,104.34,105.08,102.86,104.91,629135,10022,104.39746
2021-11-24,104.18,104.8,103.23,104.12,454915,8542,104.194447
2021-11-26,101.62,102.76,100.75,102.64,392457,8273,102.133679
2021-11-29,105.23,105.33,102.51,103.54,1043334,14205,103.761465
2021-11-30,102.55,103.45,99.18,100.19,1204513,16608,100.431101
2021-12-01,102.6,104.34,100.14,100.17,784014,15624,102.142875
2021-12-02,100.84,104.29,100.5,103.53,856087,15319,103.414307
2021-12-03,104.04,106.66,102.905,103.69,980754,16018,104.201519
2021-12-06,105.18,106.57,104.44,105.56,651165,13903,105.68913
2021-12-07,106.53,108.23,105.9,107.1,772746,13885,107.285628
2021-12-08,107.32,109.32,107.03,108.77,851625,12229,108.76081
2021-12-09,107.94,108.91,107.32,107.44,608414,13175,107.942388
2021-12-10,108.72,109.39,107.21,108.17,582719,9906,108.279558
2021-12-13,107.68,107.87,104.89,105.03,968056,16162,105.623187
2021-12-14,104.98,106.37,104.43,104.61,1058968,13296,104.918188
2021-12-15,104.43,105.97,103.52,105.7,1059510,15595,105.048069
2021-12-16,105.65,107.22,104.7,104.97,1062971,17209,105.5429
2021-12-17,104.8,105.24,103.46,103.98,2980083,20881,104.135948
2021-12-20,102.87,103.53,100.45,102.24,934190,15327,101.784079
2021-12-21,103.21,106.16,102.94,105.78,921689,13291,105.418215
2021-12-22,105.5,107.74,105.25,107.5,703759,12375,107.182557
2021-12-23,107.76,109.685,107.57,109.12,729904,11371,109.153292
2021-12-27,109.07,109.47,107.93,108.95,511340,10207,108.906058
2021-12-28,108.73,110.0,108.7201,109.57,517205,8716,109.324741
2021-12-29,109.52,110.0,109.115,109.4,339003,5488,109.602015
2021-12-30,109.03,110.0,108.4765,109.39,422395,8182,109.609855
2021-12-31,109.45,110.34,109.12,109.89,451545,8240,109.822707
2022-01-03,110.56,111.58,110.05,110.15,674370,11526,110.550439
2022-01-04,110.33,111.88,109.61,111.21,928214,15396,111.214275
2022-01-05,111.87,112.31,108.86,109.0,768971,15778,110.140777
2022-01-06,110.08,110.36,107.89,107.9,715001,11060,108.408886
2022-01-07,108.16,108.55,107.19,108.21,668809,13403,108.09951
2022-01-10,107.81,107.81,106.11,107.4,628749,12660,106.980574
2022-01-11,108.37,109.54,107.48,109.39,528204,9733,108.932081
2022-01-12,111.23,112.01,110.1,111.24,565695,9963,111.102091
2022-01-13,111.4,114.51,111.1,113.49,936743,14709,113.502333
2022-01-14,112.35,114.22,112.28,114.1,765958,14349,113.42982
2022-01-18,113.14,113.32,110.09,110.71,889604,16644,111.193567
2022-01-19,111.31,112.5491,110.52,111.05,491317,9785,111.508446
2022-01-20,111.48,112.36,109.06,109.29,615826,12646,110.426099
2022-01-21,109.0,111.4,108.2,108.85,865263,18245,109.49744
2022-01-24,107.0,107.63,104.15,107.4,897076,18042,106.175494
2022-01-25,105.56,108.72,103.57,107.62,627453,14499,106.946681
2022-01-26,108.41,110.1,106.33,107.35,446346,9509,108.11212
2022-01-27,108.83,110.625,106.93,108.09,700849,14611,108.11054
2022-01-28,107.84,108.63,105.9,108.5,604243,13896,107.365417
2022-01-31,108.65,110.56,108.06,110.37,889402,15008,109.90259
2022-02-01,110.43,111.76,108.9,111.55,843548,15992,110.890498
2022-02-02,111.5,113.05,110.58,112.65,886970,15133,112.186295
2022-02-03,111.82,112.8,110.51,110.7,685284,12508,111.463621
2022-02-04,110.14,111.18,109.39,110.23,676150,12520,110.347422
2022-02-07,110.63,110.89,108.21,108.22,869547,16236,108.936292
2022-02-08,108.73,111.26,108.23,111.18,1024945,17007,110.794589
2022-02-09,113.36,119.605,112.76,117.38,2093032,30355,117.550392
2022-02-10,117.64,120.57,116.94,117.3,1126737,20005,118.637377
2022-02-11,117.44,119.325,116.795,117.87,866866,15155,117.978745
2022-02-14,117.51,118.0,114.63,115.75,570747,13009,116.004475
2022-02-15,116.75,118.16,115.92,117.78,534801,10865,117.569651
2022-02-16,117.63,119.71,117.16,119.59,683217,12908,118.891868
2022-02-17,118.33,119.91,117.67,118.11,446836,9406,118.449152
2022-02-18,118.4,119.88,116.84,116.89,811321,14548,117.598559
2022-02-22,116.4,117.705,114.9285,116.16,542975,9831,116.322131
2022-02-23,116.12,117.15,114.39,114.69,764024,14239,115.448776
2022-02-24,112.44,115.2,111.42,114.9,925806,18707,113.515025
2022-02-25,115.89,118.14,114.79,117.97,685168,14865,117.068271
2022-02-28,115.76,117.27,114.6,117.25,1154918,17800,116.627642
2022-03-01,117.2,117.69,114.81,116.09,1100169,15932,116.193899
2022-03-02,117.24,120.45,116.42,119.56,1047006,17013,119.460188
2022-03-03,120.35,121.33,119.01,120.65,697481,12655,120.290064
2022-03-04,119.36,121.34,118.89,121.28,991000,15976,120.271324
2022-03-07,121.85,122.83,117.98,118.91,1359275,22895,120.455665
2022-03-08,118.37,119.375,115.75,117.46,982006,19027,117.793284
2022-03-09,118.62,120.67,118.4,120.0,944709,17490,120.015269
2022-03-10,119.12,124.94,118.51,124.42,1281556,25697,123.140347
2022-03-11,123.65,126.13,123.22,123.27,860482,20289,124.588426
2022-03-14,124.82,126.71,122.96,126.01,1603551,27043,125.428101
2022-03-15,126.17,127.92,125.605,127.68,1725984,24283,127.022015
2022-03-16,128.09,129.54,123.69,126.13,1792168,26160,126.086566
2022-03-17,125.68,129.65,125.1954,129.64,1044502,18827,128.564192
2022-03-18,129.55,129.72,127.235,129.44,2007418,22958,128.976766
2022-03-21,130.94,131.54,129.57,131.4,1428575,23008,130.712347
2022-03-22,130.4,132.79,130.2,130.53,1203040,20573,131.103977
2022-03-23,131.21,131.54,129.2,131.26,1115242,16046,130.766159
2022-03-24,132.0,134.13,131.37,133.85,1278075,15828,133.105852
2022-03-25,133.68,136.63,133.68,136.55,905332,16942,135.655334
2022-03-28,135.87,136.55,134.08,135.95,1074794,16759,135.403988
2022-03-29,134.0,135.345,128.14,130.7,2136775,31889,130.309728
2022-03-30,131.01,136.4078,130.7,132.77,1387702,22215,133.625121
2022-03-31,130.93,133.48,130.68,131.57,1788583,22296,131.951825
2022-04-01,133.09,133.62,130.12,131.13,1028655,17787,131.359865
2022-04-04,131.52,132.66,129.58,132.21,926367,18103,131.561713
2022-04-05,132.99,135.5,132.52,133.7,1573262,23025,134.137263
2022-04-06,134.18,135.079,132.7485,134.0,973923,19770,133.885598
2022-04-07,134.62,136.43,133.73,135.83,744778,15417,135.393127
2022-04-08,136.76,138.75,135.6125,138.4,959078,16963,137.810537
2022-04-11,138.46,139.09,135.95,136.58,826841,17332,137.088414
2022-04-12,137.02,139.0454,136.64,137.16,758804,16996,137.482782
2022-04-13,137.98,138.9239,137.39,138.59,530433,12709,138.519758
2022-04-14,137.61,138.48,136.7,136.79,817798,14991,137.47477
2022-04-18,137.33,140.355,136.94,137.38,959503,17757,138.521966
2022-04-19,137.65,139.98,137.255,139.33,658864,10741,139.293834
2022-04-20,139.47,140.99,137.75,139.49,1031081,18153,139.552396
2022-04-21,140.43,140.78,136.93,137.01,779506,15248,138.053402
2022-04-22,136.35,136.94,132.01,132.63,1044869,21565,133.551576
2022-04-25,131.03,132.09,128.05,131.65,1136375,19958,130.314358
2022-04-26,132.02,133.055,130.64,130.67,896981,17345,131.688341
2022-04-27,131.59,133.6,129.64,132.42,730805,15998,132.368136
2022-04-28,133.75,135.06,131.42,134.7,919012,18293,133.603671
2022-04-29,135.0,136.9584,132.25,132.54,1009082,19176,133.790997
2022-05-02,133.17,133.6,129.13,131.78,1386725,28560,131.470231
2022-05-03,129.15,130.19,121.26,123.5,2052632,39703,123.994995
2022-05-04,124.2,124.6799,119.9,122.53,1910432,32909,121.80659
2022-05-05,122.08,123.545,118.1,118.54,2240656,36460,119.833321
