Date,Open,High,Low,Close,Volume,OpenInterest
2020-12-04,237.7,239.75,236.95,239.55,2115250,0.0
2020-12-07,238.54,239.85,235.45,238.49,1358122,0.0
2020-12-08,237.01,239.19,236.58,238.85,1066235,0.0
2020-12-09,240,245.36,239.53,242.62,3228510,0.0
2020-12-10,240,245.1799,239.5138,244.4,1971872,0.0
2020-12-11,240.81,241.2,237.1,240,1785672,0.0
2020-12-14,243.28,243.5,237.39,237.51,1558016,0.0
2020-12-15,239.5,243.61,237.19,242.43,1987288,0.0
2020-12-16,243.56,243.9,241.12,243.77,1592443,0.0
2020-12-17,245,245.93,243,244.55,1892283,0.0
2020-12-18,245.39,245.39,240.56,242.17,3112249,0.0
2020-12-21,250.29,260.85,248.76,256.83,6847745,0.0
2020-12-22,256.86,257.7,249.8,250.09,2991963,0.0
2020-12-23,251.5,260.575,251.3,256.54,3087187,0.0
2020-12-24,257.04,257.62,253.75,256.18,884089,0.0
2020-12-28,257.81,262.655,257,259.67,2442009,0.0
2020-12-29,260.26,260.8606,256.5,258.01,1302866,0.0
2020-12-30,258.81,260.65,257.83,259.61,1374200,0.0
2020-12-31,258.8,263.93,258.0001,263.39,1772564,0.0
2021-01-04,267,267.58,260.16,265.06,3166533,0.0
2021-01-05,263.88,273.5,262.57,270.84,3745291,0.0
2021-01-06,276.29,288.38,273.1,285.32,5748505,0.0
2021-01-07,287.77,295.8894,286.68,291.65,3556449,0.0
2021-01-08,292,292.28,285.06,290.08,2523347,0.0
2021-01-11,286.8,295,284.2,293.82,2341279,0.0
2021-01-12,297.14,303.98,296.02,302,8065071,0.0
2021-01-13,300.08,303.72,299.1,302.94,4494957,0.0
2021-01-14,304.05,309.41,303.54,307.83,2893698,0.0
2021-01-15,301.19,304.86,296.88,301.16,3560909,0.0
2021-01-19,305,306.6,293.8031,294.39,5916398,0.0
2021-01-20,295.82,297.45,287.48,290.46,4366636,0.0
2021-01-21,290.45,292.74,288.53,289.55,2283312,0.0
2021-01-22,286.69,290.59,285.5,289.28,2251852,0.0
2021-01-25,285.53,286.35,277.5,283.13,4228775,0.0
2021-01-26,283.93,285.77,280.08,281.76,2607154,0.0
2021-01-27,276,277.37,271.3201,273.58,3408943,0.0
2021-01-28,274.61,279.83,271.33,275.07,3167895,0.0
2021-01-29,274.27,277.4,270.8,271.18,2125393,0.0
2021-02-01,272.66,276.8,272,274.62,2059337,0.0
2021-02-02,278.32,288.25,278,286.9,4783573,0.0
2021-02-03,286.61,289.81,285.1801,288.54,2422002,0.0
2021-02-04,290,295.83,289.525,294.12,2791068,0.0
2021-02-05,295,297.24,292.1901,293.5,2774760,0.0
2021-02-08,295,300.89,294.5,300.15,2687050,0.0
2021-02-09,299.6,302.45,297.7,300.6,1847949,0.0
2021-02-10,300,305.18,297.75,304.27,2830494,0.0
2021-02-11,303.98,305.01,299.1718,302.32,1725484,0.0
2021-02-12,301.99,306.7,301.77,306.31,1801005,0.0
2021-02-16,310,312.92,309.2233,311.92,2372587,0.0
2021-02-17,310.03,314.98,308.7613,312.76,2143993,0.0
2021-02-18,309.22,314.5,307.5841,310.18,1748334,0.0
2021-02-19,310.23,316.78,310.23,315.51,2402935,0.0
2021-02-22,313,320.56,312.21,316.88,2670053,0.0
2021-02-23,317.98,320,310.58,319.21,2733577,0.0
2021-02-24,320.17,330.97,320.095,330.43,3476759,0.0
2021-02-25,333.325,335.8131,326.29,327.65,3972365,0.0
2021-02-26,325.77,328.68,319.04,319.48,2811987,0.0
2021-03-01,325,331.04,323.31,329.81,2687104,0.0
2021-03-02,330,336.19,329.51,330.75,2165738,0.0
2021-03-03,333.68,340.1,333.25,334.19,3101510,0.0
2021-03-04,333.13,339.76,323.92,329.59,3151146,0.0
2021-03-05,335.58,335.58,316.465,327.46,3352763,0.0
2021-03-08,331.36,337.59,329.1,334.19,2657540,0.0
2021-03-09,328.62,336.39,325.57,330.44,2655860,0.0
2021-03-10,332.07,342.4,331.53,342.16,2811258,0.0
2021-03-11,338.66,345,336.46,342.12,2467068,0.0
2021-03-12,345.22,350,343.64,348.66,1963900,0.0
2021-03-15,349.44,352.42,342.0001,346.06,2083359,0.0
2021-03-16,345.28,346.9,337.75,341.96,2113682,0.0
2021-03-17,344.62,347.03,340.4001,344.95,2275451,0.0
2021-03-18,350.75,356.85,346.99,348.12,3186016,0.0
2021-03-19,346.42,347.24,340.63,344.1,3335817,0.0
2021-03-22,341.06,342.88,336,339.3,1714541,0.0
2021-03-23,337.33,341.8885,331.33,331.65,2138263,0.0
2021-03-24,333.42,336.94,328.44,328.61,2771010,0.0
2021-03-25,327.35,331.39,321.92,330.68,2464971,0.0
2021-03-26,334.88,335.45,322.69,327.38,2520856,0.0
2021-03-29,320.35,327.76,317.72,325.86,3312623,0.0
2021-03-30,329.41,335.75,328.85,331.54,2172449,0.0
2021-03-31,330.23,332.65,325.44,327.19,2054315,0.0
2021-04-01,324.3,329.66,324.16,327.72,2024170,0.0
2021-04-05,332.85,332.85,323.05,323.54,2542608,0.0
2021-04-06,324.49,328.54,324,327.06,1589928,0.0
2021-04-07,327.88,329.2,323.35,326.55,1782586,0.0
2021-04-08,325.24,331.49,322.9652,330.98,1922507,0.0
2021-04-09,334,334.9,328.79,330.81,2009864,0.0
2021-04-12,332.67,334.48,329.94,331.9,2009015,0.0
2021-04-13,330.26,330.05,324.18,327.68,3138974,0.0
2021-04-14,329.29,344.4694,326.15,335.31,9003541,0.0
2021-04-15,339.1,341.35,334.54,338.62,3837778,0.0
2021-04-16,340.29,343.74,338.62,342.45,3485428,0.0
2021-04-19,340,344.43,336.6,343.31,2697587,0.0
2021-04-20,340.69,340.47,329.35,331.88,3187033,0.0
2021-04-21,330.11,335.47,327.56,335.33,2396596,0.0
2021-04-22,336,336.97,330.29,330.85,1930386,0.0
2021-04-23,330.85,340.67,330.72,339.33,1874991,0.0
2021-04-26,341.99,345.9,340.89,343.65,1886380,0.0
2021-04-27,344,347.55,343.66,346.51,1848834,0.0
2021-04-28,348,350.12,346.09,348.37,1846857,0.0
2021-04-29,350.25,353.83,347.48,353.08,2167148,0.0
2021-04-30,351.12,352.8197,347.2,348.45,1735910,0.0
2021-05-03,351.59,354.0599,349.26,350.03,1625822,0.0
2021-05-04,349,351.78,342.57,349.99,2141924,0.0
2021-05-05,352.11,359.14,348.55,357.62,2273975,0.0
2021-05-06,359.91,366.3,356.5001,365.97,2678098,0.0
2021-05-07,362.3,371.65,360.93,370.82,2546367,0.0
2021-05-10,373.27,376.98,368.5,368.67,2821669,0.0
2021-05-11,363,368.63,358.62,360.08,3492367,0.0
2021-05-12,363.07,368.13,353.2712,354.41,2716063,0.0
2021-05-13,353.25,360.885,353.25,358.84,2210435,0.0
2021-05-14,362,369.51,361.7,368.76,2355340,0.0
2021-05-17,368.33,370.7,364.5,369.34,1463850,0.0
2021-05-18,371.38,373.08,364,364.42,1587128,0.0
2021-05-19,358.75,360,353.9319,358.38,2619485,0.0
2021-05-20,358.79,361.95,353.35,359.88,1705899,0.0
2021-05-21,361.49,367.14,360.51,366.27,2336612,0.0
2021-05-24,367.32,369.72,365.51,368.3,1621753,0.0
2021-05-25,369.912,373.7696,364.09,364.55,2085403,0.0
2021-05-26,365.65,368.79,361.91,367.55,1638175,0.0
2021-05-27,371.33,373.5487,367.3,371.385,2083760,0.0
2021-05-28,372,373.07,368.26,372.06,1724245,0.0
2021-06-01,377.7,383.36,376.31,382.35,3241763,0.0
2021-06-02,383.56,384.665,379.37,383.46,2225715,0.0
2021-06-03,382.67,391.25,380.1349,388.71,2740101,0.0
2021-06-04,389.68,392.05,386.32,391.45,2198261,0.0
2021-06-07,392.89,393.2603,387.55,388.09,1815955,0.0
2021-06-08,385.79,386.4799,382.22,384.8,1946972,0.0
2021-06-09,383.44,384.27,378.88,382.78,1817307,0.0
2021-06-10,389.08,389.64,372.345,373.75,3301165,0.0
2021-06-11,375.47,378.75,375.11,378.1,1693470,0.0
2021-06-14,377.43,378.75,370.7,373.07,2023651,0.0
2021-06-15,373.5,374.84,367.16,371.6,2028770,0.0
2021-06-16,370.99,374.0788,365.25,371.07,2673244,0.0
2021-06-17,373.52,373.52,356.55,361.5,3677802,0.0
2021-06-18,356.72,358.38,348.125,348.79,4364156,0.0
2021-06-21,352.59,357.97,351.04,357.68,2295332,0.0
2021-06-22,358.33,359.88,352.64,357.53,1514480,0.0
2021-06-23,358.79,362.48,357.66,361.16,1491540,0.0
2021-06-24,363,370.88,362.78,368.73,2276831,0.0
2021-06-25,370.6,371.1499,364.54,368.67,2176947,0.0
2021-06-28,368.03,368.87,363.86,368.595,1491640,0.0
2021-06-29,374.75,378.09,370.7495,372.62,2151889,0.0
2021-06-30,370.9,380.11,370.9,379.445,1823472,0.0
2021-07-01,380.55,381.64,374.145,374.96,2290040,0.0
2021-07-02,376.31,376.6,372.42,374.16,1385037,0.0
2021-07-06,373.23,373.6313,365.405,369.86,1858520,0.0
2021-07-07,366.69,370.09,362.18,367.69,1729405,0.0
2021-07-08,360,362.89,355.5915,359.06,2506225,0.0
2021-07-09,366,372.15,364.95,371.77,2358442,0.0
2021-07-12,370.31,384,367.33,380.71,3649753,0.0
2021-07-13,382.5,385.33,372.01,375.95,5749852,0.0
2021-07-14,377.91,381.77,371.39,374.43,2863329,0.0
2021-07-15,371.7,378.75,370.57,373.35,1993927,0.0
2021-07-16,375,374.93,363.83,364.83,2215878,0.0
2021-07-19,354.69,355.19,349,354.8,3764163,0.0
2021-07-20,352.41,367.31,351.54,364.94,2591370,0.0
2021-07-21,368.04,374.9,367.92,373.6,2098318,0.0
2021-07-22,372.82,373.6938,368.45,372.71,1606914,0.0
2021-07-23,374.59,378,371.38,374.04,1501570,0.0
2021-07-26,373.51,376.6773,373.11,375.88,1329825,0.0
2021-07-27,372.5,375.14,369.22,374.68,1528816,0.0
2021-07-28,375.65,377.44,372.34,374.13,1321374,0.0
2021-07-29,377.03,379.51,374.81,377.55,1118694,0.0
2021-07-30,376.74,379.95,373.09,374.97,1170286,0.0
2021-08-02,376.17,386.93,375.75,378.32,2201414,0.0
2021-08-03,380.25,381.31,371.77,380.5,1350046,0.0
2021-08-04,378.48,382.6533,375.76,377.87,1210067,0.0
2021-08-05,379.78,384.31,379.95,384.28,1382812,0.0
2021-08-06,388,398.8599,388.64,397.83,3411539,0.0
2021-08-09,396.59,404.6,393.58,399.9,3143480,0.0
2021-08-10,400.12,410.63,399.5,407.99,2942685,0.0
2021-08-11,408.77,414.68,407.06,413.96,2650337,0.0
2021-08-12,414.61,418.62,410.56,414.99,2082068,0.0
2021-08-13,416,416.89,408.18,410.69,1726077,0.0
2021-08-16,408.64,408.99,402.15,408.38,1299252,0.0
2021-08-17,403.84,408.35,400.2,404.86,1446876,0.0
2021-08-18,402.6,406.11,398.59,398.95,1571637,0.0
2021-08-19,394.6,397.7337,390.91,393.71,1980159,0.0
2021-08-20,391.49,396.45,391,396.15,1417158,0.0
2021-08-23,401.89,404.1,399,401.44,1470748,0.0
2021-08-24,403.59,409.66,402.7,408.65,1709742,0.0
2021-08-25,409.9,416.68,408.94,413.08,1630243,0.0
2021-08-26,415.45,420.7297,411.1617,412.39,1895943,0.0
2021-08-27,412.78,419.85,412.5,419.7,1851150,0.0
2021-08-30,420.1,420.7599,412.715,413.62,1865652,0.0
2021-08-31,412.11,414.86,408.76,413.41,1426313,0.0
2021-09-01,413.16,416.11,410.31,413.61,1457675,0.0
2021-09-02,414.75,417.5786,412.64,414.45,1354608,0.0
2021-09-03,414.5,415.1199,410.6,411.33,1184814,0.0
2021-09-07,411,414.73,409.64,410.34,1386363,0.0
2021-09-08,409.22,410.98,404.7,405,1324899,0.0
2021-09-09,405.12,408.8799,403.51,404.69,2164001,0.0
2021-09-10,407.88,409.79,403.16,403.57,1762611,0.0
2021-09-13,407.41,409.37,403.8,409.32,1511661,0.0
2021-09-14,412.3,417.01,402.78,404,2908165,0.0
2021-09-15,398,403.61,396.21,402,2802928,0.0
2021-09-16,404.52,405.98,394.89,396.64,2276069,0.0
2021-09-17,397.01,399.16,388.83,391.41,2702551,0.0
2021-09-20,377.82,380.86,372.5,378.12,3085672,0.0
2021-09-21,380.85,381.5,374.08,375.82,2064746,0.0
2021-09-22,380.8,389.29,379.71,385.28,2634707,0.0
2021-09-23,390.39,393.74,388.18,391.86,2257192,0.0
2021-09-24,390.47,392.49,388.6,390.93,1603331,0.0
2021-09-27,396.58,401,394.78,399.7,2596715,0.0
2021-09-28,400.6,404.21,388.39,389.575,2292027,0.0
2021-09-29,390.68,392.39,384.3,384.96,1727181,0.0
2021-09-30,388,388.02,376.62,377.81,2319747,0.0
2021-10-01,379.44,382.72,375.845,380,2071258,0.0
2021-10-04,380.21,386.87,372.82,373.98,2541908,0.0
2021-10-05,377,388.22,375.5,385.85,2138397,0.0
2021-10-06,382.38,389.55,378.66,388.1,1860435,0.0
2021-10-07,393.71,397.85,389.76,390.79,1955131,0.0
2021-10-08,390.83,394.31,388.18,392.89,1273715,0.0
2021-10-11,392.9,396.95,385.02,385.21,1616537,0.0
2021-10-12,385.09,388.59,381.02,386.46,1785746,0.0
2021-10-13,388,388.3809,378.625,386.31,1729452,0.0
2021-10-14,392,393.66,382.2,390.99,2925933,0.0
2021-10-15,402.32,407.272,396.34,406.37,5613098,0.0
2021-10-18,408.01,415.94,407.6,413.6,3426668,0.0
2021-10-19,415.18,415.85,409.69,412.14,2244716,0.0
2021-10-20,411,414.33,406.195,408.08,2170766,0.0
2021-10-21,406.8,412.66,404.615,407.47,1868499,0.0
2021-10-22,409.21,415.36,409.1,414.32,2039462,0.0
2021-10-25,416.21,419.49,413.27,414.88,1520879,0.0
2021-10-26,416.95,419.81,413.76,417.73,1504468,0.0
2021-10-27,416.55,418.06,410.55,411.06,1691190,0.0
2021-10-28,412,414.92,409.06,414.63,1153238,0.0
2021-10-29,414.02,415.96,411.18,413.54,1478422,0.0
2021-11-01,417.07,418.73,413.248,416.67,1366354,0.0
2021-11-02,416.6,426.1582,412.79,423.83,2700174,0.0
2021-11-03,423.115,424,412.56,417.81,3140170,0.0
2021-11-04,414.65,415.99,403.028,407.98,3314021,0.0
2021-11-05,411.4,414.45,406.1,407.18,1636767,0.0
2021-11-08,409.89,413.65,407.96,408.48,1393974,0.0
2021-11-09,406.11,407.584,400.06,405.35,1874628,0.0
2021-11-10,402.33,405.55,397.245,399.11,1730664,0.0
2021-11-11,400.14,403.76,398.51,402.2,1086700,0.0
2021-11-12,403,405.1,399.2,404.74,1197759,0.0
2021-11-15,406,407.34,403.9149,404.68,1045027,0.0
2021-11-16,404,405.84,399,402.99,1103006,0.0
2021-11-17,401.85,402.65,391.47,391.54,2580876,0.0
2021-11-18,392.3,393.9202,385.68,391.33,1588202,0.0
2021-11-19,382.38,390.24,381.04,387.24,2358168,0.0
2021-11-22,393.16,402.49,390.18,395.99,2590526,0.0
2021-11-23,400.25,406.9559,397.51,406.32,2135090,0.0
2021-11-24,405,407.48,398.3,399.3,1784401,0.0
2021-11-26,385.63,391.71,382.715,388.98,2348063,0.0
2021-11-29,394,396.37,382.45,386.26,2433994,0.0
2021-11-30,383.53,386.83,377.26,380.99,2957646,0.0
2021-12-01,383.06,390.16,376.21,376.54,2172365,0.0
2021-12-02,378,389.09,376.03,387.62,2608536,0.0
2021-12-03,389.88,389.88,379.03,382.39,2179440,0.0
2021-12-06,388.97,393.5999,383.49,389.4,1746146,0.0
2021-12-07,393.58,401.75,393.06,400.18,1969111,0.0
2021-12-08,401.33,401.71,395.14,397.04,1191242,0.0
2021-12-09,396.12,400.1899,393,396.59,1483725,0.0
2021-12-10,398,398.86,388.66,390.88,1639507,0.0
2021-12-13,389.52,391.19,382.66,384.87,1304902,0.0
2021-12-14,384.24,392.5,383.26,389.02,2020540,0.0
2021-12-15,389.5,391.4,380.598,389.79,2473591,0.0
2021-12-16,395.13,399.84,391.8001,396.97,2829676,0.0
2021-12-17,389.21,393.67,380.63,381.81,4485528,0.0
2021-12-20,375.52,375.625,366.65,371.62,3164523,0.0
2021-12-21,376.43,382.085,374.76,380.3,2466628,0.0
2021-12-22,380.42,384.005,379.265,382.33,1154210,0.0
2021-12-23,384.73,387.61,383.57,384.95,1454672,0.0
2021-12-27,386.99,389.11,385.0001,388.04,1248416,0.0
2021-12-28,388.19,391.3328,386.235,387.78,1098717,0.0
2021-12-29,388.46,389.46,384.42,386.44,1122695,0.0
2021-12-30,388.44,389.7799,385.195,385.64,1027499,0.0
2021-12-31,385,387,380.835,382.58,1343381,0.0
2022-01-03,389,399.3,387.34,395.3,2920293,0.0
2022-01-04,402.23,410.28,401.18,407.42,3449627,0.0
2022-01-05,408.62,412.6599,397.89,398.7,2827165,0.0
2022-01-06,401,401.2,386.4332,396.95,2611018,0.0
2022-01-07,397.67,400.55,394.53,397.51,1897335,0.0
2022-01-10,402.36,404.37,394.215,399.17,2553769,0.0
2022-01-11,400.32,403.34,396.31,403.1,1365887,0.0
2022-01-12,403.24,404.12,388.56,390.4,3738186,0.0
2022-01-13,393.52,396.865,389.75,390.94,2149807,0.0
2022-01-14,382.13,384.39,375,380.95,4122519,0.0
2022-01-18,359.84,361.57,347.23,354.2,12100945,0.0
2022-01-19,358.25,359.7096,346.39,347.41,6572497,0.0
2022-01-20,348.78,357.1799,346.1372,348,4032615,0.0
2022-01-21,346.59,348.99,340.72,343.64,4375622,0.0
2022-01-24,337.32,344.07,326.23,343.39,5769340,0.0
2022-01-25,337.86,342.93,331.04,341.55,3482551,0.0
2022-01-26,346.6,350.48,338.4127,342.87,3337255,0.0
2022-01-27,345.67,348.77,337.72,340.79,2275516,0.0
2022-01-28,337.73,347.15,333.45,347.01,3182148,0.0
2022-01-31,345,355.21,343.44,354.59,2634966,0.0
2022-02-01,356.13,364.54,354.05,364.07,2861250,0.0
2022-02-02,363.5,368.53,357.83,363.06,2374293,0.0
2022-02-03,362.72,365.76,358.16,358.79,2092781,0.0
2022-02-04,362.17,370.95,361.02,367.59,3310010,0.0
2022-02-07,365.66,371.47,363.35,368.25,2273218,0.0
2022-02-08,371.08,372.65,366.25,370.03,2308690,0.0
2022-02-09,373,376.28,370.9,374.63,1714729,0.0
2022-02-10,371.61,377.4,368.83,370.57,1783464,0.0
2022-02-11,368.16,374.9,360.77,363.12,2265888,0.0
