Date,Open,High,Low,Close,volume,trade_count,vwap
2020-12-31,405.72,408.85,402.31,408.34,223516,6647,406.900122
2021-01-04,410.44,411.49,391.17,393.72,432715,12751,395.420573
2021-01-05,392.93,398.75,392.93,394.86,381783,12288,395.925184
2021-01-06,395.9,401.21,394.45,397.17,377897,11981,397.5484
2021-01-07,398.25,400.89,391.4,400.01,319950,9409,396.607429
2021-01-08,403.47,404.16,388.325,396.68,418428,13881,395.28685
2021-01-11,393.74,395.815,391.08,391.71,336639,8909,393.018559
2021-01-12,393.62,402.58,390.84,401.66,350615,11014,399.695356
2021-01-13,401.47,402.16,387.41,388.49,400384,11117,392.303652
2021-01-14,389.57,392.08,382.01,383.4,323143,9458,385.570958
2021-01-15,382.0,390.26,378.37,388.66,852540,11211,387.69438
2021-01-19,391.53,395.43,388.66,394.49,340250,9826,392.835288
2021-01-20,396.06,396.06,388.33,392.96,307883,9188,392.383992
2021-01-21,392.0,395.93,389.72,391.15,316551,6565,391.806816
2021-01-22,389.71,395.84,386.57,393.49,248440,7719,393.37881
2021-01-25,393.45,394.78,386.69,387.94,306466,9162,388.852041
2021-01-26,388.02,389.715,376.505,376.69,346307,8363,379.5416
2021-01-27,373.82,374.57,360.97,370.46,636444,13084,369.066882
2021-01-28,371.19,376.7,368.8101,371.91,862490,15646,369.388841
2021-01-29,369.8,374.0,360.94,364.39,460794,10786,365.373687
2021-02-01,367.19,372.64,366.28,370.32,395511,10459,369.526563
2021-02-02,374.8,378.34,369.98,373.11,419483,11106,373.757084
2021-02-03,368.75,371.95,356.23,366.11,661702,13794,363.89209
2021-02-04,368.42,378.36,366.0,372.0,491456,12102,373.326918
2021-02-05,371.51,373.0836,364.72,367.9,431679,10706,367.577389
2021-02-08,369.44,381.92,369.44,378.81,395319,10118,377.840202
2021-02-09,378.0,379.22,372.85,374.69,325259,7459,376.036428
2021-02-10,375.78,377.81,373.0,376.25,357118,9276,375.820316
2021-02-11,379.16,381.15,372.04,374.15,207634,6172,375.201353
2021-02-12,372.44,375.87,370.43,372.08,206272,6108,372.234431
2021-02-16,373.62,374.81,369.64,369.65,222126,7492,371.866232
2021-02-17,367.81,373.54,367.0,372.18,209592,7219,370.780843
2021-02-18,369.66,377.33,369.66,375.79,200572,6327,374.715283
2021-02-19,377.32,383.56,377.005,379.4,228647,6641,380.477451
2021-02-22,378.9,381.07,375.44,377.34,191929,6718,378.187054
2021-02-23,379.36,380.43,369.26,379.58,284337,8435,376.097771
2021-02-24,379.87,387.36,378.5,385.57,314749,8384,384.501096
2021-02-25,385.03,389.19,379.16,379.96,239420,8633,382.925478
2021-02-26,381.35,382.42,372.71,372.71,368922,9357,374.678895
2021-03-01,376.12,390.93,376.12,387.82,256862,8195,387.585365
2021-03-02,386.26,387.55,382.65,385.66,205248,7910,385.547113
2021-03-03,386.78,393.43,386.19,387.77,280733,10613,390.214211
2021-03-04,390.15,390.205,375.495,378.95,390978,11428,382.044037
2021-03-05,381.63,399.98,377.71,399.11,489185,16288,392.453932
2021-03-08,399.86,406.2,397.1,398.48,357058,12745,400.749148
2021-03-09,401.25,402.275,387.86,388.45,404422,11242,393.888183
2021-03-10,390.77,398.97,386.6,395.91,299349,9125,395.56522
2021-03-11,395.91,395.91,386.11,386.67,338876,12129,388.787031
2021-03-12,386.87,395.48,386.3665,395.01,298182,8535,392.852803
2021-03-15,395.1,400.155,393.04,399.74,231610,9204,397.705306
2021-03-16,399.19,399.69,387.6,389.46,285047,9075,391.255925
2021-03-17,391.2,400.86,388.71,400.05,320018,8264,397.64732
2021-03-18,400.37,408.74,399.6,404.61,316097,11838,405.596742
2021-03-19,405.53,405.53,393.68,400.54,681948,9417,400.815413
2021-03-22,401.57,401.67,394.435,399.71,312516,6375,399.113407
2021-03-23,397.59,402.74,392.11,394.31,215238,7508,395.730652
2021-03-24,396.39,400.73,394.72,395.39,236446,9712,396.95811
2021-03-25,395.68,399.65,390.08,397.59,222727,8824,396.660149
2021-03-26,398.87,400.09,394.98,399.37,378065,11951,398.023436
2021-03-29,399.16,404.04,397.06,400.17,229659,7331,400.803095
2021-03-30,399.25,402.19,397.67,398.67,189657,7518,399.541431
2021-03-31,398.24,402.95,395.04,400.93,426731,12723,400.372961
2021-04-01,402.21,407.31,396.22,406.35,258780,9218,403.325549
2021-04-05,407.69,408.0602,403.14,407.65,258033,8065,406.548786
2021-04-06,406.2,415.28,406.2,408.43,260932,8053,410.652376
2021-04-07,410.64,410.64,397.75,398.74,269726,7948,401.220523
2021-04-08,398.02,402.27,396.41,397.91,317285,11833,398.838596
2021-04-09,399.97,401.62,396.1463,401.62,304541,7047,399.644241
2021-04-12,401.62,406.98,401.62,405.97,145010,7138,404.804068
2021-04-13,403.47,404.41,397.31,400.15,226905,6357,401.146705
2021-04-14,399.07,406.145,398.87,400.46,134673,6698,402.87458
2021-04-15,401.05,404.56,399.44,404.45,123071,6462,403.113249
2021-04-16,406.95,408.26,401.51,406.88,175197,6785,405.269016
2021-04-19,406.0,409.05,404.56,408.98,145314,6521,407.395101
2021-04-20,410.82,414.06,409.27,413.7,301323,9905,412.056013
2021-04-21,415.0,427.77,415.0,424.04,388073,12620,423.704796
2021-04-22,425.98,426.485,418.66,419.12,331422,8910,421.046401
2021-04-23,420.0,425.51,418.51,423.56,169537,5680,423.221535
2021-04-26,423.95,426.85,419.41,419.79,186365,6415,421.318221
2021-04-27,420.0,423.87,416.4,423.32,191427,6329,421.788163
2021-04-28,424.72,427.49,421.54,422.22,267516,8105,424.111001
2021-04-29,425.52,430.65,423.9,429.9,266901,8098,428.440454
2021-04-30,440.0,452.82,432.02,433.54,647102,15843,439.983017
2021-05-03,438.56,446.0,437.67,443.88,247318,8371,443.168508
2021-05-04,446.67,456.88,443.7,456.34,310674,10423,453.877931
2021-05-05,456.35,460.97,452.755,460.56,291036,7767,458.70088
2021-05-06,462.61,463.44,454.37,459.0,269907,9568,457.716211
2021-05-07,455.0,467.58,453.72,465.64,225794,8102,463.365696
2021-05-10,468.43,479.87,468.43,474.22,290397,8518,475.821149
2021-05-11,472.19,472.85,460.0,462.7,272391,9427,464.88332
2021-05-12,464.28,464.28,453.6,454.2,244328,8173,457.058878
2021-05-13,454.2,467.055,454.2,465.1,210355,7706,463.303624
2021-05-14,467.04,467.55,463.12,467.06,204302,6639,465.897753
2021-05-17,467.0,469.49,462.12,467.07,238910,6799,465.359323
2021-05-18,466.14,467.065,454.42,454.77,228997,8972,458.384025
2021-05-19,452.59,456.81,447.1,456.21,256872,7093,453.615138
2021-05-20,455.25,458.79,453.88,454.74,186110,7056,455.495453
2021-05-21,456.62,460.77,455.53,456.43,408895,6681,456.900144
2021-05-24,458.82,461.87,455.34,460.01,152420,5074,459.563945
2021-05-25,460.26,461.69,458.73,460.82,180978,6959,460.348563
2021-05-26,460.12,463.425,456.96,460.64,160043,6090,460.290518
2021-05-27,465.0,465.7,458.85,459.12,393802,8867,460.052674
2021-05-28,462.0,464.34,461.64,462.16,144019,5684,462.611197
2021-06-01,467.33,469.44,461.39,462.66,166944,6206,463.607002
2021-06-02,462.57,466.47,460.27,461.64,185704,6352,462.754805
2021-06-03,460.0,464.695,457.315,463.46,156935,5475,462.652614
2021-06-04,465.9,466.78,461.09,464.65,153471,6443,463.765291
2021-06-07,465.0,465.0,459.05,459.81,254577,6117,460.533528
2021-06-08,459.79,463.57,456.0906,462.48,123533,6115,461.285172
2021-06-09,463.74,463.74,458.54,458.55,140070,4298,459.520562
2021-06-10,461.22,462.72,458.45,459.55,133109,5254,459.990575
2021-06-11,461.32,462.74,458.05,459.2,140588,5995,459.474157
2021-06-14,455.44,459.06,451.11,454.8,191345,7051,454.602255
2021-06-15,454.63,458.88,451.08,458.72,156196,7156,457.359131
2021-06-16,459.54,459.54,448.69,448.94,191038,7160,451.43862
2021-06-17,449.72,449.86,437.0,440.97,249565,8730,441.082908
2021-06-18,434.21,439.18,433.0,436.53,366867,8772,436.748129
2021-06-21,439.31,447.11,439.31,445.09,200401,8556,444.397875
2021-06-22,445.0,445.72,440.58,442.57,197315,6893,443.277115
2021-06-23,441.91,447.85,438.37,444.43,261572,7491,444.697299
2021-06-24,446.1,446.46,440.59,441.61,226114,7172,442.707748
2021-06-25,443.63,446.2525,442.38,442.94,313544,6629,443.483975
2021-06-28,442.7,444.86,440.0,443.76,141619,6901,443.221908
2021-06-29,444.1,448.77,443.53,448.31,161331,6043,447.555972
2021-06-30,449.01,450.38,436.76,438.0,502512,10199,439.707009
2021-07-01,442.62,445.79,439.79,444.84,278288,9819,443.869106
2021-07-02,444.66,449.17,443.13,446.71,187967,5521,446.897843
2021-07-06,449.73,451.71,438.79,447.37,306313,7740,445.952912
2021-07-07,445.48,459.44,445.48,459.0,214283,7634,456.029251
2021-07-08,454.2,456.14,447.75,449.7,189330,7033,450.358233
2021-07-09,455.77,457.87,453.48,456.83,154721,5114,456.287181
2021-07-12,453.62,458.38,452.865,457.7,144145,5856,456.548772
2021-07-13,457.38,459.24,453.39,455.18,201783,6861,455.444883
2021-07-14,457.56,459.21,453.59,457.19,199745,7452,456.634048
2021-07-15,456.36,461.0,454.805,457.71,211840,7310,458.111671
2021-07-16,459.23,459.75,452.3,453.19,173713,5904,454.909917
2021-07-19,448.47,451.09,445.92,449.52,211259,8498,448.833437
2021-07-20,451.88,460.24,451.88,459.53,179884,7112,458.751372
2021-07-21,461.17,464.19,456.04,457.73,189241,7394,457.849966
2021-07-22,457.86,459.92,453.335,454.43,118459,4893,455.144028
2021-07-23,458.15,459.33,453.86,458.66,147375,5409,457.721589
2021-07-26,456.94,458.14,453.13,456.72,225108,6255,456.492359
2021-07-27,456.09,458.78,451.96,456.18,170200,6983,455.595207
2021-07-28,456.02,457.75,448.435,454.08,192370,7635,453.589958
2021-07-29,456.84,461.75,454.7701,461.23,287128,10147,460.045827
2021-07-30,445.2,453.21,431.69,444.58,506572,12216,446.626213
2021-08-02,439.87,444.15,438.84,440.16,290704,11507,441.197823
2021-08-03,444.29,447.9,439.39,445.95,308291,9721,445.329947
2021-08-04,443.88,444.99,437.41,439.35,257753,8644,440.399243
2021-08-05,442.48,444.34,438.04,439.26,306062,9255,440.010562
2021-08-06,440.21,441.69,435.07,438.69,195997,7185,438.096468
2021-08-09,436.97,438.25,435.345,437.73,165691,6331,437.155238
2021-08-10,439.2,445.375,437.35,442.74,182446,7316,442.775826
2021-08-11,443.29,446.8,441.72,445.39,209080,9107,444.413024
2021-08-12,446.8,446.8,437.91,438.07,213044,7051,439.739999
2021-08-13,438.19,441.23,437.36,438.69,166502,6962,439.025496
2021-08-16,436.24,442.845,434.29,440.08,181276,6461,439.74177
2021-08-17,437.54,438.245,432.88,435.94,216090,6990,435.796908
2021-08-18,433.37,437.22,427.88,428.36,238337,10004,430.57901
2021-08-19,424.46,432.37,423.36,429.66,191860,7032,429.38081
2021-08-20,431.73,435.46,430.78,430.99,527883,8467,431.728594
2021-08-23,433.41,435.87,431.66,432.35,233732,7220,433.592802
2021-08-24,433.28,435.725,430.76,430.99,199865,5534,432.700075
2021-08-25,430.92,436.83,430.75,435.82,181539,6082,435.45632
2021-08-26,434.78,434.78,428.31,428.81,336505,10194,429.642203
2021-08-27,431.46,433.82,430.8,432.13,139737,6245,431.978914
2021-08-30,432.52,438.52,432.3,434.6,161347,7353,436.317926
2021-08-31,434.58,436.98,431.68,433.7,397494,8735,434.096721
2021-09-01,434.0,434.0,424.66,429.23,305593,10281,429.698121
2021-09-02,431.25,436.05,430.98,435.4,269404,7847,433.654513
2021-09-03,433.8,433.89,428.9,429.65,226896,7478,431.191681
2021-09-07,429.5,429.5,421.4,421.45,317766,9010,423.339294
2021-09-08,419.9,421.91,414.191,418.15,356090,13435,417.094106
2021-09-09,418.53,420.735,415.62,416.54,275853,7254,417.455964
2021-09-10,417.85,418.75,414.66,415.23,217185,9795,416.376021
2021-09-13,417.73,417.785,408.09,413.24,295328,10002,412.154481
2021-09-14,415.44,415.44,407.9,409.88,364546,11395,410.047641
2021-09-15,409.6,414.84,407.91,412.12,283620,8555,412.348346
2021-09-16,412.45,412.77,408.42,409.06,231498,8616,410.27097
2021-09-17,406.52,407.085,402.01,402.48,475140,8348,403.5205
2021-09-20,397.25,404.88,396.18,404.18,274253,9479,402.225802
2021-09-21,404.68,406.64,400.96,401.27,196146,7297,402.517514
2021-09-22,403.73,405.16,401.22,402.18,167151,7783,402.993493
2021-09-23,403.64,406.41,402.36,403.39,155160,6597,404.2097
2021-09-24,402.44,406.735,402.44,405.35,138839,5772,405.502991
2021-09-27,405.68,413.18,404.8,408.22,222199,7281,409.43197
2021-09-28,407.15,409.75,402.31,402.73,229680,7669,404.167873
2021-09-29,405.35,407.135,401.4325,401.74,151661,5895,403.446504
2021-09-30,402.58,405.08,393.01,393.06,271325,8080,395.657664
2021-10-01,393.2,401.49,391.16,398.25,216374,9043,396.93133
2021-10-04,396.68,401.0,393.72,397.23,247431,7855,397.019846
2021-10-05,399.97,405.74,397.23,402.23,196261,6673,402.7584
2021-10-06,399.85,409.97,398.755,409.3,256676,8771,405.268464
2021-10-07,413.42,422.55,413.29,416.24,286745,10715,417.904059
2021-10-08,414.47,419.075,414.3,417.24,166085,6800,417.423611
2021-10-11,418.84,420.39,413.66,413.88,180400,4658,415.596549
2021-10-12,414.0,426.77,413.91,421.13,262769,7482,421.226989
2021-10-13,422.68,423.84,417.715,421.59,216174,10767,421.192603
2021-10-14,424.12,428.16,422.8,427.39,197429,7013,425.920293
2021-10-15,431.42,431.42,428.48,429.05,218059,7528,429.605473
2021-10-18,426.13,432.38,426.13,430.87,175100,6656,430.367251
2021-10-19,433.25,437.855,431.39,436.32,167382,6895,435.976609
2021-10-20,437.23,438.48,435.93,437.14,120277,5309,437.327664
2021-10-21,436.55,438.4,435.015,437.8,123393,6201,437.465422
2021-10-22,439.39,441.85,436.745,437.04,139798,5939,438.217344
2021-10-25,437.04,439.95,435.63,435.83,198021,6989,437.297279
2021-10-26,436.06,436.06,430.49,430.64,183649,5778,431.934136
2021-10-27,430.81,431.725,421.98,424.53,286464,8990,425.093236
2021-10-28,426.81,431.75,425.225,430.76,245881,8758,429.376622
2021-10-29,449.54,466.11,445.0,463.11,662216,16639,460.216528
2021-11-01,465.0,472.035,461.02,467.92,273487,10620,466.28537
2021-11-02,470.4,474.75,468.08,470.93,241961,9112,472.004669
2021-11-03,470.38,476.64,468.69,474.44,274442,10296,474.192375
2021-11-04,475.49,484.03,474.01,479.83,269570,6961,479.889763
2021-11-05,479.29,483.51,472.26,472.93,218716,7062,474.580476
2021-11-08,475.48,475.48,468.33,474.94,191790,5656,473.938949
2021-11-09,474.5,483.16,474.5,482.13,274927,6312,480.91085
2021-11-10,482.93,484.0,477.68,481.01,123934,6061,480.743927
2021-11-11,480.48,484.765,476.885,484.61,177848,6673,482.725436
2021-11-12,486.48,491.265,483.74,489.83,120019,5484,488.924106
2021-11-15,490.33,491.38,484.25,484.42,189348,5678,486.046939
2021-11-16,485.47,494.22,485.47,489.92,147034,5435,490.790598
2021-11-17,490.0,490.0,483.245,486.58,151246,6350,485.963528
2021-11-18,488.1,488.1,481.02,482.27,161519,6240,483.736646
2021-11-19,483.37,485.47,479.84,482.62,213405,7165,483.361213
2021-11-22,484.2,495.78,481.81,492.75,279850,9271,492.652728
2021-11-23,493.49,499.0,489.195,498.0,208184,7335,495.558324
2021-11-24,498.01,501.045,496.355,498.44,214379,7086,498.762928
2021-11-26,492.06,495.74,488.05,489.54,172125,6925,491.634218
2021-11-29,494.3,497.9,488.755,495.58,169305,7678,494.700978
2021-11-30,492.95,493.68,479.68,481.41,510558,11012,483.165543
2021-12-01,486.69,489.57,476.89,477.26,302697,10682,482.423707
2021-12-02,479.3,491.19,478.2,488.01,188339,8878,487.031833
2021-12-03,489.71,492.13,483.04,491.44,300301,9309,489.23399
2021-12-06,495.08,502.32,492.76,499.95,297164,11278,499.125309
2021-12-07,501.7,510.42,501.7,507.72,199495,7506,508.108147
2021-12-08,506.32,507.59,500.55,505.7,181989,8672,505.05582
2021-12-09,505.54,505.54,502.26,503.55,229783,7866,503.918365
2021-12-10,507.74,514.6025,503.29,513.67,187665,10500,511.016874
2021-12-13,514.0,514.0,504.81,506.85,216347,10658,507.733862
2021-12-14,505.62,509.05,502.576,507.76,150525,7821,506.469964
2021-12-15,511.36,515.33,505.76,513.95,195629,9334,512.200085
2021-12-16,516.16,516.35,503.57,508.33,267379,9988,508.94977
2021-12-17,507.78,510.39,490.83,492.89,591300,10495,495.530661
2021-12-20,488.53,490.73,480.21,489.33,263541,9888,486.355357
2021-12-21,492.51,497.49,490.64,496.79,256541,9489,494.854578
2021-12-22,497.39,500.81,497.205,499.17,229948,5354,499.14377
2021-12-23,499.98,508.44,499.98,503.01,223848,6062,503.837737
2021-12-27,505.82,516.45,505.82,516.15,147006,6753,513.255588
2021-12-28,516.88,521.15,516.43,520.87,155218,5734,518.834355
2021-12-29,520.87,527.06,520.87,525.39,156562,6448,525.113352
2021-12-30,524.64,525.91,516.61,516.66,108644,5566,518.966203
2021-12-31,516.0,521.23,515.0,518.24,139540,5547,517.907977
2022-01-03,517.51,521.39,504.42,510.2,203601,8095,509.606254
2022-01-04,513.16,523.22,508.38,520.47,198348,8752,520.189213
2022-01-05,519.7,523.91,508.17,508.35,235503,9754,513.00968
2022-01-06,509.86,514.47,506.39,510.13,205958,8556,510.627303
2022-01-07,509.0,510.99,505.44,505.64,174930,6735,507.783931
2022-01-10,501.69,502.125,495.36,500.1,195386,7968,498.891179
2022-01-11,500.1,506.575,491.26,505.98,194656,6945,502.596753
2022-01-12,508.65,515.04,507.63,509.44,243934,6236,510.463547
2022-01-13,511.9,516.24,505.8,508.17,239117,8291,510.087477
2022-01-14,504.22,505.84,490.98,504.56,306871,9527,500.347331
2022-01-18,500.57,515.61,491.78,506.83,361319,11938,506.584421
2022-01-19,513.08,513.08,496.5,497.31,183499,9242,502.055435
2022-01-20,498.03,502.77,490.23,490.96,250664,10607,495.67848
2022-01-21,491.79,502.76,490.24,492.95,262363,10701,494.988816
2022-01-24,486.76,494.42,479.69,494.05,329277,13885,487.157114
2022-01-25,487.4,490.53,476.0,486.26,297414,12588,483.617402
2022-01-26,488.13,493.125,477.12,481.02,620455,14019,482.860777
2022-01-27,485.94,488.09,477.06,481.58,311107,13529,482.138933
2022-01-28,482.36,495.75,475.7,495.0,232875,10308,487.485702
2022-01-31,491.01,496.69,488.18,495.11,514781,11696,494.384978
2022-02-01,499.11,502.99,490.07,494.98,248047,9543,493.248235
2022-02-02,495.0,503.11,490.635,501.14,358359,12528,500.050291
2022-02-03,513.4,525.43,506.57,507.58,564595,15895,514.222886
2022-02-04,506.32,510.5,486.98,487.68,455112,15486,495.794384
2022-02-07,487.86,488.96,477.031,478.32,354938,12746,480.277651
2022-02-08,479.47,483.99,476.44,482.31,314857,9693,481.273352
2022-02-09,486.07,492.875,481.27,489.23,285926,8474,489.209335
2022-02-10,481.98,483.76,469.43,473.52,373130,11101,474.788647
2022-02-11,471.9,472.36,458.9,467.69,438245,12446,466.620444
2022-02-14,466.17,470.9,462.28,466.39,259173,8426,465.86009
2022-02-15,471.5,473.19,467.41,469.64,218170,8350,469.824339
2022-02-16,468.07,475.435,465.96,474.8,169951,6802,472.319206
2022-02-17,473.18,475.64,467.22,471.37,290887,8921,472.067891
2022-02-18,469.77,476.42,468.09,473.93,231437,7603,473.299304
2022-02-22,474.06,476.475,467.9,472.19,327250,10797,472.598948
2022-02-23,473.84,477.94,461.85,462.39,303891,9773,467.952495
2022-02-24,455.73,467.0,453.67,467.0,292221,12930,460.625711
2022-02-25,466.71,477.01,465.1998,476.71,218886,9482,473.57576
2022-02-28,470.17,477.18,468.01,477.06,358315,9999,474.515061
2022-03-01,476.89,479.98,462.4812,466.37,298915,11322,467.290957
2022-03-02,468.33,482.41,466.38,480.84,313295,10873,479.800613
2022-03-03,483.42,486.05,479.94,481.3,333747,10956,482.620715
2022-03-04,476.09,488.105,472.64,488.01,270005,9118,482.019288
2022-03-07,482.94,505.84,482.31,490.97,392508,15090,496.617079
2022-03-08,493.81,503.49,489.24,490.08,254091,10681,494.339251
2022-03-09,496.0,498.51,486.85,487.41,240992,9642,491.277349
2022-03-10,480.75,486.21,472.3172,484.75,253576,10808,481.802074
2022-03-11,486.99,489.48,471.76,472.26,272802,10111,476.251777
2022-03-14,473.27,487.48,469.95,483.4,303801,13026,481.973371
2022-03-15,490.33,499.87,487.93,497.75,291087,11104,494.104302
2022-03-16,501.89,507.32,482.73,491.18,251127,11041,491.351321
2022-03-17,491.2,500.3,489.12,498.09,187359,8535,497.450036
2022-03-18,498.03,502.85,488.15,501.95,447384,10369,500.050139
2022-03-21,505.89,507.1427,501.53,506.26,222273,7860,504.865392
2022-03-22,503.72,507.93,499.94,502.72,235888,7791,502.66802
2022-03-23,499.9,505.9,495.26,504.82,429195,9598,503.608383
2022-03-24,507.7,509.14,498.56,501.24,305123,10686,502.55687
2022-03-25,505.25,507.59,500.36,506.35,201647,7392,505.147082
2022-03-28,505.24,513.25,502.52,513.1,270669,9632,509.995478
2022-03-29,516.18,520.25,509.55,518.87,210793,8126,517.225704
2022-03-30,518.8,524.27,514.23,520.64,167320,8249,519.896947
2022-03-31,519.95,526.015,515.79,515.79,318874,9156,518.587556
2022-04-01,519.03,520.0,507.6,517.55,255181,10610,514.769062
2022-04-04,517.42,519.55,513.35,519.33,190020,9709,517.98402
2022-04-05,516.75,525.1726,515.335,518.85,235135,8970,519.908291
2022-04-06,517.32,526.91,515.855,526.12,293485,11320,523.865881
2022-04-07,526.71,527.12,516.51,521.42,343676,11989,521.147449
2022-04-08,521.01,524.255,514.5436,518.55,249709,7854,518.265692
2022-04-11,517.79,522.66,515.95,518.66,177065,9099,519.92749
2022-04-12,518.12,529.54,518.12,523.5,284236,10455,524.235795
2022-04-13,523.25,529.91,522.5,527.11,226756,9701,526.209858
2022-04-14,517.96,520.84,491.33,491.43,532139,17861,500.073262
2022-04-18,488.62,494.93,487.01,490.58,286198,10106,490.112171
2022-04-19,493.49,508.95,490.13,507.73,307913,11307,505.467734
2022-04-20,511.93,520.49,510.625,511.28,227211,9263,514.533289
2022-04-21,515.12,519.91,506.76,511.99,243713,9060,512.450804
2022-04-22,509.02,510.85,499.1,499.34,224755,9788,503.004619
2022-04-25,496.34,496.34,482.12,492.19,421240,14326,488.69045
2022-04-26,489.5,496.24,485.845,492.13,315472,10673,491.760291
2022-04-27,492.13,502.71,491.95,495.71,528393,14676,496.699309
2022-04-28,503.32,519.81,501.36,514.93,449090,15924,513.586773
2022-04-29,514.07,516.67,498.35,500.03,422318,11727,505.140157
2022-05-02,504.41,507.7619,480.98,490.82,385536,16325,489.49578
2022-05-03,491.96,492.31,480.66,483.99,450098,18224,485.630915
2022-05-04,485.51,505.71,485.5,505.05,438695,13884,497.027806
2022-05-05,499.17,501.51,478.04,483.14,319217,13340,486.777986
