Date,Open,High,Low,Close,volume,trade_count,vwap
2020-12-31,65.63,66.94,65.425,66.86,401120,5419,66.525686
2021-01-04,68.21,68.6,66.225,66.49,903090,11368,66.924799
2021-01-05,66.68,68.24,66.075,67.78,971343,8177,67.721219
2021-01-06,68.24,69.95,67.77,69.56,1384673,13270,69.09524
2021-01-07,69.28,70.74,68.94,70.01,775806,9182,70.02779
2021-01-08,70.74,72.27,70.51,72.1,969414,11253,71.766212
2021-01-11,71.81,72.755,71.53,72.38,643151,8013,72.24317
2021-01-12,72.05,74.83,71.91,73.79,732459,9797,73.801954
2021-01-13,73.72,74.89,73.05,73.88,619515,7801,74.022357
2021-01-14,73.7,74.0,72.7,73.03,623332,9681,73.255392
2021-01-15,72.52,72.96,71.02,71.46,725580,8916,71.612198
2021-01-19,72.14,72.14,69.605,70.43,605410,7994,70.366511
2021-01-20,70.41,70.56,69.12,70.18,731890,8338,69.879112
2021-01-21,70.32,70.36,68.17,68.44,534069,7394,68.772623
2021-01-22,68.27,69.4073,68.095,69.13,584570,7462,68.966695
2021-01-25,68.63,69.57,68.27,69.31,655290,9092,68.99305
2021-01-26,69.84,70.0,68.8,69.11,491114,6705,69.27649
2021-01-27,68.2,68.98,67.03,68.17,1414814,15308,67.993532
2021-01-28,68.43,69.19,67.0,67.75,576566,8517,68.234093
2021-01-29,67.41,67.75,64.7,65.85,680174,9324,65.852048
2021-02-01,66.32,67.81,65.52,67.46,748435,8831,67.352758
2021-02-02,68.0,69.24,67.42,67.43,719186,9135,68.120786
2021-02-03,67.12,68.51,66.81,67.79,753190,9771,67.860927
2021-02-04,67.7,69.96,67.61,69.83,628490,9217,69.513086
2021-02-05,70.22,70.51,69.61,70.13,586563,6837,70.14119
2021-02-08,70.53,71.77,70.0,70.78,473739,7706,70.947284
2021-02-09,71.16,71.77,69.957,70.61,572128,7791,70.813129
2021-02-10,71.33,71.59,70.11,70.74,959107,9921,70.8096
2021-02-11,71.09,71.63,69.58,69.62,550421,7966,70.000627
2021-02-12,69.75,70.16,69.29,69.46,666624,8407,69.56646
2021-02-16,70.0,70.69,69.14,70.58,1245043,14629,70.173229
2021-02-17,65.29,67.43,63.5001,64.87,3463549,34166,66.104967
2021-02-18,64.17,64.91,63.2875,64.575,2761835,21577,63.988043
2021-02-19,64.86,65.78,63.53,63.75,1303807,14032,64.291847
2021-02-22,64.0,66.39,63.52,65.97,2539879,19629,64.923231
2021-02-23,66.32,66.56,64.51,65.62,1086853,15763,65.547916
2021-02-24,65.18,66.66,64.9,65.01,1174599,13024,65.503005
2021-02-25,64.46,64.63,61.68,61.89,2937657,26132,62.505975
2021-02-26,62.3,62.92,61.36,61.85,2094698,16747,61.977158
2021-03-01,62.53,64.98,62.29,64.55,1114285,14883,64.309073
2021-03-02,64.63,64.86,62.7,62.92,1409263,14000,63.390358
2021-03-03,62.97,63.2757,61.69,62.71,868880,11902,62.695952
2021-03-04,62.44,63.14,60.96,61.5,908115,11175,61.898959
2021-03-05,62.36,63.0,60.7,62.57,1050602,11565,62.31107
2021-03-08,63.2,66.06,62.625,64.79,1018829,13947,65.005558
2021-03-09,64.89,66.94,64.76,65.18,1165236,15511,65.663734
2021-03-10,65.6,67.519,65.46,65.91,1107301,13924,66.422246
2021-03-11,65.76,66.81,65.55,65.88,1041059,13217,65.962766
2021-03-12,65.92,67.56,65.92,67.19,1050568,12302,66.940986
2021-03-15,66.85,68.88,66.3725,68.22,1090186,11490,68.323537
2021-03-16,68.38,68.77,66.559,67.03,880418,12495,67.126734
2021-03-17,66.27,68.2,66.27,67.78,989520,14177,67.581301
2021-03-18,67.64,69.435,67.45,67.69,1419135,16528,68.273052
2021-03-19,67.58,67.865,66.43,66.81,1525401,13129,67.00006
2021-03-22,66.69,66.9,65.7288,66.3,823877,12271,66.369866
2021-03-23,66.58,66.76,64.98,65.07,937820,13000,65.332417
2021-03-24,65.25,66.755,65.25,65.66,1084675,13961,65.948075
2021-03-25,65.61,66.94,65.01,66.81,817428,12267,66.399277
2021-03-26,67.96,67.99,66.39,67.98,1935727,21192,67.211774
2021-03-29,67.8,70.2,66.91,69.74,1550546,19141,69.503608
2021-03-30,69.16,69.56,68.04,68.97,897457,11837,68.854633
2021-03-31,68.67,69.81,68.09,69.24,961941,11645,69.228306
2021-04-01,69.13,69.4,67.35,68.67,969933,12443,68.439393
2021-04-05,69.43,69.6,68.81,68.98,496704,7022,69.102716
2021-04-06,68.33,69.59,68.23,69.0,651146,10207,69.011654
2021-04-07,69.16,69.16,68.29,68.66,879861,12173,68.682337
2021-04-08,68.52,69.0,67.97,68.67,946356,13444,68.639355
2021-04-09,69.0,69.455,68.77,69.39,694227,8286,69.118656
2021-04-12,69.2,70.3495,69.2,70.02,580137,10266,69.962186
2021-04-13,70.0,70.06,69.12,69.59,688254,9309,69.499176
2021-04-14,69.5,70.35,69.14,70.01,648584,10563,69.923855
2021-04-15,70.04,71.02,69.86,70.91,520478,8934,70.699512
2021-04-16,71.26,71.42,70.705,71.15,580604,9111,71.107875
2021-04-19,71.12,71.12,70.01,70.64,678106,10178,70.463713
2021-04-20,70.52,71.0,70.38,70.49,607058,8382,70.63718
2021-04-21,70.86,72.385,70.3,72.3,634373,8668,71.836108
2021-04-22,72.38,73.24,71.91,72.73,1025760,13818,72.772067
2021-04-23,72.77,74.51,72.39,74.22,1201164,13196,73.742661
2021-04-26,74.48,74.81,73.26,73.38,651018,8629,73.691069
2021-04-27,72.82,73.67,71.79,73.14,718836,8406,73.126274
2021-04-28,72.9545,73.21,71.84,72.72,751091,11372,72.770126
2021-04-29,73.27,73.97,72.79,73.07,926740,12468,73.231876
2021-04-30,73.6,73.865,72.27,72.5,1513391,14974,72.592993
2021-05-03,73.43,74.48,73.155,74.01,2179014,19941,74.016891
2021-05-04,72.61,80.09,72.6,79.87,2266606,28163,77.97353
2021-05-05,79.56,79.9,77.37,78.91,1772281,16702,78.843391
2021-05-06,78.27,79.98,78.02,79.9799,1071597,17273,79.216008
2021-05-07,82.71,82.71,80.58,80.61,1036448,14678,81.24982
2021-05-10,80.53,83.45,80.245,82.97,1036514,16488,82.716256
2021-05-11,81.74,83.1,79.99,80.39,1040800,18030,80.87637
2021-05-12,80.06,80.79,78.52,78.62,653324,12716,79.289858
2021-05-13,78.4,80.37,78.29,80.1,592441,11642,79.797486
2021-05-14,80.44,81.19,79.91,80.66,693060,12678,80.645085
2021-05-17,80.64,81.005,79.95,80.5,518320,9518,80.590022
2021-05-18,79.99,80.4,79.02,79.35,810712,14739,79.433208
2021-05-19,79.17,79.26,78.23,78.76,814327,12292,78.656877
2021-05-20,78.54,79.69,78.06,79.41,1000248,11733,79.293023
2021-05-21,79.16,80.49,78.17,78.31,1082989,13012,78.939997
2021-05-24,78.45,78.45,77.32,77.59,762725,13326,77.682067
2021-05-25,77.41,77.7373,76.17,76.26,785084,12961,76.641786
2021-05-26,76.54,77.12,75.97,76.85,1218307,18193,76.719411
2021-05-27,77.03,77.065,76.11,76.39,1935026,13587,76.440542
2021-05-28,77.06,77.4,75.96,76.04,930627,12190,76.397516
2021-06-01,75.81,76.455,75.2774,76.07,1006419,13768,75.957733
2021-06-02,76.2,76.59,75.33,75.42,642559,12211,75.67153
2021-06-03,75.07,78.12,74.85,77.96,995285,16866,77.375919
2021-06-04,77.73,78.33,77.34,77.9,923903,13348,77.796297
2021-06-07,78.24,78.57,77.26,77.3,647048,10799,77.673289
2021-06-08,77.17,77.89,76.575,77.7,483579,9930,77.365675
2021-06-09,77.81,78.16,77.21,77.6,436987,9872,77.700643
2021-06-10,78.56,78.9,77.92,78.58,516579,9510,78.609354
2021-06-11,78.71,78.99,78.5101,78.9,440388,9467,78.792355
2021-06-14,78.4579,78.95,77.06,77.43,561634,9288,77.399704
2021-06-15,77.6,78.57,77.2,78.4,496781,10738,78.217663
2021-06-16,78.15,78.21,76.99,77.42,683561,13279,77.561691
2021-06-17,77.81,78.07,75.47,76.69,1076442,17801,76.429384
2021-06-18,76.26,76.405,74.77,75.02,1494456,13898,75.201122
2021-06-21,75.42,76.66,75.35,76.39,566783,10432,76.382372
2021-06-22,76.46,76.62,75.84,76.42,502124,8545,76.385324
2021-06-23,75.63,75.7,74.29,74.47,1580007,18055,74.684567
2021-06-24,74.8,75.295,74.26,75.14,1006171,12887,74.92739
2021-06-25,75.2,75.68,74.89,75.01,1605831,13489,75.145336
2021-06-28,74.98,75.06,73.74,74.33,521189,10265,74.303662
2021-06-29,74.72,74.96,73.92,74.0,575375,10690,74.192556
2021-06-30,74.22,74.385,73.84,74.19,588457,8685,74.168775
2021-07-01,74.38,75.98,74.38,75.51,973552,16410,75.456489
2021-07-02,75.4,76.16,74.95,75.97,729532,11630,75.836591
2021-07-06,75.68,76.23,74.38,76.04,1133824,13497,75.721337
2021-07-07,75.96,77.0,75.59,76.67,728904,12178,76.582155
2021-07-08,75.91,76.4,75.07,75.78,683336,9931,75.736901
2021-07-09,76.26,77.03,76.24,76.81,582824,10048,76.792173
2021-07-12,76.63,77.13,76.07,77.02,433746,7779,76.871616
2021-07-13,76.86,77.09,76.2,76.39,842566,12291,76.505845
2021-07-14,76.3,77.17,76.0601,76.78,547495,9465,76.782718
2021-07-15,76.2,76.9999,75.26,75.34,1054210,12783,75.859046
2021-07-16,75.42,75.76,75.03,75.12,567330,7686,75.287803
2021-07-19,74.53,74.6,73.09,73.8,792775,12078,73.652461
2021-07-20,74.23,76.105,74.23,75.77,1440509,18451,75.596575
2021-07-21,76.35,77.78,76.35,77.14,775531,12979,77.185401
2021-07-22,76.91,77.01,75.92,76.44,511350,7768,76.405892
2021-07-23,76.82,77.57,76.6,77.36,361962,6766,77.277139
2021-07-26,77.25,77.97,76.88,77.37,457251,8972,77.316138
2021-07-27,77.07,78.83,77.02,78.67,656407,11829,78.428046
2021-07-28,78.48,79.64,78.24,79.44,796213,11628,79.146908
2021-07-29,79.78,80.32,79.44,80.22,435457,9346,80.094825
2021-07-30,80.17,80.62,79.86,80.15,631377,9523,80.15672
2021-08-02,80.64,81.5796,79.95,81.23,1076119,15523,80.986897
2021-08-03,81.49,81.49,77.61,80.37,2010087,23478,79.447402
2021-08-04,80.28,80.5,77.095,77.3,1159601,16723,77.811054
2021-08-05,77.61,77.85,75.65,76.73,1037966,17442,76.68336
2021-08-06,76.9,77.68,76.06,77.03,519291,8873,77.044735
2021-08-09,76.79,76.985,75.95,76.21,768498,9858,76.182362
2021-08-10,76.19,76.19,75.295,75.53,1141308,13077,75.579628
2021-08-11,76.03,76.505,75.55,75.9,738405,9624,75.880463
2021-08-12,75.9,76.23,75.27,75.6,699367,9317,75.52919
2021-08-13,75.6,75.78,74.69,75.68,424665,6958,75.522974
2021-08-16,75.73,76.94,75.45,76.72,510764,7880,76.544393
2021-08-17,76.56,77.47,75.995,77.46,515527,11023,77.139683
2021-08-18,77.41,77.49,75.71,75.78,411794,7382,76.280216
2021-08-19,75.33,76.3325,75.2,75.76,667856,9127,75.674098
2021-08-20,75.56,76.08,75.13,75.63,452223,9175,75.573
2021-08-23,76.12,76.15,75.3,75.74,436269,8027,75.776918
2021-08-24,75.95,76.18,75.54,75.59,409636,7236,75.754511
2021-08-25,75.62,75.79,75.135,75.5,395544,6818,75.489624
2021-08-26,75.32,75.32,74.065,74.13,549277,9783,74.342666
2021-08-27,74.21,75.72,74.21,75.23,359982,7382,75.188509
2021-08-30,75.12,76.455,75.12,75.18,370831,8606,75.553332
2021-08-31,75.01,75.95,74.9,75.59,858524,13836,75.488849
2021-09-01,75.77,76.78,75.0,76.66,687717,12380,76.235616
2021-09-02,77.0,79.81,76.9301,79.33,1074146,15179,78.954872
2021-09-03,79.22,79.32,78.28,78.38,585536,9897,78.559041
2021-09-07,78.13,78.6,76.91,78.58,950079,11292,77.883278
2021-09-08,78.99,79.6,78.465,78.56,636490,10569,78.901844
2021-09-09,78.39,79.79,77.19,77.77,375131,8968,78.119333
2021-09-10,77.84,78.2,76.68,76.76,567340,9977,76.940268
2021-09-13,77.21,77.755,76.31,77.71,724192,13462,77.057299
2021-09-14,78.0,78.96,77.61,78.44,643827,13051,78.4732
2021-09-15,78.48,78.88,77.47,78.54,621848,11407,78.387363
2021-09-16,78.84,78.94,77.84,78.37,552084,9999,78.412416
2021-09-17,77.81,78.8088,77.26,77.47,1201954,10995,77.649392
2021-09-20,76.98,77.17,75.07,75.97,481275,8559,75.81386
2021-09-21,76.21,76.55,75.53,75.53,473321,9040,75.790279
2021-09-22,75.93,77.22,75.7,76.86,782272,10562,76.738285
2021-09-23,77.22,78.595,76.9,77.6,585017,12163,77.990793
2021-09-24,77.29,78.29,77.27,78.1,472178,8495,77.996525
2021-09-27,78.13,79.265,77.94,78.7,530780,10230,78.83093
2021-09-28,78.42,79.335,77.54,78.13,869957,14817,78.239309
2021-09-29,78.29,79.08,77.99,78.28,499735,8108,78.432315
2021-09-30,78.47,78.73,75.83,76.16,921010,13400,76.929314
2021-10-01,76.87,78.83,76.78,78.53,849733,14981,78.043515
2021-10-04,78.69,79.64,77.37,78.1,554827,10856,78.10568
2021-10-05,78.25,79.91,77.86,78.61,879705,14029,78.758424
2021-10-06,78.06,78.26,76.45,78.17,695299,10854,77.509302
2021-10-07,78.69,80.63,78.45,79.71,587811,9225,79.790616
2021-10-08,79.88,80.37,79.486,79.83,414122,7403,80.008247
2021-10-11,80.14,80.5,79.29,79.32,606280,9211,79.830173
2021-10-12,79.36,79.93,78.25,78.5,727303,7974,78.716769
2021-10-13,78.26,78.775,76.59,77.72,584532,10286,77.643412
2021-10-14,78.61,79.02,77.84,78.59,516609,9516,78.44384
2021-10-15,79.07,79.46,77.36,77.44,603491,10490,78.057621
2021-10-18,76.79,77.1,75.66,76.53,626164,9778,76.488635
2021-10-19,76.8,77.22,76.54,76.96,586739,9571,76.91118
2021-10-20,77.34,78.48,77.1,78.47,575577,9375,78.042783
2021-10-21,78.73,79.4,78.15,79.01,362716,6890,78.803088
2021-10-22,78.98,79.92,78.215,79.89,340121,8302,79.620119
2021-10-25,78.73,78.85,76.09,76.21,1389536,19598,76.969256
2021-10-26,76.37,76.73,75.03,75.32,862968,15171,75.464359
2021-10-27,75.37,76.09,73.51,74.19,771697,11725,74.281114
2021-10-28,74.56,76.72,74.39,75.52,777845,12321,75.592816
2021-10-29,75.52,76.685,75.52,76.35,746288,12105,76.14733
2021-11-01,76.38,77.58,76.19,76.65,1134316,17484,76.805669
2021-11-02,78.72,81.19,76.7,78.24,1620260,20336,78.887296
2021-11-03,78.14,79.17,77.86,78.97,721370,12942,78.717056
2021-11-04,79.02,79.35,78.08,78.68,782578,14821,78.716258
2021-11-05,79.11,80.53,78.68,80.1,787905,13743,79.7673
2021-11-08,80.25,80.9,78.48,78.64,619986,10599,79.05677
2021-11-09,78.25,78.59,77.72,78.15,697616,10310,78.200552
2021-11-10,78.0,78.77,77.99,78.18,419086,7841,78.279672
2021-11-11,78.05,78.54,76.945,78.45,681674,8348,78.24498
2021-11-12,78.56,79.62,78.07,79.25,489746,8162,79.124417
2021-11-15,79.59,79.7,78.24,78.46,377716,6539,78.586193
2021-11-16,78.51,78.84,77.77,77.94,447379,7762,78.181916
2021-11-17,77.69,78.1799,76.95,77.51,355298,7667,77.673314
2021-11-18,77.42,77.42,76.32,76.97,433415,7519,76.782363
2021-11-19,77.1,77.8,75.82,76.14,551469,9310,76.515421
2021-11-22,76.16,76.71,75.36,76.21,483810,9473,76.172407
2021-11-23,76.07,77.27,75.83,76.9,562715,9463,76.800461
2021-11-24,76.99,77.41,75.69,75.9,572657,8688,76.12596
2021-11-26,74.68,75.58,73.49,73.64,686052,8524,74.269725
2021-11-29,74.0,74.36,73.16,73.77,635160,10261,73.794223
2021-11-30,73.02,73.15,70.51,71.06,1383920,12789,71.361933
2021-12-01,71.52,72.27,70.3,70.34,1041708,16014,71.227978
2021-12-02,70.49,72.04,70.25,71.51,881280,15460,71.355796
2021-12-03,71.85,72.115,70.62,71.16,813820,14757,71.25414
2021-12-06,71.88,73.12,71.36,72.89,1875635,23709,72.442767
2021-12-07,73.22,74.975,73.0,74.58,1456830,15805,74.264032
2021-12-08,74.84,75.62,72.28,75.03,985688,15046,74.958082
2021-12-09,74.97,76.6,74.79,75.76,1052953,14610,75.989771
2021-12-10,76.0,76.36,74.76,75.68,789998,13735,75.549018
2021-12-13,75.65,76.29,74.16,75.16,757628,12381,74.996765
2021-12-14,74.96,76.23,74.43,74.55,898907,13537,74.958726
2021-12-15,74.61,74.61,72.67,73.51,819843,13430,73.352342
2021-12-16,73.84,75.51,73.54,73.63,653673,11578,74.166149
2021-12-17,74.04,75.09,73.27,73.75,1557529,12657,73.896755
2021-12-20,73.14,73.35,71.42,72.88,644015,9706,72.538294
2021-12-21,73.46,74.24,72.55,72.96,660030,9875,73.165408
2021-12-22,73.08,74.51,72.98,74.33,406886,6705,74.095093
2021-12-23,74.4,75.17,74.315,74.93,380160,5820,74.869528
2021-12-27,75.29,76.28,74.99,76.24,316892,7052,75.918101
2021-12-28,76.18,77.17,76.18,76.87,453898,8490,76.774741
2021-12-29,76.92,78.419,76.6357,78.06,560460,8498,78.031386
2021-12-30,78.06,78.67,77.8,77.95,499655,7257,78.062007
2021-12-31,77.81,78.31,77.36,77.53,514567,6868,77.721065
2022-01-03,77.39,77.91,76.79,77.43,490239,8855,77.296526
2022-01-04,77.5,79.58,77.42,79.28,803608,15967,79.068701
2022-01-05,79.65,80.63,78.96,79.02,1031271,16198,79.637622
2022-01-06,79.28,79.28,77.46,77.86,981693,13902,78.146041
2022-01-07,79.02,79.56,78.29,78.95,949805,13241,79.063232
2022-01-10,78.74,79.17,77.71,79.15,971609,14516,78.539045
2022-01-11,79.1,80.67,78.55,80.54,859231,12442,79.891474
2022-01-12,80.46,80.67,77.35,77.79,1219578,16837,78.325531
2022-01-13,77.64,78.74,77.13,77.86,516989,10163,78.046613
2022-01-14,77.44,78.1,76.36,77.78,804763,11857,77.265765
2022-01-18,77.03,77.23,75.96,76.27,650908,10004,76.364745
2022-01-19,76.27,76.72,74.52,74.55,814220,11772,75.255259
2022-01-20,74.67,75.92,74.05,74.13,888926,13476,74.970299
2022-01-21,73.91,75.47,73.29,73.54,797388,11313,73.929414
2022-01-24,72.9,74.61,71.94,74.38,1075334,18506,73.264455
2022-01-25,73.41,73.8172,71.21,72.72,837194,13676,72.5388
2022-01-26,72.64,75.77,72.315,74.45,2465878,27064,74.400658
2022-01-27,74.73,77.02,74.055,74.77,2649758,29004,75.763732
2022-01-28,74.25,75.74,73.08,75.7,1072653,15911,74.645399
2022-01-31,74.42,76.14,73.73,75.3,1285460,18097,75.073694
2022-02-01,75.55,76.04,74.92,75.95,900692,13617,75.604449
2022-02-02,75.88,76.8,75.43,76.38,711365,11396,76.09228
2022-02-03,76.36,76.85,75.795,76.16,562395,10927,76.165254
2022-02-04,75.78,76.86,74.715,76.13,529587,9629,75.956066
2022-02-07,76.07,76.7,73.14,76.28,886724,12443,76.2749
2022-02-08,76.55,78.015,75.91,77.86,663991,10740,77.533509
2022-02-09,78.43,78.43,76.43,76.57,1303253,20959,77.065914
2022-02-10,75.96,77.64,75.8,76.29,951403,15210,76.447806
2022-02-11,76.46,76.91,75.62,76.13,986635,14334,76.340954
2022-02-14,76.38,76.66,74.98,75.79,1175929,16649,75.796897
2022-02-15,78.87,82.02,78.52,81.84,2134330,25089,81.186114
2022-02-16,82.04,84.5,81.58,84.23,1989232,22566,83.559903
2022-02-17,83.86,84.32,82.184,84.0,962420,15683,83.636228
2022-02-18,83.92,84.71,82.21,83.47,961506,14063,83.26353
2022-02-22,83.67,84.595,82.65,83.41,1160555,15307,83.509631
2022-02-23,83.93,85.23,83.41,83.79,996305,14889,84.10951
2022-02-24,82.44,84.193,81.93,83.98,1313498,20634,83.183686
2022-02-25,84.32,87.55,84.13,87.32,1107958,15672,86.800263
2022-02-28,85.67,86.76,85.23,86.38,1183152,15483,86.040404
2022-03-01,85.55,86.67,85.25,86.31,830157,15369,86.052475
2022-03-02,86.72,87.56,85.67,85.75,1048775,18197,86.277188
2022-03-03,85.92,87.43,85.66,87.24,938359,14685,86.799501
2022-03-04,86.4,87.08,85.59,86.98,943373,15196,86.349644
2022-03-07,86.72,88.615,86.045,86.86,1655725,23634,87.329197
2022-03-08,86.59,86.875,84.01,84.22,1258333,17922,84.93223
2022-03-09,86.01,86.2,84.86,85.58,918409,14377,85.692283
2022-03-10,84.52,85.82,84.21,85.42,992013,12360,85.093428
2022-03-11,85.8,86.6,84.1,84.17,1305646,19554,85.154235
2022-03-14,84.63,85.75,84.3,84.8,957706,14683,84.964379
2022-03-15,85.43,86.97,84.65,86.31,894416,15297,85.908651
2022-03-16,86.31,87.41,85.08,86.27,903654,15876,85.954402
2022-03-17,85.76,87.23,85.48,86.75,723866,12088,86.618467
2022-03-18,86.56,87.365,85.66,87.26,1742698,15516,86.964465
2022-03-21,87.27,89.44,87.27,88.17,705529,12085,88.198008
2022-03-22,88.18,88.88,87.305,88.53,523890,9806,88.50998
2022-03-23,88.07,88.71,87.68,87.81,934288,11589,87.98209
2022-03-24,88.22,88.45,87.5,87.89,570788,10643,87.974898
2022-03-25,88.17,88.17,87.1702,87.85,580519,11871,87.815111
2022-03-28,87.86,88.55,87.56,88.51,587674,9478,88.303366
2022-03-29,88.79,89.48,87.93,88.73,806421,15359,88.658075
2022-03-30,88.86,88.945,87.4,87.85,494634,9224,87.859264
2022-03-31,88.27,88.46,87.14,87.19,716329,10941,87.48932
2022-04-01,88.04,89.4,87.3,89.34,994794,15069,88.648141
2022-04-04,89.04,89.38,87.35,87.71,780675,13506,87.883638
2022-04-05,87.56,88.3,86.75,87.14,594271,11259,87.458806
2022-04-06,87.14,89.96,87.14,88.71,1098193,18462,88.779814
2022-04-07,88.42,89.7,88.16,89.52,819640,15299,89.153434
2022-04-08,89.82,90.47,89.04,90.4,891195,14579,90.014242
2022-04-11,90.52,91.34,89.9,90.21,1150480,19031,90.532264
2022-04-12,90.05,91.5,89.95,91.04,917132,13566,90.979133
2022-04-13,91.0,92.2341,91.0,91.96,594431,10221,91.774514
2022-04-14,92.01,92.68,91.27,91.36,518427,8873,91.606667
2022-04-18,91.06,91.83,89.85,90.14,498788,10276,90.449991
2022-04-19,88.79,90.36,88.2,88.92,880540,16071,88.943193
2022-04-20,89.2,91.57,88.95,91.06,664563,12802,90.971968
2022-04-21,91.18,91.69,90.46,90.77,443045,9744,91.043393
2022-04-22,90.01,90.11,87.22,87.29,606406,13202,87.903875
2022-04-25,87.15,88.15,86.215,87.99,426901,10450,87.326536
2022-04-26,87.04,87.11,85.32,85.36,868160,14727,86.081837
2022-04-27,85.48,86.17,83.885,84.04,856097,13910,84.793051
2022-04-28,84.35,84.79,82.08,83.37,1249423,24753,83.241403
2022-04-29,82.75,83.17,80.88,81.1,1264470,20246,81.571933
2022-05-02,81.07,81.58,79.47,80.45,1297717,20616,80.385345
2022-05-03,81.52,83.95,80.87,82.08,1449748,23730,82.135135
2022-05-04,82.44,86.48,82.0,86.42,1212387,20298,85.254006
2022-05-05,86.06,86.38,83.16,83.44,1285507,17881,84.41406
