Date,Open,High,Low,Close,volume,trade_count,vwap
2020-12-31,34.65,34.715,34.205,34.66,3353624,26070,34.492022
2021-01-04,34.59,34.68,33.91,34.23,5824099,45461,34.240009
2021-01-05,34.33,34.42,33.225,33.57,9053227,60017,33.593677
2021-01-06,33.72,34.2,33.41,33.94,6756966,49816,33.885719
2021-01-07,34.03,34.0576,33.445,33.695,6487799,41175,33.69642
2021-01-08,33.52,33.65,33.21,33.62,6234037,43805,33.491907
2021-01-11,33.53,33.665,32.75,32.85,8799508,50821,33.019923
2021-01-12,32.85,32.98,31.72,32.18,11000626,72975,32.181694
2021-01-13,32.16,32.35,31.985,32.01,6137664,44793,32.120655
2021-01-14,32.1,32.3,31.7228,32.08,8530311,48073,32.033679
2021-01-15,31.99,32.29,31.6,31.99,6975158,46862,31.945649
2021-01-19,32.16,32.595,31.855,32.36,6148581,44055,32.293677
2021-01-20,32.33,32.91,32.17,32.86,6556344,43950,32.645898
2021-01-21,32.85,32.9,32.38,32.78,5138389,38065,32.73566
2021-01-22,32.55,33.03,32.432,32.91,4949056,30216,32.829041
2021-01-25,32.84,33.79,32.74,33.75,6447330,49908,33.495069
2021-01-26,33.89,34.41,33.835,34.39,4664540,34002,34.167278
2021-01-27,34.07,35.295,34.07,34.74,7207278,61406,34.914653
2021-01-28,34.4,34.99,33.94,33.96,6627799,60759,34.360175
2021-01-29,33.73,34.35,33.265,33.51,6544551,44086,33.660402
2021-02-01,33.46,33.82,33.22,33.25,5619327,41078,33.471621
2021-02-02,33.25,34.89,32.73,33.16,8621271,57470,33.246971
2021-02-03,33.14,33.27,32.77,33.01,4327301,31193,33.024025
2021-02-04,33.1,33.39,32.85,32.92,9149394,60225,33.05097
2021-02-05,33.33,34.14,33.15,33.8,8080982,55637,33.825849
2021-02-08,33.92,34.02,33.61,33.91,5085112,36817,33.8608
2021-02-09,33.91,34.1,33.44,33.71,4674887,34746,33.651717
2021-02-10,33.9,34.074,33.705,33.89,6147974,50266,33.88773
2021-02-11,34.23,36.2859,33.9,35.54,20405515,107741,35.64323
2021-02-12,35.74,36.44,35.29,35.39,8822085,63354,35.718943
2021-02-16,35.33,35.655,35.15,35.36,6347940,46383,35.353104
2021-02-17,35.39,37.14,35.22,37.02,10648719,62275,36.577479
2021-02-18,37.13,39.22,36.86,38.96,22518747,135012,38.633955
2021-02-19,38.41,38.65,37.18,37.48,14349641,92393,37.743151
2021-02-22,37.355,37.527,37.06,37.23,6771695,49964,37.324839
2021-02-23,37.4,37.8,36.47,37.12,7043172,52369,36.99626
2021-02-24,37.01,37.62,36.66,37.6,5835571,45634,37.298654
2021-02-25,37.93,38.5,37.2109,37.27,10442616,70128,37.816139
2021-02-26,37.3,37.41,36.37,36.38,7890402,59375,36.68065
2021-03-01,36.78,37.39,36.56,37.09,6195295,47619,37.091109
2021-03-02,37.17,37.63,36.89,37.32,5416652,38600,37.274721
2021-03-03,37.32,38.08,37.035,37.98,6537386,49459,37.73028
2021-03-04,38.02,38.88,36.75,37.21,11336191,99188,37.591901
2021-03-05,37.57,38.22,37.32,37.85,7562767,60007,37.804066
2021-03-08,37.82,38.87,37.82,38.67,6780730,54333,38.55337
2021-03-09,38.85,39.56,38.4,39.13,8743653,66629,39.187919
2021-03-10,39.59,39.71,38.942,39.51,7326729,54376,39.384681
2021-03-11,38.93,39.115,38.4,38.47,5939577,44964,38.669695
2021-03-12,38.53,38.59,37.81,38.11,8966856,55542,38.131701
2021-03-15,38.12,38.845,38.075,38.53,6923061,43767,38.495396
2021-03-16,38.6,38.95,38.46,38.74,6494804,44699,38.704522
2021-03-17,38.84,39.145,38.46,39.08,6406997,41159,38.884248
2021-03-18,38.91,39.25,38.77,38.94,8068783,52294,38.959149
2021-03-19,38.96,39.43,38.61,39.14,9968970,55756,39.147289
2021-03-22,39.04,39.58,38.97,39.55,7236724,38600,39.430296
2021-03-23,39.49,39.64,38.868,38.92,7662977,52150,39.178242
2021-03-24,38.87,38.969,38.22,38.23,5565718,45232,38.461871
2021-03-25,38.55,39.335,38.03,39.2,5414872,50818,38.941473
2021-03-26,39.35,40.14,38.88,40.03,9965511,66441,39.667623
2021-03-29,39.97,41.16,39.86,40.78,9925532,71335,40.78608
2021-03-30,40.9,41.2077,40.18,40.28,8188048,64328,40.703154
2021-03-31,40.0,40.36,39.74,40.0,5671362,44538,40.07742
2021-04-01,40.02,40.09,39.3709,40.03,4556463,40596,39.833666
2021-04-05,40.08,40.49,40.07,40.31,4405105,34064,40.302227
2021-04-06,40.11,40.795,40.1,40.7,4951611,39375,40.634238
2021-04-07,40.86,40.91,40.39,40.64,3583325,30846,40.599952
2021-04-08,40.59,40.85,40.52,40.81,4220285,33764,40.714841
2021-04-09,40.85,41.097,39.9,40.14,5461654,47826,40.273897
2021-04-12,40.31,40.89,40.15,40.69,4695426,43464,40.624188
2021-04-13,40.76,41.25,40.6,40.92,6310949,41549,40.986478
2021-04-14,40.61,40.7865,39.6597,40.29,9245806,70175,40.098597
2021-04-15,40.33,41.133,40.3,41.05,5652930,44572,40.88939
2021-04-16,41.16,41.47,40.765,41.0,6863773,45411,41.016417
2021-04-19,40.87,41.36,40.455,40.95,5703732,45814,41.012677
2021-04-20,40.83,41.07,40.43,41.02,4694226,38093,40.887565
2021-04-21,40.77,41.64,40.77,41.56,5666702,38433,41.416638
2021-04-22,41.47,41.49,40.8,40.97,5623865,42143,41.116225
2021-04-23,40.4,40.63,40.19,40.41,4721658,40287,40.430773
2021-04-26,40.39,40.6,39.89,40.13,7065407,52246,40.230495
2021-04-27,40.2,40.53,40.065,40.1,3971122,35110,40.241433
2021-04-28,40.26,40.48,39.96,40.12,7378215,47179,40.115122
2021-04-29,40.26,41.98,40.16,41.685,7854070,55231,41.481066
2021-04-30,41.35,41.6,40.76,41.29,7641931,48057,41.223065
2021-05-03,41.58,42.3,41.51,41.99,6129788,41282,41.996688
2021-05-04,42.09,42.48,41.89,42.36,6811597,52377,42.259236
2021-05-05,42.24,42.51,41.89,42.47,4707831,40548,42.290374
2021-05-06,42.78,43.2,42.55,43.11,4765113,45662,42.968449
2021-05-07,43.05,43.6,42.79,43.48,5142678,44485,43.356881
2021-05-10,43.53,44.26,43.42,43.62,5416611,51995,43.799917
2021-05-11,43.72,43.86,42.63,43.255,5802622,49274,43.235697
2021-05-12,43.14,43.63,42.84,42.94,4201570,41780,43.12509
2021-05-13,42.81,44.05,42.785,43.81,4400730,43905,43.702119
2021-05-14,44.0,44.425,43.72,43.73,3234941,29935,43.949186
2021-05-17,43.99,44.095,43.4612,43.8,3201453,30822,43.806013
2021-05-18,44.0,44.09,43.67,43.685,3685466,36332,43.830453
2021-05-19,43.52,43.61,43.22,43.57,3890939,36089,43.451929
2021-05-20,43.46,44.0,43.405,43.87,4203224,32614,43.816204
2021-05-21,43.95,44.19,43.78,44.13,3715787,31543,44.054887
2021-05-24,44.27,44.95,44.25,44.52,4279816,39713,44.649879
2021-05-25,44.57,44.63,43.91,44.15,4663274,36023,44.141061
2021-05-26,44.17,44.275,43.92,44.18,3085315,26529,44.135504
2021-05-27,43.89,44.08,43.21,43.43,5814262,36371,43.574079
2021-05-28,43.43,43.881,43.4,43.59,3132011,29055,43.637649
2021-06-01,43.72,44.03,43.62,43.85,3495466,31480,43.79257
2021-06-02,44.0,44.22,43.7191,44.09,3524664,33733,44.043285
2021-06-03,43.98,44.03,43.57,43.99,4312203,33595,43.869015
2021-06-04,44.15,44.335,43.725,43.96,3091035,30394,44.011318
2021-06-07,44.0,44.1,43.54,43.88,4283799,37215,43.843876
2021-06-08,43.81,43.93,43.6331,43.78,3520163,29951,43.774476
2021-06-09,43.08,43.61,42.93,43.04,5710680,40052,43.182664
2021-06-10,43.01,43.3,42.92,42.95,3184017,29740,43.088486
2021-06-11,42.99,43.495,42.9164,43.42,5061163,36991,43.296761
2021-06-14,43.15,43.35,42.11,42.82,7102709,51261,42.544706
2021-06-15,42.89,42.99,42.53,42.76,5991436,31997,42.743922
2021-06-16,42.6,42.68,41.87,41.91,4582325,38356,42.122643
2021-06-17,41.88,41.89,41.1,41.33,7315718,52191,41.369165
2021-06-18,41.19,41.28,40.265,40.5,8743355,49653,40.602575
2021-06-21,40.59,40.93,40.3312,40.83,4999159,37603,40.686442
2021-06-22,40.83,40.935,40.51,40.55,3331872,28774,40.624229
2021-06-23,40.55,40.55,40.12,40.14,3549675,27730,40.232483
2021-06-24,40.22,40.52,39.77,40.37,4973888,37008,40.229974
2021-06-25,40.4,40.795,40.26,40.69,3563096,28726,40.650354
2021-06-28,40.8,40.995,40.62,40.88,3829599,36356,40.859017
2021-06-29,40.81,41.02,40.405,40.58,2871005,28122,40.640314
2021-06-30,40.52,40.99,40.5,40.78,4330833,28707,40.782963
2021-07-01,40.84,40.925,40.445,40.49,2808343,27503,40.628237
2021-07-02,40.49,40.6,40.22,40.38,2691945,23094,40.401933
2021-07-06,40.42,40.59,39.22,39.65,6366488,52621,39.58039
2021-07-07,39.57,40.04,39.52,39.85,4966795,27908,39.828571
2021-07-08,39.54,40.03,39.37,39.6,4289527,35669,39.618565
2021-07-09,39.66,40.005,39.63,39.95,4341514,33796,39.890477
2021-07-12,39.83,39.87,39.51,39.79,5294925,38140,39.737595
2021-07-13,39.64,39.8,38.99,39.16,5198270,42336,39.352217
2021-07-14,39.14,39.25,38.5899,38.99,5266098,45127,38.942638
2021-07-15,38.87,39.555,38.85,39.43,5296483,38040,39.292328
2021-07-16,39.5,39.57,39.261,39.3,4076602,30643,39.361365
2021-07-19,39.26,39.69,38.77,39.34,4199308,39847,39.182039
2021-07-20,39.48,39.9075,39.285,39.4,4244792,40805,39.532249
2021-07-21,39.53,39.696,39.33,39.37,3010616,27132,39.478235
2021-07-22,39.22,39.2691,38.69,38.8,3391176,28688,38.8494
2021-07-23,38.87,39.37,38.72,39.22,5017304,42597,39.13054
2021-07-26,39.22,39.72,39.1,39.52,3639780,30163,39.529544
2021-07-27,39.49,39.51,39.05,39.27,3562069,34263,39.257766
2021-07-28,39.15,39.22,38.67,38.92,3442109,31382,38.887384
2021-07-29,39.15,39.19,38.795,38.98,3196024,29131,38.981899
2021-07-30,39.03,39.23,38.375,38.47,4844081,33821,38.582799
2021-08-02,38.5,38.78,38.38,38.58,4190218,37211,38.573506
2021-08-03,38.6,39.115,38.41,38.94,4757116,38525,38.914588
2021-08-04,38.56,38.56,36.69,36.94,10998808,90725,37.190277
2021-08-05,37.0,37.3,36.41,36.94,9557811,72352,36.949426
2021-08-06,37.13,37.4899,37.0,37.2,8637721,60512,37.235826
2021-08-09,37.35,37.56,36.9401,37.31,5582174,44842,37.231632
2021-08-10,37.32,37.6,36.97,37.47,5577727,48301,37.335849
2021-08-11,37.63,38.08,37.49,37.77,4240779,35433,37.804877
2021-08-12,37.82,37.89,37.36,37.36,3194573,29543,37.493895
2021-08-13,37.55,38.03,37.37,37.87,3555781,31576,37.821318
2021-08-16,37.78,38.26,37.69,38.01,4528067,39497,37.930252
2021-08-17,37.8,37.99,37.51,37.91,4550180,35707,37.79385
2021-08-18,37.71,37.88,36.93,36.95,4771933,34697,37.22942
2021-08-19,36.77,37.01,36.64,36.83,4775044,41899,36.819434
2021-08-20,36.7,36.8,36.26,36.6,3682750,32338,36.629504
2021-08-23,36.69,36.865,36.46,36.64,3331907,29771,36.710412
2021-08-24,36.74,36.74,36.37,36.55,3248737,28859,36.524687
2021-08-25,36.62,36.77,36.265,36.75,4318102,33298,36.631124
2021-08-26,36.75,36.82,36.025,36.07,4462489,36827,36.27091
2021-08-27,36.03,36.475,35.81,36.38,3650714,31285,36.326108
2021-08-30,36.32,36.43,36.09,36.12,4632490,34745,36.225139
2021-08-31,35.81,36.119,35.54,35.99,6858894,46362,35.954423
2021-09-01,36.14,36.4,35.935,36.1,4666820,37817,36.145949
2021-09-02,36.18,36.385,35.855,36.07,6427162,47339,36.050342
2021-09-03,36.01,36.19,35.75,35.83,5551029,40294,35.928054
2021-09-07,35.66,35.77,35.38,35.66,5355737,46377,35.591411
2021-09-08,35.7,37.41,35.611,37.06,11706890,81497,36.887753
2021-09-09,36.92,37.05,36.39,36.56,7637949,52217,36.601081
2021-09-10,36.49,36.59,36.17,36.33,4051035,35432,36.385638
2021-09-13,36.57,37.14,36.55,36.64,4769797,38909,36.771422
2021-09-14,36.75,36.845,36.03,36.21,4351871,36194,36.296533
2021-09-15,36.14,36.37,35.93,36.22,6167129,51465,36.170501
2021-09-16,36.24,36.69,36.03,36.54,4099668,35960,36.424422
2021-09-17,36.46,36.8,36.18,36.55,11766809,48358,36.54003
2021-09-20,36.37,36.63,35.765,36.21,6558211,51712,36.184536
2021-09-21,36.18,36.555,35.825,35.94,3873882,33754,36.049832
2021-09-22,36.38,36.6,35.94,36.13,3957640,35944,36.286126
2021-09-23,36.2,36.64,36.1686,36.31,4026309,34604,36.422058
2021-09-24,36.35,36.675,36.28,36.39,3389462,29217,36.481707
2021-09-27,36.48,37.1764,36.42,36.84,4855384,43159,36.903449
2021-09-28,36.79,37.11,36.19,36.62,7228481,55633,36.656884
2021-09-29,36.54,37.79,36.46,37.53,6328725,51401,37.434945
2021-09-30,37.6,37.64,36.8,36.82,4668745,39086,37.052555
2021-10-01,37.02,37.04,36.55,36.68,4136122,37649,36.742953
2021-10-04,36.7,37.3,36.678,36.89,6742629,52749,37.000073
2021-10-05,36.86,37.225,36.8,37.07,3764237,28527,37.067028
2021-10-06,36.95,37.39,36.61,37.35,3559256,34156,37.005208
2021-10-07,37.5,37.765,37.0,37.08,4231561,34735,37.327435
2021-10-08,37.07,37.28,36.705,36.78,3124180,29461,36.895378
2021-10-11,36.9,37.425,36.76,36.78,4457635,33172,36.995087
2021-10-12,36.72,37.05,36.53,36.78,4625092,34234,36.831037
2021-10-13,36.82,37.015,36.32,36.8,3884044,33995,36.757828
2021-10-14,37.07,37.395,36.94,37.26,4000675,33064,37.20597
2021-10-15,37.42,37.541,36.85,36.98,4182760,30816,37.055819
2021-10-18,36.8,37.165,36.6329,36.88,2971052,24214,36.893787
2021-10-19,36.96,36.99,36.32,36.81,3790684,34095,36.616393
2021-10-20,36.74,37.05,36.58,36.92,3447248,32585,36.883522
2021-10-21,36.8,36.89,35.99,36.38,5200721,42588,36.364333
2021-10-22,36.33,36.76,36.3,36.38,3333461,29368,36.426994
2021-10-25,36.38,36.485,36.02,36.22,5637783,44525,36.246149
2021-10-26,36.35,36.87,36.21,36.44,8482475,52992,36.529729
2021-10-27,37.04,37.19,35.59,36.4,7826985,62491,36.340134
2021-10-28,36.3,36.53,35.89,36.48,5760131,50938,36.203899
2021-10-29,36.31,36.62,35.78,35.89,6184898,50064,36.036247
2021-11-01,35.88,36.785,35.79,36.73,5009861,45847,36.480132
2021-11-02,36.74,37.175,36.4865,37.08,5510306,42923,36.886257
2021-11-03,37.19,37.51,36.96,37.42,4850313,39021,37.323238
2021-11-04,37.37,37.51,36.84,37.19,3792722,33458,37.150746
2021-11-05,37.49,38.1999,37.45,37.84,8470073,59889,37.879984
2021-11-08,37.98,38.045,37.07,37.2,5063572,41001,37.390509
2021-11-09,37.15,37.405,37.0,37.35,4068314,37014,37.252143
2021-11-10,37.52,37.84,37.21,37.49,4385410,37903,37.508482
2021-11-11,37.49,37.55,37.22,37.28,3380054,28188,37.343499
2021-11-12,37.31,37.55,37.05,37.22,4518331,30904,37.282643
2021-11-15,37.27,37.738,37.245,37.62,5962375,39717,37.535247
2021-11-16,37.7,37.97,36.985,37.04,5227872,36161,37.260114
2021-11-17,37.04,37.14,36.41,36.56,6961535,43886,36.600131
2021-11-18,35.5,35.58,34.76,35.37,21701484,110489,35.281647
2021-11-19,35.37,35.57,34.98,35.34,8969361,62996,35.288402
2021-11-22,35.33,35.78,35.23,35.47,22906989,99400,35.516153
2021-11-23,35.72,36.06,35.61,35.82,9906041,70749,35.862882
2021-11-24,35.21,35.33,34.86,35.19,7037829,56415,35.101464
2021-11-26,34.9,35.25,34.54,34.83,7357232,45788,34.867143
2021-11-29,34.91,35.0,34.33,34.78,8747212,56757,34.680301
2021-11-30,34.62,34.7,33.505,33.61,15070103,88322,33.766617
2021-12-01,33.88,34.31,32.82,32.88,12181997,77192,33.305933
2021-12-02,32.99,33.47,32.785,33.25,8677532,57392,33.285243
2021-12-03,33.34,33.79,33.305,33.64,8039026,56954,33.56923
2021-12-06,33.89,34.645,33.87,34.27,9643819,65154,34.3581
2021-12-07,34.28,34.59,34.08,34.51,8180943,56359,34.45774
2021-12-08,33.99,34.05,33.14,33.15,17288881,91992,33.364434
2021-12-09,33.05,33.57,33.02,33.47,5834512,42671,33.34251
2021-12-10,33.47,34.16,33.38,34.15,7027271,42133,33.944377
2021-12-13,34.15,34.72,33.99,34.48,8293006,54617,34.411625
2021-12-14,34.5,35.14,34.38,34.78,9729721,59226,34.885429
2021-12-15,34.65,35.0,34.58,34.88,6102404,39401,34.84664
2021-12-16,34.98,36.115,34.835,36.0,11028522,68457,35.834585
2021-12-17,36.06,36.44,35.47,35.51,13606814,65085,35.765678
2021-12-20,35.28,35.33,34.905,35.27,8431355,45514,35.184249
2021-12-21,35.28,35.39,34.91,35.0,5414935,46850,35.11959
2021-12-22,35.0,35.2,34.68,35.11,5462627,36156,35.059853
2021-12-23,35.24,35.455,35.19,35.25,3735532,27772,35.297828
2021-12-27,35.0,35.44,34.93,35.43,3249326,25654,35.304652
2021-12-28,35.29,35.88,35.25,35.86,3597816,24986,35.69751
2021-12-29,35.9,36.05,35.795,35.81,2758071,24834,35.880151
2021-12-30,35.83,36.0,35.63,35.66,3561070,28293,35.723367
2021-12-31,35.56,35.95,35.495,35.9,3804059,26268,35.77553
2022-01-03,35.85,36.17,35.6419,36.14,5955986,37886,35.99165
2022-01-04,36.2,37.22,36.14,36.91,7884703,61886,36.924044
2022-01-05,37.07,37.34,36.75,36.76,6171932,54032,37.037435
2022-01-06,37.03,37.335,36.8,36.83,6030862,41228,36.966392
2022-01-07,36.79,37.42,36.69,37.35,4909842,41317,37.264416
2022-01-10,37.46,37.74,37.12,37.36,8542552,55126,37.372472
2022-01-11,37.35,37.67,36.9,37.59,5568078,42021,37.38183
2022-01-12,37.58,37.65,37.19,37.3,4790981,33595,37.330635
2022-01-13,37.25,37.85,37.22,37.65,6273162,41773,37.63892
2022-01-14,37.53,38.12,37.37,38.02,5344314,38809,37.873446
2022-01-18,37.96,38.08,37.06,37.43,7045366,48988,37.438779
2022-01-19,37.54,37.69,37.075,37.22,5064358,39439,37.364395
2022-01-20,37.37,37.56,36.9525,37.06,5240501,41244,37.23683
2022-01-21,37.18,37.645,36.9,37.0,7504853,50901,37.178176
2022-01-24,36.95,37.19,35.52,36.39,11860536,75951,36.354398
2022-01-25,36.13,36.405,35.6601,36.21,7101895,52132,36.159123
2022-01-26,36.19,36.88,35.855,36.04,7091614,58020,36.16937
2022-01-27,36.14,36.985,35.96,36.09,6258189,50319,36.337583
2022-01-28,35.8,36.07,35.27,36.05,7053180,57860,35.738806
2022-01-31,35.71,35.95,35.2,35.8,10158058,70241,35.642288
2022-02-01,35.71,36.2101,35.45,36.13,5951893,46651,35.900785
2022-02-02,36.17,36.51,35.75,36.38,7367635,53109,36.216535
2022-02-03,36.43,36.65,35.745,35.84,7956786,57202,36.0374
2022-02-04,35.61,35.84,34.7,34.75,12927242,82121,34.945023
2022-02-07,34.87,35.01,34.43,34.72,6585185,46051,34.759794
2022-02-08,34.85,35.12,34.65,34.94,5408552,42243,34.927531
2022-02-09,35.11,35.285,34.845,34.95,5890224,44022,34.991268
2022-02-10,34.82,34.99,34.195,34.29,6533109,49458,34.550735
2022-02-11,34.38,34.95,34.26,34.73,6735568,48371,34.719536
2022-02-14,34.8,34.96,34.0701,34.59,6637790,46156,34.452029
2022-02-15,34.72,34.9575,34.47,34.68,7703008,50930,34.662712
2022-02-16,35.3,37.15,35.05,36.62,14095580,100403,36.436012
2022-02-17,36.59,37.845,36.3,37.79,14761870,94965,37.458352
2022-02-18,37.86,39.095,37.82,38.46,14150208,90282,38.496077
2022-02-22,38.43,40.44,38.06,40.4,20941806,140905,39.805271
2022-02-23,40.4,40.5765,39.85,40.1,13401619,91691,40.200856
2022-02-24,39.48,39.68,38.12,38.98,12725708,108577,38.769208
2022-02-25,39.18,40.095,39.18,39.73,7253950,61221,39.729241
2022-02-28,38.75,39.29,38.75,39.22,6894795,61001,39.109744
2022-03-01,38.98,39.24,38.38,38.68,6398764,54544,38.721733
2022-03-02,38.63,39.31,38.21,39.07,7027904,62342,38.927158
2022-03-03,39.32,40.06,39.3,39.95,8823029,59341,39.774839
2022-03-04,39.45,40.1699,39.14,39.84,6251239,53068,39.822873
2022-03-07,39.49,40.87,39.26,40.15,9526672,76941,40.265981
2022-03-08,39.98,40.46,38.605,38.66,8416158,74662,39.118771
2022-03-09,39.11,39.29,38.0803,38.18,10002165,76423,38.516363
2022-03-10,37.55,37.84,37.15,37.54,5040454,49714,37.461728
2022-03-11,37.73,38.175,37.325,37.36,4532338,44814,37.650277
2022-03-14,37.58,37.96,37.32,37.69,5123518,52391,37.637744
2022-03-15,37.77,38.355,37.49,37.82,7157325,51797,37.886155
2022-03-16,37.74,37.81,37.16,37.68,5408693,56576,37.557221
2022-03-17,37.56,37.88,37.24,37.75,4235408,39347,37.654636
2022-03-18,37.51,37.66,37.075,37.62,9159487,52604,37.484361
2022-03-21,37.59,37.94,37.45,37.62,4908654,44551,37.621371
2022-03-22,37.84,37.98,37.535,37.95,5414874,46716,37.796103
2022-03-23,38.28,38.65,38.0,38.28,5811873,52914,38.28625
2022-03-24,38.27,38.73,38.1105,38.63,4475688,38718,38.557651
2022-03-25,38.68,39.36,38.6,39.29,5051789,43736,39.164766
2022-03-28,39.16,39.42,38.76,39.4,3517180,32820,39.247484
2022-03-29,39.42,39.56,38.99,39.37,4980628,45299,39.27963
2022-03-30,39.27,39.41,38.89,39.4,4439383,37909,39.255095
2022-03-31,39.4,39.6697,39.18,39.39,5143215,34811,39.413878
2022-04-01,39.56,39.96,39.08,39.93,4778487,41538,39.589903
2022-04-04,39.8,39.95,38.9,39.89,3973011,39487,39.657355
2022-04-05,39.9,40.26,39.49,39.59,5417122,44476,39.772957
2022-04-06,39.6,40.325,39.53,40.04,5467588,51550,40.036851
2022-04-07,40.14,41.99,39.82,40.31,8046106,58633,40.298433
2022-04-08,40.5,41.12,40.22,40.94,6545752,50915,40.869956
2022-04-11,41.3,41.66,40.98,41.25,7365707,67115,41.331379
2022-04-12,41.19,41.53,40.89,41.12,5037932,48098,41.175947
2022-04-13,41.12,42.06,41.05,42.0,8180112,69297,41.779414
2022-04-14,42.03,42.4269,41.95,42.29,7293340,56758,42.243243
2022-04-18,42.22,42.415,41.89,42.16,5799160,43520,42.18316
2022-04-19,42.09,42.72,41.9685,42.61,5823812,45233,42.568692
2022-04-20,42.67,43.45,42.56,43.35,5444980,47697,43.268841
2022-04-21,43.34,44.48,43.24,44.0,9174475,72219,44.033146
2022-04-22,44.01,44.29,43.15,43.18,7288564,67202,43.536481
2022-04-25,43.05,43.17,42.07,43.04,6226252,58362,42.732132
2022-04-26,42.92,43.345,42.25,42.31,7335647,62851,42.738105
2022-04-27,42.18,43.3,41.78,42.88,7942416,75326,42.890409
2022-04-28,43.05,43.885,42.83,43.61,7341537,68089,43.562293
2022-04-29,43.41,43.72,42.56,42.63,6945013,60509,42.874844
2022-05-02,42.78,43.05,41.29,41.98,7581223,68678,42.02208
2022-05-03,42.0,42.66,41.505,42.38,6293467,53321,42.217076
2022-05-04,42.36,43.35,42.21,43.32,6433568,59270,43.013164
2022-05-05,42.98,43.52,42.9,43.14,7030330,62694,43.163195
