Date,Open,High,Low,Close,volume,trade_count,vwap
2020-12-31,14.77,15.05,14.55,15.01,3032222,18344,14.892265
2021-01-04,15.02,15.14,14.295,14.33,4784396,29026,14.423151
2021-01-05,14.36,14.62,14.275,14.41,3135780,19728,14.45816
2021-01-06,14.59,15.32,14.575,15.18,4793070,31695,15.102011
2021-01-07,15.27,15.31,15.05,15.25,5494092,24716,15.213074
2021-01-08,15.25,15.49,15.06,15.44,4040116,23273,15.36148
2021-01-11,15.48,15.58,15.16,15.22,6294477,24612,15.305933
2021-01-12,15.21,15.57,15.14,15.5,3153009,18356,15.425698
2021-01-13,15.52,15.93,15.52,15.92,7043632,27657,15.824354
2021-01-14,16.0,16.47,15.91,16.39,4171042,25677,16.300234
2021-01-15,16.31,16.55,16.0,16.47,6851359,40196,16.366381
2021-01-19,16.56,16.61,16.215,16.53,4887386,26688,16.447945
2021-01-20,16.53,17.075,16.48,16.84,5612268,26152,16.862359
2021-01-21,16.69,16.74,16.24,16.58,6713209,37051,16.47986
2021-01-22,16.43,16.715,16.095,16.66,5289599,35282,16.472265
2021-01-25,16.53,17.31,16.47,17.04,5118153,32498,16.986733
2021-01-26,17.18,17.365,16.98,17.27,4725108,29704,17.18007
2021-01-27,17.06,17.505,16.87,17.27,7310622,46735,17.233696
2021-01-28,17.34,17.985,17.27,17.5,7701585,46522,17.607273
2021-01-29,17.39,17.42,16.38,16.51,12814280,59282,16.711909
2021-02-01,16.61,16.61,15.91,16.35,5804773,36504,16.162097
2021-02-02,16.4,16.41,16.125,16.29,4203893,27322,16.276005
2021-02-03,16.19,16.37,15.97,16.3,6373309,20371,16.21863
2021-02-04,16.39,16.9,16.31,16.7,4187921,24729,16.697645
2021-02-05,16.93,17.0,16.695,16.72,2062948,12956,16.788162
2021-02-08,16.76,17.1,16.66,17.05,3388578,16413,16.987085
2021-02-09,17.14,17.19,16.98,17.19,2568712,15828,17.114529
2021-02-10,17.37,17.885,17.29,17.63,6218980,37627,17.539177
2021-02-11,17.63,18.1,17.59,17.95,6265481,25321,17.869905
2021-02-12,17.9,18.22,17.815,18.03,5216166,30849,18.01948
2021-02-16,18.02,18.16,17.525,17.63,5407363,27826,17.67393
2021-02-17,17.65,17.85,17.51,17.81,3877385,22718,17.694114
2021-02-18,17.71,18.015,17.69,17.87,3419590,21275,17.853257
2021-02-19,17.96,18.16,17.61,17.67,8015912,31126,17.766671
2021-02-22,17.66,18.265,17.66,18.2,9733472,48071,18.039164
2021-02-23,18.52,18.675,18.1989,18.55,4845865,31909,18.483596
2021-02-24,18.53,19.22,18.35,19.15,4848638,31912,18.975103
2021-02-25,19.27,19.44,18.44,18.62,5543014,37210,18.929875
2021-02-26,18.49,18.72,18.11,18.33,4911852,28573,18.384566
2021-03-01,18.8,19.08,18.53,18.57,3740262,26048,18.757285
2021-03-02,18.46,18.47,18.0,18.15,4534597,26126,18.155586
2021-03-03,18.23,19.025,18.16,18.74,5449224,30236,18.723335
2021-03-04,18.97,19.19,18.15,18.63,5693379,36416,18.618943
2021-03-05,18.67,19.07,18.16,19.02,3728721,28937,18.679064
2021-03-08,19.26,19.73,18.93,19.6,4688053,29513,19.501702
2021-03-09,19.38,19.395,18.77,19.13,6876996,43046,19.147107
2021-03-10,19.17,19.475,18.83,19.24,5406023,35875,19.127791
2021-03-11,19.24,19.521,19.02,19.35,3134921,20946,19.334014
2021-03-12,19.46,19.7,19.255,19.69,6238628,26807,19.564639
2021-03-15,19.71,19.81,19.175,19.72,3952737,25176,19.61083
2021-03-16,19.72,19.73,18.99,19.1,4571610,26101,19.154974
2021-03-17,19.13,19.44,19.01,19.38,4628641,25406,19.312879
2021-03-18,19.43,19.6,18.99,19.12,3719026,26731,19.275018
2021-03-19,19.08,19.325,18.79,18.82,7423796,30762,18.951826
2021-03-22,18.75,18.7518,18.285,18.49,3385014,22528,18.469236
2021-03-23,18.34,18.565,17.885,18.07,5762471,20935,18.109961
2021-03-24,18.14,18.715,18.14,18.26,4598406,29230,18.427505
2021-03-25,18.09,19.1,17.93,19.01,4990413,36706,18.733327
2021-03-26,19.2,19.405,18.83,19.21,3683322,27399,19.131852
2021-03-29,19.11,19.13,18.54,18.88,3506408,21662,18.848204
2021-03-30,19.05,19.295,18.865,19.2,2868693,20094,19.146751
2021-03-31,19.09,19.2,18.74,18.75,3482196,19392,18.857701
2021-04-01,18.91,19.2,18.74,19.2,3952778,24579,19.001713
2021-04-05,19.28,19.42,18.795,19.05,2758383,14746,19.008684
2021-04-06,19.03,19.425,18.87,19.4,2733456,18231,19.313251
2021-04-07,19.46,19.53,19.09,19.4,2350862,15451,19.302962
2021-04-08,19.27,19.489,19.19,19.42,3319412,16147,19.3867
2021-04-09,19.51,19.51,19.31,19.4,2712255,17448,19.415798
2021-04-12,19.45,19.495,19.13,19.45,2761061,15586,19.366743
2021-04-13,19.45,19.69,19.205,19.67,4213551,19474,19.531666
2021-04-14,19.73,19.959,19.445,19.48,2456361,17521,19.632106
2021-04-15,19.34,19.93,19.07,19.93,14230705,84015,19.561867
2021-04-16,20.06,20.1101,19.61,19.72,11190592,61508,19.7873
2021-04-19,19.74,19.9,19.21,19.87,9318283,45474,19.720872
2021-04-20,19.78,20.08,19.5,19.79,6519407,41172,19.711932
2021-04-21,19.71,20.23,19.5,20.18,6104099,35797,20.047028
2021-04-22,20.23,20.61,20.0,20.03,8984583,44247,20.24664
2021-04-23,20.03,20.5,19.88,20.37,8393709,30717,20.298837
2021-04-26,20.57,20.83,20.49,20.58,4821657,30595,20.635019
2021-04-27,20.63,21.06,20.44,20.76,6055378,34839,20.826682
2021-04-28,20.78,21.295,20.715,20.89,5948599,37027,21.033397
2021-04-29,21.04,21.43,20.995,21.22,5059063,35937,21.232769
2021-04-30,21.09,21.2,20.76,21.0,7102416,34165,20.998027
2021-05-03,21.11,21.22,20.91,21.03,7194617,34245,21.024164
2021-05-04,21.07,21.35,20.87,21.09,4787904,32395,21.034397
2021-05-05,21.09,21.105,20.4742,20.57,4658395,29721,20.663726
2021-05-06,20.66,20.97,20.44,20.94,4683707,29169,20.800859
2021-05-07,20.84,21.48,20.7,21.46,4404530,24406,21.352579
2021-05-10,21.69,21.86,21.41,21.43,6237310,29187,21.54768
2021-05-11,21.06,21.23,20.83,21.08,3605540,27132,21.007542
2021-05-12,21.1,21.28,20.42,20.46,4374094,29143,20.743741
2021-05-13,20.46,21.0,20.43,20.86,3933783,28590,20.823127
2021-05-14,20.93,21.33,20.93,21.23,3157493,20741,21.199309
2021-05-17,21.26,21.3,21.03,21.11,3194158,21622,21.14241
2021-05-18,21.06,21.33,20.77,20.78,6097229,31468,20.99268
2021-05-19,20.58,20.615,20.05,20.49,6518743,33596,20.39553
2021-05-20,20.45,20.53,20.07,20.25,7411283,38251,20.229015
2021-05-21,20.29,20.52,20.23,20.37,3685592,25710,20.375171
2021-05-24,20.53,20.75,20.33,20.63,3309357,20227,20.578248
2021-05-25,20.66,20.965,20.49,20.53,4145760,22093,20.693651
2021-05-26,20.53,20.9,20.485,20.76,4211227,23363,20.757787
2021-05-27,21.1,21.24,20.89,20.97,3906415,21571,21.041786
2021-05-28,21.07,21.395,20.885,21.31,4093084,25307,21.241299
2021-06-01,21.39,21.85,21.32,21.8,3732206,25820,21.701343
2021-06-02,21.91,22.31,21.68,22.24,4787935,30871,22.109403
2021-06-03,22.23,22.28,22.0,22.17,3663579,25018,22.157575
2021-06-04,22.18,22.24,21.72,21.75,3647745,27368,21.813708
2021-06-07,21.82,22.15,21.7699,22.08,4184536,23343,22.049097
2021-06-08,21.97,22.23,21.92,22.16,3634949,24729,22.135653
2021-06-09,22.31,22.31,22.04,22.16,2778101,18817,22.188353
2021-06-10,22.22,22.27,21.84,21.98,3112365,18195,22.035203
2021-06-11,22.04,22.14,21.77,22.1,3403664,19205,22.016226
2021-06-14,22.07,22.25,21.58,21.72,3632869,18388,21.765037
2021-06-15,21.62,21.8,21.31,21.37,3479898,24371,21.434443
2021-06-16,21.29,21.555,21.175,21.25,2904661,22222,21.333138
2021-06-17,21.27,21.3,20.5,20.8,3115599,22162,20.791634
2021-06-18,20.6,20.74,20.29,20.33,6209078,25645,20.420262
2021-06-21,20.49,21.095,20.39,21.02,5927920,31804,20.997577
2021-06-22,20.98,21.035,20.475,20.56,3998569,30895,20.621583
2021-06-23,20.61,20.85,20.54,20.71,3554027,22371,20.720797
2021-06-24,20.82,20.84,20.445,20.66,3168729,20869,20.62895
2021-06-25,20.66,21.155,20.6,21.08,5086839,23961,21.013632
2021-06-28,21.09,21.09,20.62,20.84,5866805,31012,20.792379
2021-06-29,20.92,21.18,20.79,20.8,2788134,22833,20.919348
2021-06-30,20.71,21.015,20.69,20.85,3883299,29961,20.886056
2021-07-01,20.94,21.27,20.8,21.08,4016568,29352,21.115761
2021-07-02,21.17,21.2649,20.81,20.89,4627197,20838,20.925295
2021-07-06,20.77,20.88,20.33,20.67,5851546,31556,20.582176
2021-07-07,20.48,20.94,20.34,20.76,6048261,30577,20.705033
2021-07-08,20.42,20.8,20.27,20.5,4934169,29766,20.488424
2021-07-09,20.79,21.24,20.71,21.21,3562453,27131,21.059103
2021-07-12,21.05,21.48,20.92,21.42,3629784,17651,21.379755
2021-07-13,21.31,21.42,20.9,20.97,3488029,22978,21.032293
2021-07-14,20.99,21.425,20.955,21.39,4898100,27996,21.282424
2021-07-15,21.28,21.4,21.11,21.19,7957801,37971,21.21563
2021-07-16,21.29,21.55,21.07,21.12,6605384,37727,21.271841
2021-07-19,20.61,20.73,19.535,19.57,11510127,60899,19.814245
2021-07-20,19.68,21.01,19.61,20.84,5480061,38336,20.618175
2021-07-21,21.04,21.53,21.01,21.25,5233981,33036,21.318676
2021-07-22,21.1,21.2,20.47,20.59,3432648,23980,20.642649
2021-07-23,20.7,20.99,20.49,20.81,3396451,24248,20.775598
2021-07-26,20.76,21.18,20.65,20.82,5343716,33356,20.809034
2021-07-27,20.68,20.99,20.54,20.72,6248011,42616,20.740874
2021-07-28,20.84,20.99,20.51,20.77,5606704,37715,20.740376
2021-07-29,20.83,21.89,20.825,21.23,6740936,49421,21.470273
2021-07-30,21.28,21.72,21.185,21.33,6749805,43354,21.373458
2021-08-02,21.53,21.98,21.27,21.29,5746316,38987,21.484823
2021-08-03,21.43,21.53,20.75,20.78,39239184,81383,20.838522
2021-08-04,20.64,21.18,20.47,20.54,7970184,51938,20.754732
2021-08-05,20.78,21.44,20.77,21.41,7669258,41906,21.263901
2021-08-06,21.62,22.005,21.5,21.85,7368827,42947,21.840926
2021-08-09,21.77,21.87,21.53,21.75,5907487,37651,21.740541
2021-08-10,21.73,21.98,21.51,21.73,6016886,35916,21.792195
2021-08-11,21.88,22.32,21.58,22.3,5281252,28718,22.145271
2021-08-12,22.37,22.45,21.645,21.97,5394790,32040,21.884449
2021-08-13,22.06,22.11,21.825,22.04,3338872,21387,22.015506
2021-08-16,21.91,21.965,21.53,21.63,5157569,29668,21.652972
2021-08-17,21.42,21.5,21.03,21.36,4951665,29051,21.296952
2021-08-18,21.23,21.44,20.98,21.12,5917957,37258,21.253202
2021-08-19,20.96,21.29,20.705,21.07,5525906,29803,20.990492
2021-08-20,20.97,21.43,20.79,21.32,5244153,27261,21.258599
2021-08-23,21.47,21.66,21.21,21.38,5564814,23686,21.374124
2021-08-24,21.57,21.77,21.44,21.63,4376249,29016,21.638411
2021-08-25,21.7,22.12,21.52,22.0,6301281,36448,22.011527
2021-08-26,21.99,22.02,21.59,21.62,4467669,22028,21.701595
2021-08-27,21.83,22.18,21.78,21.92,5817560,34477,21.991678
2021-08-30,21.94,22.02,21.55,21.83,3559484,25719,21.719295
2021-08-31,21.69,21.965,21.655,21.79,4408068,26192,21.803516
2021-09-01,21.85,22.1,21.64,22.03,5307837,31561,21.983859
2021-09-02,22.18,22.2,21.77,22.08,4645695,31349,22.018509
2021-09-03,22.04,22.2,21.84,22.13,4901821,28630,22.015974
2021-09-07,22.13,22.13,21.705,21.81,4082539,28267,21.849474
2021-09-08,21.58,21.92,21.47,21.68,3041848,21924,21.705069
2021-09-09,21.47,21.615,21.36,21.43,4296865,25218,21.499781
2021-09-10,21.57,21.62,21.1,21.12,4714692,28639,21.268855
2021-09-13,21.35,22.08,21.2,21.91,4688381,31144,21.828573
2021-09-14,21.98,22.065,21.58,21.73,4209031,26147,21.763296
2021-09-15,21.72,22.03,21.66,21.88,5779661,31444,21.875635
2021-09-16,21.88,22.25,21.75,22.08,5298289,29047,22.097016
2021-09-17,22.08,22.25,21.69,21.72,8040886,22646,21.797136
2021-09-20,21.23,21.61,21.055,21.39,5256715,33296,21.330017
2021-09-21,21.6,21.75,21.41,21.42,3807116,24089,21.515253
2021-09-22,21.59,22.0259,21.47,21.84,3238495,24925,21.859619
2021-09-23,21.94,22.2,21.82,21.86,4357634,27317,21.948115
2021-09-24,21.72,21.95,21.575,21.6,2574236,16047,21.679032
2021-09-27,21.74,22.04,21.49,21.53,3399256,21556,21.738853
2021-09-28,21.47,21.58,21.25,21.33,8709498,30307,21.335466
2021-09-29,21.53,21.55,21.315,21.45,3717327,23971,21.436442
2021-09-30,21.53,21.53,20.75,20.75,5305550,29304,20.922376
2021-10-01,20.93,21.855,20.81,21.74,3757430,25385,21.529799
2021-10-04,21.69,21.94,21.59,21.77,4309823,22772,21.747931
2021-10-05,21.8,21.87,21.4,21.48,3648014,21158,21.557954
2021-10-06,21.26,21.64,20.875,21.63,4209916,27071,21.274948
2021-10-07,21.8,22.17,21.71,21.81,3626154,23271,21.93354
2021-10-08,21.84,22.11,21.72,21.72,2692183,18996,21.846984
2021-10-11,21.7,21.89,21.53,21.82,3098060,18138,21.77654
2021-10-12,21.79,22.11,21.7,22.08,3837722,19718,21.998459
2021-10-13,21.99,22.43,21.84,22.36,3777114,21822,22.237974
2021-10-14,22.5,22.66,22.325,22.39,4793347,22333,22.481852
2021-10-15,22.6,22.735,22.5,22.51,4521420,22648,22.570895
2021-10-18,22.4,22.94,22.35,22.93,4959105,25241,22.793255
2021-10-19,22.96,22.96,22.61,22.64,4755440,27910,22.726155
2021-10-20,22.59,23.25,22.58,23.24,4036730,24124,23.077338
2021-10-21,23.25,23.28,22.765,22.86,3057023,17476,22.948915
2021-10-22,22.92,23.165,22.77,22.96,2347116,16356,22.970501
2021-10-25,22.96,23.22,22.82,23.2,3130745,16841,23.121397
2021-10-26,23.27,23.355,23.08,23.28,2789872,18945,23.258452
2021-10-27,23.34,23.35,22.66,22.68,3767447,23521,22.857999
2021-10-28,22.59,22.75,22.3,22.74,4891342,28834,22.564641
2021-10-29,22.64,22.79,22.46,22.6,4432973,21461,22.624831
2021-11-01,22.71,22.95,22.45,22.89,3201148,22150,22.7466
2021-11-02,23.18,23.525,22.97,23.45,4341026,28093,23.307019
2021-11-03,23.38,24.18,23.38,24.01,4298552,32370,23.966606
2021-11-04,24.01,24.01,23.21,23.41,7259196,42420,23.577398
2021-11-05,24.43,24.95,24.0,24.34,4593382,31509,24.35141
2021-11-08,24.35,24.35,23.11,23.32,4049606,27369,23.466867
2021-11-09,23.34,23.66,23.22,23.25,2650170,18575,23.359878
2021-11-10,23.11,23.655,23.11,23.41,3290282,21205,23.45344
2021-11-11,23.43,23.83,23.32,23.8,2324070,16319,23.704548
2021-11-12,23.82,23.9,23.47,23.54,2735354,17648,23.590396
2021-11-15,23.75,24.0,23.68,23.87,2809291,19858,23.870202
2021-11-16,23.78,23.785,23.29,23.57,3403705,22626,23.519263
2021-11-17,23.45,23.85,23.13,23.83,2833584,18061,23.659593
2021-11-18,23.96,24.2,23.8,24.08,3564084,23869,24.044329
2021-11-19,23.96,24.01,23.685,23.87,3545263,16737,23.871035
2021-11-22,24.45,24.46,24.075,24.14,3689162,23605,24.211098
2021-11-23,24.08,24.43,24.02,24.18,2491861,15805,24.226754
2021-11-24,24.15,24.445,24.01,24.38,1922235,13893,24.294654
2021-11-26,23.45,23.59,22.805,23.24,2489955,19006,23.202749
2021-11-29,23.68,23.7,22.885,23.28,5566063,35285,23.296395
2021-11-30,22.96,22.96,22.39,22.42,7118176,30029,22.513792
2021-12-01,23.06,23.37,21.97,22.0,4637649,32023,22.581641
2021-12-02,22.29,23.3,22.2,23.13,5458353,31387,23.022807
2021-12-03,23.12,23.21,22.61,22.86,4889087,30841,22.83647
2021-12-06,23.23,23.715,23.15,23.4,5204378,33530,23.459022
2021-12-07,23.59,23.935,23.44,23.61,3497201,22120,23.688293
2021-12-08,23.49,23.81,23.4,23.65,3844310,22353,23.655954
2021-12-09,23.4,23.48,23.155,23.19,3560650,22485,23.271663
2021-12-10,23.44,23.47,22.805,22.96,4456911,28644,22.945512
2021-12-13,22.89,23.08,22.61,22.96,3131166,23627,22.862146
2021-12-14,22.96,23.06,22.6,22.64,4279166,25865,22.716759
2021-12-15,22.65,22.85,22.2,22.81,4592429,33621,22.567585
2021-12-16,22.89,23.18,22.63,22.75,3798693,26598,22.851685
2021-12-17,22.79,22.98,22.485,22.82,8171280,30823,22.821717
2021-12-20,22.39,22.46,21.895,22.25,3687839,25834,22.177639
2021-12-21,22.53,23.44,22.435,23.39,3441626,23069,23.269957
2021-12-22,23.34,23.705,23.26,23.55,3004199,16818,23.555324
2021-12-23,23.67,23.81,23.5,23.69,2289109,15445,23.634044
2021-12-27,23.64,24.06,23.42,24.03,2156182,13457,23.895358
2021-12-28,23.96,24.19,23.86,24.1,2460588,18777,24.05892
2021-12-29,24.11,24.32,23.89,24.25,2248057,18058,24.207995
2021-12-30,24.24,24.67,24.19,24.52,2461368,16616,24.526619
2021-12-31,24.5,24.89,24.46,24.65,2407064,15749,24.718459
2022-01-03,24.57,24.94,24.38,24.58,3478090,26388,24.55404
2022-01-04,24.81,25.35,24.8,25.23,2962023,22345,25.182521
2022-01-05,25.54,25.57,24.71,24.76,3445581,28913,25.069136
2022-01-06,24.96,25.15,24.7,24.92,3202815,24288,24.926823
2022-01-07,24.88,25.02,24.71,24.75,4470500,29995,24.826929
2022-01-10,24.84,25.15,24.49,25.13,4136282,32279,24.847882
2022-01-11,25.15,25.28,24.48,25.04,2678699,22256,24.946006
2022-01-12,25.05,25.2693,24.97,25.12,2627718,22546,25.091584
2022-01-13,25.25,25.62,25.17,25.23,4032655,27124,25.352933
2022-01-14,25.1,25.27,24.655,25.01,4223123,26401,24.918866
2022-01-18,24.89,24.995,24.585,24.85,6046689,38071,24.818684
2022-01-19,24.93,25.02,24.21,24.22,3939596,25978,24.397476
2022-01-20,24.14,24.58,23.66,23.66,4519765,29493,24.055556
2022-01-21,23.62,23.98,23.47,23.69,5520352,40888,23.705787
2022-01-24,23.22,23.845,22.74,23.77,5965566,45560,23.279244
2022-01-25,23.44,24.37,23.162,24.23,7930543,62277,23.910489
2022-01-26,24.45,24.9327,23.785,24.03,6400399,49964,24.311093
2022-01-27,24.24,24.46,23.335,23.4,6928876,47407,23.699111
2022-01-28,23.34,24.22,23.1,24.2,6540431,46361,23.684965
2022-01-31,23.94,24.28,23.69,24.26,5941300,38087,24.111735
2022-02-01,24.17,24.38,23.94,24.16,3533132,28083,24.199081
2022-02-02,24.23,24.605,24.2,24.53,4121710,28634,24.47879
2022-02-03,24.34,24.495,24.02,24.04,3906298,26164,24.195511
2022-02-04,23.82,24.21,23.43,23.83,4899514,31989,23.822365
2022-02-07,23.9,24.115,23.74,23.8,6075221,38200,23.870549
2022-02-08,24.08,24.315,23.89,24.12,5069803,29628,24.141163
2022-02-09,24.42,24.76,24.42,24.7,4873577,33785,24.633524
2022-02-10,24.52,25.11,23.975,24.14,7262245,55643,24.49176
2022-02-11,24.31,24.72,23.63,23.95,7408088,47421,24.092106
2022-02-14,23.96,24.1,23.235,23.3,5662036,39331,23.427504
2022-02-15,23.6,23.905,23.5,23.73,6078795,36495,23.742268
2022-02-16,23.82,24.285,23.72,24.27,5403166,38069,24.093818
2022-02-17,24.11,24.29,23.81,23.88,4756097,32764,23.997572
2022-02-18,23.8,24.24,23.635,23.8,6308631,34069,23.834434
2022-02-22,23.76,24.01,23.41,23.67,7080497,50013,23.696049
2022-02-23,23.84,24.115,23.11,23.18,5539346,38269,23.424295
2022-02-24,22.6,23.94,22.49,23.82,9944714,70869,23.299294
2022-02-25,23.9476,24.445,23.82,24.42,6505267,40597,24.265788
2022-02-28,24.08,24.35,23.415,23.53,41278635,76868,23.599289
2022-03-01,23.4,23.55,22.72,22.92,7504611,54950,23.038831
2022-03-02,23.12,23.94,23.05,23.77,6223045,41658,23.721213
2022-03-03,23.91,24.02,23.6,23.88,4296256,29964,23.85448
2022-03-04,23.46,23.75,23.225,23.73,4241195,30213,23.568532
2022-03-07,23.67,23.81,23.17,23.17,4561796,33917,23.388074
2022-03-08,23.26,23.99,23.15,23.68,4934782,36323,23.633484
2022-03-09,24.0754,24.305,23.91,23.93,3603235,30377,24.097797
2022-03-10,23.63,23.9,23.3101,23.85,2767230,22947,23.716775
2022-03-11,24.08,24.21,23.68,23.71,2953387,25522,23.851078
2022-03-14,24.05,24.18,23.15,23.25,3088164,23639,23.417246
2022-03-15,23.53,23.67,23.27,23.65,4009465,27019,23.528916
2022-03-16,23.96,24.19,23.23,23.87,3865954,27910,23.786124
2022-03-17,23.63,23.95,23.545,23.88,2644159,21208,23.818028
2022-03-18,23.71,24.03,23.57,24.02,6737337,22241,23.920637
2022-03-21,24.11,24.2,23.75,23.95,2960068,26727,23.902613
2022-03-22,24.25,24.575,24.21,24.41,3764842,23793,24.387829
2022-03-23,24.28,24.4,23.99,24.02,3136570,23684,24.106942
2022-03-24,24.02,24.13,23.841,24.09,3358681,23075,24.03301
2022-03-25,24.15,24.49,24.12,24.38,4018175,26947,24.328364
2022-03-28,24.38,24.5,24.1,24.38,4342841,25018,24.36135
2022-03-29,24.75,25.365,24.545,25.36,5127207,31997,25.091742
2022-03-30,25.11,25.27,24.89,25.0,2866546,19222,25.058602
2022-03-31,25.08,25.21,24.7,24.7,5447162,27609,24.893547
2022-04-01,24.85,24.89,24.445,24.79,3814389,24359,24.688311
2022-04-04,24.75,24.89,24.375,24.61,2574344,18028,24.54756
2022-04-05,24.54,24.865,24.05,24.15,3766395,24161,24.309025
2022-04-06,24.04,24.28,23.775,24.17,3576770,26791,24.114066
2022-04-07,24.03,24.21,23.57,24.03,5011432,36330,23.909945
2022-04-08,24.13,24.395,23.995,24.35,2117874,17107,24.291656
2022-04-11,24.34,24.575,24.24,24.47,4041249,24668,24.437803
2022-04-12,24.42,24.76,24.315,24.41,2874546,22598,24.487157
2022-04-13,24.41,25.095,24.41,25.05,3265917,24344,24.889601
2022-04-14,25.15,25.38,25.065,25.13,3385023,23778,25.179528
2022-04-18,25.15,25.32,24.97,25.11,2190286,20635,25.139928
2022-04-19,25.24,25.905,25.24,25.8,4477919,34205,25.713034
2022-04-20,25.95,26.33,25.94,26.22,4141120,33959,26.18301
2022-04-21,26.41,26.53,25.93,25.96,3424219,24563,26.11987
2022-04-22,25.89,25.9165,25.42,25.44,3262943,21755,25.552
2022-04-25,25.34,25.7,24.8,25.62,3999926,33845,25.354432
2022-04-26,25.58,25.855,25.12,25.18,4442128,29139,25.349237
2022-04-27,25.37,25.68,25.02,25.24,4710509,36723,25.387547
2022-04-28,25.26,26.565,25.17,26.35,4596947,34402,26.074363
2022-04-29,26.15,26.3,25.26,25.33,7254748,38344,25.641341
2022-05-02,25.4,25.52,24.01,24.62,6410943,55810,24.547619
2022-05-03,24.72,25.205,24.345,25.05,4292800,33650,24.915236
2022-05-04,25.03,25.36,24.69,25.31,5982885,39563,25.122035
2022-05-05,25.25,25.285,23.935,24.2,5769410,44413,24.430893
