Date,Open,High,Low,Close,volume,trade_count,vwap
2020-12-31,31.59,31.83,31.385,31.76,7089095,41460,31.610364
2021-01-04,31.77,32.26,31.705,32.13,11297452,63879,32.081911
2021-01-05,32.01,32.28,31.7299,31.9,9001497,50611,31.95412
2021-01-06,32.04,32.7,32.0,32.21,11872154,62927,32.261928
2021-01-07,31.75,32.41,31.7,31.82,9479338,59722,32.009056
2021-01-08,31.87,31.92,31.43,31.63,9175398,57365,31.595596
2021-01-11,31.68,32.03,31.59,31.76,8842613,44248,31.841694
2021-01-12,32.08,32.35,31.5,31.52,10568448,58100,31.795192
2021-01-13,31.59,32.12,31.44,31.99,8671751,47094,31.799771
2021-01-14,32.07,33.44,31.915,33.14,20648116,111121,32.884962
2021-01-15,33.1,34.22,32.86,33.7,14722567,84030,33.782588
2021-01-19,33.7,33.73,33.05,33.62,9645287,58913,33.495401
2021-01-20,32.86,33.17,32.53,33.07,10878520,58284,32.935713
2021-01-21,33.01,33.45,32.89,33.21,8580460,49497,33.226387
2021-01-22,33.39,33.715,32.77,33.56,9458159,46596,33.395615
2021-01-25,33.5,37.03,33.35,34.57,32565425,177753,35.349154
2021-01-26,34.51,37.165,34.42,37.07,24964993,136057,36.129793
2021-01-27,37.29,42.99,37.02,38.75,40043244,240292,39.042289
2021-01-28,37.68,39.43,34.755,35.38,28535203,179646,36.426028
2021-01-29,35.66,36.58,34.45,34.5,17188897,120256,35.22365
2021-02-01,34.51,34.94,33.285,33.7,13036742,92413,33.759739
2021-02-02,33.59,33.6,32.84,33.1,11143287,75908,33.224603
2021-02-03,33.36,33.99,32.86,33.96,10188665,61758,33.583307
2021-02-04,33.96,34.17,33.41,33.45,8426201,55453,33.642697
2021-02-05,33.34,33.755,33.09,33.15,8367645,56301,33.365277
2021-02-08,33.22,33.63,33.1,33.28,8826909,54809,33.35343
2021-02-09,33.33,33.798,33.3,33.59,10256148,53011,33.529481
2021-02-10,33.79,33.98,33.415,33.61,7172609,48564,33.629358
2021-02-11,33.49,33.66,33.34,33.4,6119892,39487,33.470291
2021-02-12,33.49,34.01,33.33,33.95,7025066,47979,33.78732
2021-02-16,34.04,34.18,33.505,33.66,8262787,54456,33.768863
2021-02-17,33.88,34.4,33.55,34.37,7081178,50240,34.151269
2021-02-18,33.8,34.26,33.5,33.84,7997620,56477,33.934117
2021-02-19,33.91,34.385,33.89,34.02,7545271,45307,34.094181
2021-02-22,34.05,34.1999,33.13,33.59,7199198,49748,33.54782
2021-02-23,32.5,33.275,32.3,33.03,9732258,75630,32.878722
2021-02-24,33.38,33.57,32.59,32.75,6994186,53830,32.829005
2021-02-25,32.95,33.38,32.365,32.41,8040196,64482,32.83076
2021-02-26,32.57,32.825,32.17,32.21,8254473,54755,32.390859
2021-03-01,32.07,33.125,32.0,32.89,9789859,68138,32.873629
2021-03-02,32.69,33.26,32.3046,32.56,11486863,67993,32.661944
2021-03-03,32.51,33.33,32.185,33.25,11354287,72476,32.982322
2021-03-04,34.0,34.64,33.14,34.09,16866685,117030,34.00957
2021-03-05,34.4,35.33,34.125,34.44,16962125,138633,34.65576
2021-03-08,34.64,35.25,34.51,34.74,11357678,80787,34.945706
2021-03-09,34.75,35.17,34.42,34.46,9017096,71038,34.698136
2021-03-10,34.57,35.51,34.21,35.24,9629844,70862,35.031778
2021-03-11,35.28,35.5,34.83,34.94,9214956,62728,35.062478
2021-03-12,35.0,35.6,34.93,35.46,10914034,69528,35.350978
2021-03-15,35.54,36.195,35.37,35.87,11783023,80213,35.815393
2021-03-16,35.73,35.955,35.59,35.82,7327028,46074,35.814818
2021-03-17,35.81,35.89,35.05,35.28,9266470,58640,35.329282
2021-03-18,34.75,35.22,34.52,34.69,9321270,62922,34.740895
2021-03-19,34.89,35.58,34.855,35.4,12295646,56419,35.350387
2021-03-22,35.35,36.21,35.2,36.19,8064450,53444,35.910491
2021-03-23,36.02,37.05,35.76,36.64,10463542,73394,36.584243
2021-03-24,36.53,36.71,35.63,35.71,11097924,77554,36.135629
2021-03-25,35.86,36.57,35.74,36.49,7091421,60290,36.259555
2021-03-26,36.75,37.39,36.44,37.23,9376300,70727,37.123666
2021-03-29,37.23,38.13,37.23,37.95,9646137,61665,37.86715
2021-03-30,37.85,38.31,37.71,38.08,10591434,77373,37.987936
2021-03-31,37.98,38.02,35.97,35.99,18974058,122774,36.530564
2021-04-01,35.96,36.345,35.54,35.95,11914361,91827,35.987653
2021-04-05,36.12,36.965,36.0,36.73,9512648,57212,36.684754
2021-04-06,36.64,37.15,36.45,36.89,12823805,73737,36.817616
2021-04-07,36.95,37.435,36.84,37.15,11790167,64167,37.186647
2021-04-08,37.19,37.375,36.95,37.23,9522662,52840,37.217559
2021-04-09,37.36,37.95,37.3,37.78,7589283,51220,37.672323
2021-04-12,37.95,38.17,37.58,37.97,6311573,53540,37.882533
2021-04-13,38.08,38.36,37.495,37.58,9746466,60507,37.915299
2021-04-14,37.57,37.69,36.82,37.24,5886476,47226,37.175173
2021-04-15,37.39,37.62,36.97,37.19,5822200,51924,37.196153
2021-04-16,37.39,37.39,37.09,37.11,5785349,42901,37.215974
2021-04-19,37.2,37.68,36.92,37.43,5831586,44747,37.424401
2021-04-20,37.55,38.31,37.43,37.76,7145895,60802,37.887427
2021-04-21,37.83,38.39,37.775,37.91,5499020,44825,37.986648
2021-04-22,37.91,38.005,37.365,37.43,6608134,54199,37.591338
2021-04-23,37.33,37.45,36.831,37.35,5827747,41692,37.248069
2021-04-26,37.4,37.4,36.131,36.54,8996480,61983,36.578895
2021-04-27,36.51,36.99,36.51,36.77,6300715,41269,36.814436
2021-04-28,36.88,37.05,36.625,36.65,5608977,32171,36.75946
2021-04-29,36.7,37.17,36.68,37.06,5313722,40185,36.972678
2021-04-30,37.15,37.22,36.48,36.54,9003609,47481,36.682931
2021-05-03,36.65,37.575,36.6,37.38,6910585,53155,37.320932
2021-05-04,36.45,36.79,35.6,35.89,10607804,73166,35.920153
2021-05-05,35.94,36.53,35.79,36.47,7230581,50424,36.275861
2021-05-06,36.62,38.09,36.465,37.69,10403878,75348,37.535048
2021-05-07,37.54,37.88,37.29,37.73,8043446,57752,37.664187
2021-05-10,37.86,39.07,37.832,38.89,9051410,66000,38.683684
2021-05-11,38.8,39.26,38.23,38.42,14746511,77970,38.648112
2021-05-12,38.34,38.4,36.59,36.63,9704160,72917,37.173774
2021-05-13,36.45,37.2,36.41,36.81,6699126,52986,36.892963
2021-05-14,36.97,37.465,36.81,37.19,6055194,51179,37.213986
2021-05-17,37.4,38.135,37.27,37.39,5950192,52094,37.536369
2021-05-18,37.52,37.83,36.875,37.2,8218544,60165,37.17466
2021-05-19,36.92,37.07,36.21,36.4,7416386,54354,36.461077
2021-05-20,36.3,36.5,35.91,36.36,4508582,40914,36.299365
2021-05-21,36.26,36.87,36.25,36.59,8621531,41803,36.632261
2021-05-24,36.62,37.175,36.46,36.6,5077092,35962,36.800949
2021-05-25,36.6,36.7,36.33,36.46,4040668,33951,36.48459
2021-05-26,36.21,36.59,36.2,36.39,4949970,36913,36.435456
2021-05-27,36.64,37.09,36.17,36.29,16336390,65129,36.404338
2021-05-28,36.51,37.24,36.45,36.98,11357086,65207,37.054208
2021-06-01,37.28,37.44,37.085,37.28,7065307,47448,37.221611
2021-06-02,37.28,37.96,37.01,37.95,7705661,54756,37.570943
2021-06-03,38.0,38.57,37.9,38.49,7938701,58261,38.347674
2021-06-04,38.48,38.765,38.05,38.61,7792344,48684,38.522478
2021-06-07,38.7,39.05,38.56,38.97,5715852,40973,38.850964
2021-06-08,39.0,39.56,38.835,38.89,6624723,56250,39.119789
2021-06-09,38.7,38.8,38.21,38.28,7405542,46431,38.444178
2021-06-10,38.48,39.2,38.235,38.79,6365925,47365,38.800661
2021-06-11,38.85,38.94,38.445,38.71,5024253,42354,38.660748
2021-06-14,38.82,38.87,38.04,38.4,5837990,45496,38.300232
2021-06-15,38.4,38.4,37.5857,37.87,10657384,51908,37.871454
2021-06-16,37.74,37.975,37.42,37.55,11116508,71188,37.673935
2021-06-17,37.28,39.62,36.77,39.18,22212869,138222,38.555769
2021-06-18,39.05,39.2,38.18,38.75,16154319,82522,38.716956
2021-06-21,38.99,39.755,38.53,39.58,10824056,71734,39.371475
2021-06-22,39.38,40.075,39.25,39.83,9573526,62689,39.788451
2021-06-23,39.81,39.83,39.18,39.19,5753506,42682,39.402355
2021-06-24,39.16,39.45,38.9,39.15,5037964,39221,39.242372
2021-06-25,39.15,39.43,39.05,39.21,5911388,35468,39.257041
2021-06-28,39.07,39.42,38.935,39.36,5934228,39109,39.241643
2021-06-29,39.49,39.715,38.78,38.85,5574833,40642,39.108133
2021-06-30,38.91,39.05,38.17,38.31,9051662,51294,38.411856
2021-07-01,38.21,38.53,37.95,38.13,5582612,41182,38.261848
2021-07-02,38.26,38.795,38.26,38.37,6045651,39093,38.508916
2021-07-06,38.15,38.15,37.36,37.41,9157224,44752,37.554154
2021-07-07,37.41,37.9799,37.26,37.64,4771503,38238,37.700181
2021-07-08,37.45,38.17,37.44,37.88,5692438,38146,37.860145
2021-07-09,38.05,38.45,37.85,38.27,5025680,33178,38.278561
2021-07-12,38.23,38.54,38.11,38.31,4388478,28484,38.342399
2021-07-13,38.3,38.6,37.85,38.07,4559486,35832,38.225635
2021-07-14,38.04,38.595,37.92,38.32,7306956,40983,38.329153
2021-07-15,38.41,39.02,38.39,38.84,11641700,52345,38.743678
2021-07-16,38.9,39.66,38.8,39.36,8122916,47064,39.419221
2021-07-19,39.32,41.19,39.25,41.07,13901339,93862,40.599491
2021-07-20,41.08,41.5,40.22,40.57,9950968,73243,40.927478
2021-07-21,40.66,40.72,40.02,40.11,5594939,37550,40.267665
2021-07-22,39.98,40.01,39.36,39.73,6518589,42084,39.669896
2021-07-23,39.73,39.905,39.43,39.89,4915844,30908,39.742562
2021-07-26,39.94,40.41,39.74,39.79,4870734,32578,39.9195
2021-07-27,39.69,40.1,39.475,40.03,4018144,29570,39.855958
2021-07-28,40.0,40.18,39.74,40.03,3874497,30480,39.996701
2021-07-29,40.32,41.015,40.05,40.72,4955309,41206,40.78812
2021-07-30,40.8,41.95,40.61,40.7,9479647,57789,41.029372
2021-08-02,40.75,41.135,40.23,41.01,5222078,38145,40.854187
2021-08-03,40.95,42.75,40.83,42.62,10273605,73606,42.356833
2021-08-04,42.5,42.74,41.785,41.92,5361512,42639,42.049562
2021-08-05,42.15,42.44,41.82,41.87,4244802,35986,41.984683
2021-08-06,41.94,42.1801,41.56,41.75,4236910,33481,41.795523
2021-08-09,41.85,42.4,41.73,42.28,4507065,32177,42.223299
2021-08-10,42.36,43.21,42.21,42.78,5585268,47513,42.87007
2021-08-11,42.71,43.17,42.57,43.0,5503588,40238,42.943468
2021-08-12,42.92,42.99,42.53,42.64,4292995,27875,42.669216
2021-08-13,42.69,42.98,42.51,42.81,3579379,30404,42.813487
2021-08-16,42.86,43.51,42.69,43.45,5455020,43878,43.324223
2021-08-17,43.75,45.58,43.67,45.44,13999313,104523,45.169638
2021-08-18,45.24,46.39,45.13,46.26,11759773,87174,45.999014
2021-08-19,46.09,46.835,45.66,45.93,11869284,87515,46.024515
2021-08-20,45.96,47.01,45.71,46.94,6675874,50602,46.742774
2021-08-23,47.0,47.18,46.32,46.74,5797589,43693,46.782759
2021-08-24,46.76,46.925,45.63,45.75,6969590,58427,46.100648
2021-08-25,45.75,46.32,45.54,45.8,5366858,50298,45.932271
2021-08-26,45.76,45.8,45.05,45.17,7351149,56690,45.235132
2021-08-27,45.16,45.64,44.93,45.49,3693628,33472,45.400559
2021-08-30,45.52,46.6164,45.39,46.2,5835000,49326,46.303633
2021-08-31,46.29,46.445,45.63,46.03,8568043,60432,46.057191
2021-09-01,45.92,46.04,45.305,45.74,6876346,57216,45.697485
2021-09-02,45.99,47.99,45.86,47.31,12094605,90355,47.309811
2021-09-03,47.05,47.24,46.58,46.65,5459754,48539,46.74931
2021-09-07,46.75,46.79,45.925,45.99,7704722,71498,46.287471
2021-09-08,46.0,46.92,45.85,46.29,8289464,69832,46.427175
2021-09-09,46.05,46.365,45.21,46.13,9823011,80985,45.999915
2021-09-10,44.56,44.86,41.92,42.67,25244766,198975,42.684378
2021-09-13,42.8,43.58,42.64,42.88,9320616,73117,42.998384
2021-09-14,43.0,43.08,41.61,41.79,11325924,82124,42.025151
2021-09-15,41.74,42.235,41.07,41.1,10531647,75504,41.557133
2021-09-16,41.16,41.77,40.61,40.87,10106987,71277,41.035579
2021-09-17,40.75,41.4073,40.65,40.94,26059649,73504,40.985789
2021-09-20,40.5,41.17,40.16,40.41,7933123,63786,40.566766
2021-09-21,40.61,40.95,40.24,40.45,6487831,53268,40.493756
2021-09-22,40.7,40.7,40.015,40.1,6125062,50676,40.242579
2021-09-23,40.23,40.53,39.86,40.18,7233298,47439,40.233908
2021-09-24,40.24,40.96,39.95,39.98,7080305,49509,40.310289
2021-09-27,40.0,41.049,39.97,40.19,7581072,55502,40.388913
2021-09-28,40.36,41.005,40.22,40.51,7712398,59370,40.616551
2021-09-29,40.47,41.64,40.43,41.34,8520480,56889,41.233962
2021-09-30,41.4,41.59,40.38,40.43,7693153,58575,40.743405
2021-10-01,40.4,40.43,38.99,39.14,9570168,75506,39.361767
2021-10-04,39.17,39.72,39.07,39.63,8458838,59964,39.530411
2021-10-05,39.53,40.03,39.375,39.88,7336215,51687,39.790361
2021-10-06,40.04,40.2,38.99,39.55,6863884,54460,39.425304
2021-10-07,39.6,40.05,39.415,39.5,5625768,49421,39.676344
2021-10-08,39.39,39.81,39.3099,39.47,3995824,35833,39.489544
2021-10-11,39.43,40.03,39.275,39.58,4845963,41876,39.604404
2021-10-12,39.68,40.389,39.56,39.83,5215939,40632,39.983178
2021-10-13,40.17,40.29,39.335,39.47,4291787,34854,39.578432
2021-10-14,39.44,39.68,39.015,39.12,5860408,47459,39.29115
2021-10-15,39.27,39.46,38.47,38.59,6881955,48379,38.798267
2021-10-18,38.49,39.345,38.22,39.21,7147751,47213,39.077987
2021-10-19,39.21,39.329,38.28,39.07,5380919,47215,38.797714
2021-10-20,39.19,39.63,39.01,39.32,5324999,40704,39.3423
2021-10-21,39.57,39.81,39.15,39.3,3952027,32842,39.33079
2021-10-22,39.38,40.26,39.376,40.23,7870156,57681,40.007382
2021-10-25,40.32,40.7352,40.08,40.33,5475875,49410,40.402505
2021-10-26,40.27,40.37,39.74,39.96,4140745,36112,39.970429
2021-10-27,40.3,40.35,39.445,39.48,3910810,36017,39.679915
2021-10-28,39.42,39.725,39.18,39.69,3816508,33128,39.528843
2021-10-29,39.58,40.38,39.48,40.02,5952173,37219,40.049184
2021-11-01,40.14,40.5,39.79,40.45,5224136,42056,40.233304
2021-11-02,40.75,41.32,40.16,40.7,5782208,41260,40.620394
2021-11-03,41.26,42.96,41.21,42.95,10827089,80438,42.580587
2021-11-04,42.7,43.49,42.4,43.42,7479335,64641,43.221209
2021-11-05,43.46,43.57,41.98,42.32,6135318,60003,42.478741
2021-11-08,42.21,42.4499,41.38,41.7,4898838,39645,41.760309
2021-11-09,41.81,42.27,41.63,41.93,3434443,37113,41.866728
2021-11-10,41.9,42.5,41.63,42.47,3974585,38193,42.252436
2021-11-11,42.42,42.75,42.075,42.27,4816662,32357,42.302654
2021-11-12,42.1,42.72,41.9,42.43,3675903,32700,42.406282
2021-11-15,42.43,42.8983,42.21,42.66,4047597,32376,42.635119
2021-11-16,42.26,42.34,41.5,41.69,6295053,46782,41.795887
2021-11-17,41.63,41.67,40.59,40.65,10078578,64041,41.145141
2021-11-18,40.78,41.53,40.65,41.4,4350825,40139,41.280296
2021-11-19,41.51,41.89,40.75,40.89,7027887,42003,41.180011
2021-11-22,41.22,43.08,41.16,42.86,6712424,61086,42.520715
2021-11-23,42.78,43.38,42.41,43.06,5134146,44701,43.04257
2021-11-24,43.06,43.0722,42.3,42.54,4700910,41999,42.598868
2021-11-26,42.5,43.97,42.5,43.14,7497464,54227,43.456445
2021-11-29,42.81,43.38,42.32,42.35,5958784,59380,42.728502
2021-11-30,42.17,42.74,41.38,41.53,13082259,61006,41.804643
2021-12-01,41.53,41.78,40.18,40.21,8921990,78174,40.818972
2021-12-02,42.2,45.68,41.73,44.65,26004488,167483,44.568263
2021-12-03,45.0,45.12,42.935,43.43,12384717,102168,43.615646
2021-12-06,43.89,45.58,43.55,45.11,10306922,82110,45.090195
2021-12-07,45.02,45.645,44.895,45.07,6608133,56620,45.184279
2021-12-08,45.25,45.59,42.09,42.81,18427224,122524,43.259815
2021-12-09,42.91,43.83,42.89,43.68,8220149,63055,43.516913
2021-12-10,43.58,44.68,43.46,44.6,7085349,56571,44.335129
2021-12-13,44.39,45.965,44.21,45.63,8903361,70187,45.536241
2021-12-14,45.64,46.92,45.025,45.58,6982388,60274,45.675869
2021-12-15,45.77,46.465,45.64,46.22,9048512,57320,46.151616
2021-12-16,46.09,46.215,45.45,45.91,9568814,60671,45.901929
2021-12-17,45.86,47.04,44.77,44.79,14008674,74295,45.301205
2021-12-20,44.79,45.95,44.705,45.51,10138694,64527,45.397817
2021-12-21,45.23,45.69,43.6,43.87,10433705,62136,43.935047
2021-12-22,43.92,44.2192,43.02,43.52,6012576,48096,43.438656
2021-12-23,43.49,43.77,43.18,43.21,4113946,33145,43.369293
2021-12-27,43.31,43.795,43.04,43.74,3764533,34848,43.580071
2021-12-28,43.79,44.44,43.74,44.42,5234690,39392,44.192755
2021-12-29,44.5,44.8799,44.3,44.71,4285651,28953,44.645652
2021-12-30,45.25,45.63,44.67,45.14,4570347,40526,45.074709
2021-12-31,45.11,45.695,45.11,45.26,4753692,36158,45.38553
2022-01-03,44.91,45.215,44.52,45.19,6020547,49174,44.943732
2022-01-04,45.1,46.325,45.1,46.17,10375903,67930,46.069751
2022-01-05,46.32,47.535,46.275,46.81,8344617,75065,47.036836
2022-01-06,47.02,47.425,46.345,47.12,7107465,58851,47.049071
2022-01-07,47.25,48.89,47.14,48.12,8670432,66886,48.302495
2022-01-10,48.29,49.58,48.15,49.1,10609922,89126,49.122718
2022-01-11,49.11,49.69,47.33,47.71,8873470,78246,47.888765
2022-01-12,47.05,47.27,46.17,47.14,6780827,59877,46.928158
2022-01-13,47.26,50.15,47.15,49.48,12647657,84547,49.221375
2022-01-14,49.39,49.91,48.65,49.12,7054514,60257,49.29964
2022-01-18,48.92,49.11,48.28,48.59,7168256,62287,48.590127
2022-01-19,48.65,49.08,48.06,48.58,4948373,49905,48.62799
2022-01-20,48.56,48.84,47.11,47.27,7476082,58477,47.91864
2022-01-21,47.53,47.76,46.82,46.92,5793760,56410,47.093768
2022-01-24,47.03,48.43,46.785,47.72,8708036,77623,47.628151
2022-01-25,46.7,46.865,45.045,45.08,9972850,91123,45.619559
2022-01-26,44.97,45.33,44.18,44.38,9764711,83153,44.574852
2022-01-27,44.54,45.555,44.535,45.4,6742916,72259,45.232064
2022-01-28,43.63,44.16,42.89,43.47,10200743,84500,43.492598
2022-01-31,43.28,43.81,42.7,43.59,6855785,56900,43.445842
2022-02-01,43.5,44.365,43.15,44.13,5861686,53884,43.865362
2022-02-02,44.02,44.47,43.38,44.1,6993909,60527,43.909011
2022-02-03,44.07,45.35,44.06,45.11,5842188,52345,45.025653
2022-02-04,44.99,45.14,44.31,44.77,5982685,56807,44.68352
2022-02-07,45.02,45.235,44.17,44.67,5041181,47117,44.732913
2022-02-08,44.85,45.84,44.64,45.5,5032520,46981,45.455159
2022-02-09,45.29,45.67,44.94,45.15,3819652,45536,45.325342
2022-02-10,45.37,45.615,44.85,45.17,4663658,43170,45.12789
2022-02-11,45.43,46.67,45.34,46.27,5920966,57209,46.15081
2022-02-14,45.99,46.18,44.705,45.69,5559501,48754,45.371754
2022-02-15,45.84,46.63,45.31,46.41,5590572,50813,46.328267
2022-02-16,46.23,46.905,44.26,44.57,8294875,69987,44.99701
2022-02-17,44.45,45.665,44.35,45.23,10991316,61699,45.200814
2022-02-18,45.1,45.69,44.915,45.59,4419327,47848,45.397885
2022-02-22,45.45,45.85,44.825,45.04,5008746,47953,45.334378
2022-02-23,45.25,45.39,44.405,44.53,3920174,44261,44.814592
2022-02-24,44.44,45.31,43.142,44.44,6877565,69625,44.11623
2022-02-25,45.44,46.65,44.995,46.46,6259806,62126,46.167089
2022-02-28,45.76,47.17,45.76,46.8,8414905,66733,46.747019
2022-03-01,48.0,48.75,47.43,48.35,11796634,95255,48.216309
2022-03-02,48.09,49.485,48.09,49.37,9717765,91516,49.026232
2022-03-03,52.25,55.5,52.25,55.1,27227226,192153,54.433682
2022-03-04,54.25,58.98,54.2144,58.94,21256261,153234,57.764748
2022-03-07,58.5,62.58,57.26,57.82,22848832,189423,59.401825
2022-03-08,57.38,58.84,55.66,55.71,10490276,104033,56.95334
2022-03-09,55.1,56.05,54.47,55.34,9982115,89319,55.312758
2022-03-10,55.79,57.4,55.2,57.09,9785023,91854,56.764836
2022-03-11,56.5,57.49,55.86,55.89,5424630,60449,56.334003
2022-03-14,55.59,55.89,54.28,55.42,5348122,59305,55.249799
2022-03-15,55.74,56.23,54.655,56.19,6012728,64876,55.640969
2022-03-16,55.86,56.75,54.42,54.99,6862593,73452,55.32618
2022-03-17,55.35,56.185,54.69,55.66,5274676,59953,55.643665
2022-03-18,56.05,56.39,55.16,55.82,9800359,62811,55.703497
2022-03-21,56.09,57.61,55.615,55.68,6260043,64483,56.18096
2022-03-22,56.0,56.8,55.13,56.57,6963257,61439,56.195571
2022-03-23,56.74,57.2,56.17,56.45,5100152,58746,56.614872
2022-03-24,56.6,57.88,56.42,56.75,8219606,58086,56.890682
2022-03-25,56.62,57.3665,56.485,57.0,5085878,46545,56.886221
2022-03-28,56.99,57.45,56.62,57.0,5879001,43001,56.9903
2022-03-29,56.95,57.25,54.89,56.39,9428095,80661,56.277243
2022-03-30,56.4,56.77,56.03,56.37,4083663,45079,56.297054
2022-03-31,56.35,57.94,56.31,57.37,8456669,74415,57.467399
2022-04-01,57.5,57.875,56.622,57.48,4221376,46532,57.282042
2022-04-04,57.6,58.95,57.08,57.44,4995192,46962,57.579311
2022-04-05,57.47,59.13,57.3,57.65,5831465,55969,58.193179
2022-04-06,57.6,59.15,57.28,58.73,7498833,59277,58.655111
2022-04-07,59.06,60.29,58.8,59.88,6403640,55771,59.6301
2022-04-08,62.0,62.78,61.12,61.67,10506747,98109,61.831263
2022-04-11,61.94,62.35,60.45,60.65,4891184,58032,61.11435
2022-04-12,59.98,60.03,58.385,58.75,8513300,80409,59.039005
2022-04-13,58.5,58.95,57.63,58.34,6492739,67896,58.195929
2022-04-14,58.46,59.13,58.2,58.32,5293196,56011,58.443305
2022-04-18,57.91,58.59,57.61,57.82,3166020,37079,57.91841
2022-04-19,58.0,58.4,57.55,57.79,5363464,47791,57.918831
2022-04-20,58.0,58.3,57.37,57.7,6964084,61131,57.799874
2022-04-21,57.51,58.7,57.28,58.18,5643001,51760,58.157818
2022-04-22,58.81,58.97,56.975,57.0,5574922,58450,57.61831
2022-04-25,56.93,57.24,55.84,56.69,7828744,70680,56.534021
2022-04-26,56.61,56.78,55.48,55.72,5827161,59443,55.987238
2022-04-27,56.08,56.31,55.23,55.58,5286008,60586,55.791385
2022-04-28,55.64,55.77,55.095,55.49,4894126,48492,55.432353
2022-04-29,55.77,55.95,53.79,53.96,6849452,54778,54.442149
2022-05-02,54.65,54.88,53.22,53.72,7203842,66870,53.933589
2022-05-03,54.28,55.27,53.7301,54.79,6038203,62601,54.694721
2022-05-04,54.25,55.975,54.25,55.77,6930752,63262,55.433596
2022-05-05,55.25,55.31,53.39,53.85,7024887,73673,54.118615
