Date,Open,High,Low,Close,Volume,OpenInterest
2020-12-04,138.6,144.49,138.325,144.27,1800928,0.0
2020-12-07,143.76,145.34,142.6,145.05,971312,0.0
2020-12-08,143.75,145.27,143.17,144.66,1073437,0.0
2020-12-09,142.75,144.27,138.22,139.89,1935865,0.0
2020-12-10,139.56,142.05,138.575,139.84,1175519,0.0
2020-12-11,137.98,141.36,137.5637,140.65,1206539,0.0
2020-12-14,141.77,142.9999,140.68,141.5,1066548,0.0
2020-12-15,143.76,143.98,140.11,141.25,1770409,0.0
2020-12-16,141.03,141.86,138.01,138.83,2256344,0.0
2020-12-17,140.88,141.68,139.29,139.69,1078849,0.0
2020-12-18,140.58,140.58,136.69,138.22,1607949,0.0
2020-12-21,134.86,138.38,134.48,138,1891197,0.0
2020-12-22,137.87,139.1,136.11,137,974117,0.0
2020-12-23,136.83,137.94,135.87,135.87,905737,0.0
2020-12-24,136.24,137.5,135.3,136.77,375030,0.0
2020-12-28,138.09,138.58,135.92,136.19,633630,0.0
2020-12-29,137.53,137.53,133.961,135.2,762836,0.0
2020-12-30,136.57,137.26,135.6,136.76,1255303,0.0
2020-12-31,136.63,138.19,135.63,137.9,566642,0.0
2021-01-04,138.95,142.26,136.4201,137.17,1782329,0.0
2021-01-05,137.55,140.34,137.29,140.33,1472557,0.0
2021-01-06,141.82,146.9,140.2,142.83,2538786,0.0
2021-01-07,144.73,149.36,144.63,148.71,2530161,0.0
2021-01-08,151.67,152.85,146.36,147.55,2257580,0.0
2021-01-11,145.04,148.48,144.67,147.78,2151780,0.0
2021-01-12,147.57,150.41,145.44,149.32,2388740,0.0
2021-01-13,149.79,151.56,148.77,150.65,1130731,0.0
2021-01-14,151.63,154.27,151.385,153.29,1337121,0.0
2021-01-15,152.34,152.6,148.37,148.5,1257419,0.0
2021-01-19,150.685,153.76,149.65,153.31,933449,0.0
2021-01-20,154.48,155.36,152,152.46,998407,0.0
2021-01-21,153.01,153.6,150.56,152.33,798528,0.0
2021-01-22,151.3,152.17,149.83,150.04,742179,0.0
2021-01-25,150.77,151.68,146.83,149.18,1082970,0.0
2021-01-26,149.18,149.18,144.54,145.09,1343746,0.0
2021-01-27,139.45,139.63,132.54,132.89,2964261,0.0
2021-01-28,136.875,140.415,135.02,138.65,2363762,0.0
2021-01-29,137.32,138.6,134.39,136.06,1321140,0.0
2021-02-01,139.7,142.72,137.62,142.3,1555515,0.0
2021-02-02,144.74,146.88,141.9,144.03,1297325,0.0
2021-02-03,142.82,144.47,139.62,139.82,2040735,0.0
2021-02-04,140.31,145.84,138.63,144.41,3983347,0.0
2021-02-05,146.5,147,140.25,145.46,2608314,0.0
2021-02-08,146.34,152.69,146.34,152.54,2102225,0.0
2021-02-09,151.8,153.69,150.67,152.06,2073849,0.0
2021-02-10,152.44,154.52,149.44,151.78,1262784,0.0
2021-02-11,152.52,157.78,151.64,157.63,1590672,0.0
2021-02-12,156.57,159.9,155.8,159.52,1023616,0.0
2021-02-16,160.81,162.8746,159.8358,162.37,1482816,0.0
2021-02-17,166.61,166.67,160.99,163.03,4346269,0.0
2021-02-18,159.98,160.93,154.92,156.54,2344323,0.0
2021-02-19,158.94,162.9,158.1,162.35,1522112,0.0
2021-02-22,159.2,161.07,154.52,155.18,1454602,0.0
2021-02-23,153,156.15,147.2,154.87,1999023,0.0
2021-02-24,152.55,157.75,151.835,157.28,2016125,0.0
2021-02-25,155.58,156.43,146.73,147.55,1773121,0.0
2021-02-26,150.24,154.71,146.43,152.6,1921131,0.0
2021-03-01,154.99,158.36,153.64,158.3,1418729,0.0
2021-03-02,156.05,157.57,151.88,152.03,1324191,0.0
2021-03-03,151.4,154.04,147.63,148.02,2272460,0.0
2021-03-04,148.17,149.21,138.7,139.99,2109780,0.0
2021-03-05,144.04,145.96,135.5244,145.44,2820023,0.0
2021-03-08,144.34,146.44,136.5,136.75,1809099,0.0
2021-03-09,142.03,146.68,141.07,145.45,1789548,0.0
2021-03-10,148.38,148.395,141.27,141.32,1636138,0.0
2021-03-11,145.85,149.45,145,148.26,1741479,0.0
2021-03-12,144.91,147.82,143.73,147.46,1221123,0.0
2021-03-15,146.37,149.91,146.05,149.73,1116300,0.0
2021-03-16,150.78,153.52,148.6,149.88,1806208,0.0
2021-03-17,147.62,154.32,146.68,153.91,1118715,0.0
2021-03-18,149.6,151.59,145.26,145.46,1545168,0.0
2021-03-19,146,152.29,143.25,150.07,2110141,0.0
2021-03-22,152.88,156.57,152.64,154.9,1880120,0.0
2021-03-23,158.24,158.24,148.43,150,1612451,0.0
2021-03-24,152.65,153.08,146.69,146.72,1311241,0.0
2021-03-25,144.47,148.2,142.31,147.04,1413006,0.0
2021-03-26,146.71,155.71,146.27,155.6,1585097,0.0
2021-03-29,153.13,154.27,148.81,150.85,1179654,0.0
2021-03-30,149.91,151.28,148.6745,150.03,1069200,0.0
2021-03-31,152.2,156.22,151.64,155.21,1436907,0.0
2021-04-01,157.5,160.38,156.8,160.27,1684693,0.0
2021-04-05,163.24,164.48,160.91,163.82,1473513,0.0
2021-04-06,162.44,164.28,160.08,160.74,1101724,0.0
2021-04-07,161.2,161.95,158.86,159.64,966409,0.0
2021-04-08,161.31,161.9,158.73,161.87,1103845,0.0
2021-04-09,160.73,162.51,159.9336,161.73,886019,0.0
2021-04-12,160.3505,160.73,157.04,158.84,1044051,0.0
2021-04-13,159.7,160.56,154.29,157.36,1296475,0.0
2021-04-14,156.51,159.48,155.4,156.4,743661,0.0
2021-04-15,158.79,160.82,157.16,160.42,1053932,0.0
2021-04-16,160.08,160.59,158.11,158.27,794188,0.0
2021-04-19,157.7,158.06,152.7,154.02,1138997,0.0
2021-04-20,153.04,153.49,148.6851,149.61,1159725,0.0
2021-04-21,149.38,154.94,147.9012,154.66,1461644,0.0
2021-04-22,154.3,155.15,150.47,151.37,1255693,0.0
2021-04-23,153.13,157.22,152.76,156.37,1567901,0.0
2021-04-26,156.18,159.96,155.72,159.1,810740,0.0
2021-04-27,159.45,161.415,157.3,157.41,1091909,0.0
2021-04-28,156.67,156.76,154.02,154.61,1273178,0.0
2021-04-29,156.08,156.86,153.57,156.01,847621,0.0
2021-04-30,153.21,154.88,149.56,150.25,1462934,0.0
2021-05-03,152.45,152.82,147.321,148.07,1349899,0.0
2021-05-04,146.59,146.74,143.21,144.85,2313779,0.0
2021-05-05,147.1,149.2707,144.21,145.6,1694618,0.0
2021-05-06,145.38,146.75,143.32,146.25,2182212,0.0
2021-05-07,152.4172,152.4172,148.08,149.65,2188989,0.0
2021-05-10,148.76,149.12,143.2,143.2,1669359,0.0
2021-05-11,140.41,145.85,138.62,145.51,1911127,0.0
2021-05-12,141.95,143.08,138.54,139.13,1854195,0.0
2021-05-13,141.47,143.93,139.71,142.17,1538285,0.0
2021-05-14,144.2,147.06,142.39,145.48,1376190,0.0
2021-05-17,143.5,144.52,140.8,143.53,867051,0.0
2021-05-18,142.6,145.7399,142.28,142.39,1085784,0.0
2021-05-19,139.85,147.56,139.36,146.99,1678300,0.0
2021-05-20,147.55,151.95,147.55,151.17,1512492,0.0
2021-05-21,151.23,151.88,148.59,149.81,1363821,0.0
2021-05-24,151.15,154.87,151.15,154.1,1097765,0.0
2021-05-25,155.49,156.126,152.41,154.82,952984,0.0
2021-05-26,154.76,156.25,153.38,155.55,1013602,0.0
2021-05-27,155.25,157.31,154.44,155.83,1117600,0.0
2021-05-28,156.23,157.65,155.32,157.04,922552,0.0
2021-06-01,158,159.68,155.21,155.28,1022056,0.0
2021-06-02,154.54,156.37,153.68,155.51,993460,0.0
2021-06-03,153.42,153.72,150.765,151.74,1466210,0.0
2021-06-04,153.42,155.61,152.6849,155.39,1111808,0.0
2021-06-07,154.29,155.39,153.03,153.52,827201,0.0
2021-06-08,155.02,156.05,151.21,152.67,725617,0.0
2021-06-09,152.99,153.97,151.47,151.74,694821,0.0
2021-06-10,152.44,154.54,151.42,153.48,939590,0.0
2021-06-11,154.17,154.21,152.65,154.1,558091,0.0
2021-06-14,154.31,155.89,152.26,155.81,1075747,0.0
2021-06-15,155.3,156.47,153.46,154.07,841090,0.0
2021-06-16,154.49,155.74,150.75,152.43,1317821,0.0
2021-06-17,151.75,152.85,148.46,150.21,1958878,0.0
2021-06-18,149.06,149.32,144.07,145.62,1888752,0.0
2021-06-21,146.61,148.27,145.435,147.79,1252099,0.0
2021-06-22,147.58,147.77,145.72,145.8,1410293,0.0
2021-06-23,145.67,147.64,145.47,146.46,770066,0.0
2021-06-24,147.37,149.92,147.35,149.12,1687578,0.0
2021-06-25,149.38,151.25,147.99,148.78,1237344,0.0
2021-06-28,150.05,153.35,149.78,152.27,1073877,0.0
2021-06-29,151.79,153.2,150.71,152.82,922080,0.0
2021-06-30,152.59,152.735,148.99,149.74,1561587,0.0
2021-07-01,149.49,150.88,147.47,147.72,1208671,0.0
2021-07-02,148.86,149.05,146.7401,148.25,1250674,0.0
2021-07-06,147.3269,148.03,143.6,146.14,1498301,0.0
2021-07-07,147.38,147.47,141.9,143.5,1596855,0.0
2021-07-08,141.01,142.225,138.31,141.12,1454955,0.0
2021-07-09,141.4,144.5,140.3,144.02,1354418,0.0
2021-07-12,143.69,146.27,143.37,146.15,1081567,0.0
2021-07-13,145.15,145.8,143.78,143.95,1263908,0.0
2021-07-14,144.98,146.78,143.25,143.57,1659864,0.0
2021-07-15,141.53,141.71,135.98,137.47,2368009,0.0
2021-07-16,138.02,139.2,133.47,133.76,1535699,0.0
2021-07-19,131.69,132,129.06,132,3836117,0.0
2021-07-20,132.34,138.31,131.83,137.02,2775921,0.0
2021-07-21,137.71,140.7,137.01,140.67,1431362,0.0
2021-07-22,138.54,138.9,137.29,138.44,2347510,0.0
2021-07-23,139.89,140.1399,137.38,139.21,882392,0.0
2021-07-26,138.39,139.95,138.04,139.35,854349,0.0
2021-07-27,138.71,138.96,132.75,135.95,1679735,0.0
2021-07-28,136.85,138.77,136.11,137.89,1424727,0.0
2021-07-29,140,141.255,138.67,141.03,1043146,0.0
2021-07-30,139.76,143.21,139.71,143.12,1416746,0.0
2021-08-02,147.67,151.625,144.79,145.09,3261337,0.0
2021-08-03,145.72,147.52,142.97,146.851,1922875,0.0
2021-08-04,147.91,151.34,147.31,147.53,2698889,0.0
2021-08-05,148.13,149.79,146.54,149.78,1411296,0.0
2021-08-06,148.89,150.15,148.29,149.72,1281579,0.0
2021-08-09,150.69,150.69,147.89,149.5,979460,0.0
2021-08-10,149.82,151.02,147.53,150.52,1438986,0.0
2021-08-11,151.4,151.5,147.71,150.47,902756,0.0
2021-08-12,149.8,151.9,147.02,151.14,3199933,0.0
2021-08-13,150.7,152.05,149.97,151.65,1010764,0.0
2021-08-16,151.5,152.55,149.905,150.4,1210735,0.0
2021-08-17,148.37,148.51,144.29,145.69,1396385,0.0
2021-08-18,144.73,146.71,143.45,143.64,1292500,0.0
2021-08-19,142.32,144.79,140.98,144.27,1597705,0.0
2021-08-20,144.39,146.12,142.94,144.77,2108109,0.0
2021-08-23,146,148.36,145.65,147.84,2147888,0.0
2021-08-24,148.52,150.095,147.79,148.07,931475,0.0
2021-08-25,150.9,152.5,149.35,151.45,2334035,0.0
2021-08-26,151.12,156.32,150.47,155.95,2348729,0.0
2021-08-27,156.15,160.36,155.78,159.4,1760540,0.0
2021-08-30,159.75,160.18,158,158.99,1204745,0.0
2021-08-31,159.07,159.075,155,157.37,1493105,0.0
2021-09-01,158.5,158.68,155.03,155.6,1698590,0.0
2021-09-02,155.63,156.59,155.14,156.27,1610640,0.0
2021-09-03,155.94,158.1,155.78,156.83,802994,0.0
2021-09-07,157.31,157.31,155.43,156.04,942010,0.0
2021-09-08,155.66,155.99,152.99,154.29,953976,0.0
2021-09-09,154.55,156.81,153.62,155.97,1341420,0.0
2021-09-10,157.28,160.75,157.28,157.49,1665401,0.0
2021-09-13,159.86,160.76,157.66,160.64,1525959,0.0
2021-09-14,161.56,162.33,159.04,160.65,1615224,0.0
2021-09-15,160.75,162.24,159.33,162.19,1203683,0.0
2021-09-16,160.87,164.19,160.23,163.11,1447685,0.0
2021-09-17,162.61,163,159.34,161.1,2236054,0.0
2021-09-20,158.21,158.38,154.31,156.54,2243659,0.0
2021-09-21,157.48,158.485,155.08,157.3,2314015,0.0
2021-09-22,158.92,161.89,157.92,161.49,1058180,0.0
2021-09-23,161.68,165.77,161.185,165.17,1208915,0.0
2021-09-24,163.37,165.689,163.55,165.34,784694,0.0
2021-09-27,163.88,166.13,162.4467,166.09,965374,0.0
2021-09-28,162,163.58,158.23,158.35,1680995,0.0
2021-09-29,157.95,158.66,152.92,153.07,1844408,0.0
2021-09-30,154.7,155.76,152.96,153.5,1091377,0.0
2021-10-01,154.6,154.69,151.12,152.63,1757714,0.0
2021-10-04,150.87,151.48,145.75,146.63,2104674,0.0
2021-10-05,148.53,149.58,147.145,148.01,1745793,0.0
2021-10-06,146.03,148.17,145.65,147.76,1154979,0.0
2021-10-07,149.83,151.43,149.02,149.25,1332721,0.0
2021-10-08,149.81,149.91,145.18,146.1,1862829,0.0
2021-10-11,145.76,147.77,143.81,143.88,1210137,0.0
2021-10-12,144.85,145.65,139.72,140.99,2156336,0.0
2021-10-13,71.5,71.605,70.015,70.22,4213220,0.0
2021-10-14,71.5,72.52,71.31,72.5,2962087,0.0
2021-10-15,72.95,73.48,72.47,72.79,2005452,0.0
2021-10-18,72.05,73.86,71.65,73.83,1945110,0.0
2021-10-19,74.03,75,73.57,74.91,1628563,0.0
2021-10-20,74.82,75.27,74.39,74.88,1352705,0.0
2021-10-21,74.33,76.12,74.33,76,1383655,0.0
2021-10-22,75.76,76.75,74.75,75.21,1730871,0.0
2021-10-25,75.73,76.35,74.97,75.86,1317563,0.0
2021-10-26,76.66,76.9829,73.75,73.78,2670139,0.0
2021-10-27,71.91,73.49,71.33,72.37,4127996,0.0
2021-10-28,73.24,75.37,73.13,74.44,2583904,0.0
2021-10-29,73.63,74.81,73.58,74.09,1736334,0.0
2021-11-01,74.6,77.49,74.48,76.9,3327526,0.0
2021-11-02,76.81,78.93,76.66,78.8,2810330,0.0
2021-11-03,78.72,80.29,78,79.77,3433434,0.0
2021-11-04,80.63,83.13,78.79,82.99,5554298,0.0
2021-11-05,82.305,87.19,82.06,85.78,5268698,0.0
2021-11-08,87.44,87.52,81.72,84.18,5775434,0.0
2021-11-09,84.125,84.76,81.69,82.92,4433602,0.0
2021-11-10,81.45,82.95,79.72,80.95,4845107,0.0
2021-11-11,82.62,83.68,81.55,83.5,3084884,0.0
2021-11-12,83.77,84.63,82.83,83.37,1996873,0.0
2021-11-15,84.46,85.305,82.93,83.23,2103400,0.0
2021-11-16,82.53,84.51,82.49,84.26,2057258,0.0
2021-11-17,84.07,84.07,82.56,82.8,2147007,0.0
2021-11-18,83.74,83.99,81.95,83.31,1790814,0.0
2021-11-19,83.22,83.94,82.3,82.67,1891485,0.0
2021-11-22,82.89,84.38,82.12,82.68,2949215,0.0
2021-11-23,82.66,83.78,81.96,83.36,3645637,0.0
2021-11-24,82.18,84,81.24,83.89,1628928,0.0
2021-11-26,81.56,82.04,79.53,80.1,2385174,0.0
2021-11-29,81.97,84.59,81.47,84.38,3141985,0.0
2021-11-30,84.06,85.75,82.5,83.43,3645925,0.0
2021-12-01,84.7,88.93,84.24,84.42,4995897,0.0
2021-12-02,83.19,85.29,82.12,84.24,3273220,0.0
2021-12-03,85.84,87.25,84.22,85.31,4525645,0.0
2021-12-06,85.61,85.56,81.7,83.94,3689362,0.0
2021-12-07,85.21,88.99,85.21,88.93,2877505,0.0
2021-12-08,88.56,88.65,86.44,87.34,2886467,0.0
2021-12-09,86.71,89.04,86.5,86.63,3590874,0.0
2021-12-10,88.05,88.87,86.29,87.16,2557150,0.0
2021-12-13,87.39,87.745,84.96,85.21,1235345,0.0
2021-12-14,84.24,85.37,83.41,84.92,2636273,0.0
2021-12-15,85.27,88.11,83.71,88,3248838,0.0
2021-12-16,87.32,88.16,84.01,84.53,3284630,0.0
2021-12-17,84.01,85.85,83.42,84.18,3574911,0.0
2021-12-20,82.65,83.5,81.41,82.61,2121632,0.0
2021-12-21,84.14,85.52,83.54,85.32,3200342,0.0
2021-12-22,84.47,86.44,84.355,86.36,1919698,0.0
2021-12-23,86.44,87.49,86.35,86.93,1305731,0.0
2021-12-27,87.17,89.43,87.17,89.35,1678044,0.0
2021-12-28,89.98,90,87.7271,88.02,2095657,0.0
2021-12-29,88.11,89.06,88.06,88.24,1139145,0.0
2021-12-30,88.2,88.59,86.8,87.08,1317794,0.0
2021-12-31,87.35,87.61,86.625,87.09,1055516,0.0
2022-01-03,87.52,88.5,86.92,88.04,2210458,0.0
2022-01-04,88.4,88.97,85.245,87.47,2572826,0.0
2022-01-05,87.23,87.933,84.43,84.52,2864297,0.0
2022-01-06,84.77,86,84.39,85.3,2186959,0.0
2022-01-07,85.25,85.79,81.86,81.91,3061877,0.0
2022-01-10,80.81,83.12,80.22,82.96,2887140,0.0
2022-01-11,82.49,84.73,81.81,84.65,2468439,0.0
2022-01-12,85.14,86.46,84.49,85.25,2347016,0.0
2022-01-13,86.03,86.8,83.41,83.72,2866196,0.0
2022-01-14,82.82,84.38,82.765,84.28,3307236,0.0
2022-01-18,82.21,82.38,79.1,79.33,3818928,0.0
2022-01-19,79.98,80.425,76.6,76.64,3339073,0.0
2022-01-20,77.395,78,73.89,73.93,3464596,0.0
2022-01-21,73.35,76.1,73.03,73.28,3919210,0.0
2022-01-24,71.83,75.02,69.57,74.93,4717383,0.0
2022-01-25,72.49,74.44,71.73,72.6,3806690,0.0
2022-01-26,74.86,77.37,72.75,74.39,4728611,0.0
2022-01-27,74.8,75.37,70.6,71.04,4228970,0.0
2022-01-28,70.93,72.32,68.77,72.25,3671465,0.0
2022-01-31,73.97,77.69,73.67,77.48,4822659,0.0
2022-02-01,77.1,78.44,75.66,78.29,3120278,0.0
2022-02-02,79.17,79.52,77.73,79,3622450,0.0
2022-02-03,77.36,77.36,73.9,74.17,4989886,0.0
2022-02-04,72.105,74.29,70.44,73.18,6375385,0.0
2022-02-07,73.77,74.77,72.74,73.64,4737338,0.0
2022-02-08,73.59,75.73,73.24,75.44,4032980,0.0
2022-02-09,76.71,78.52,74.88,78.44,4737889,0.0
2022-02-10,76.09,78.62,74.45,74.93,4050755,0.0
2022-02-11,74.69,75.64,70.785,71.35,4049606,0.0
