Date,Open,High,Low,Close,Volume,OpenInterest
2020-12-04,30.25,30.79,29.51,30.72,14907921,0.0
2020-12-07,30.64,30.79,29.495,29.82,8051055,0.0
2020-12-08,29.5,30.35,29.5,29.89,5948257,0.0
2020-12-09,30.15,30.485,29.69,29.93,7628500,0.0
2020-12-10,29.64,31.05,29.58,30.92,7496006,0.0
2020-12-11,30.79,31.08,29.75,30.19,6558776,0.0
2020-12-14,30.68,30.71,29.38,29.51,8136991,0.0
2020-12-15,30.01,30.845,29.53,30.75,6159309,0.0
2020-12-16,30.81,31.17,30.41,30.99,4976414,0.0
2020-12-17,31.16,31.19,30.6601,31.1316,5023251,0.0
2020-12-18,31.06,31.83,30.87,31.65,8042051,0.0
2020-12-21,30.35,31,29.95,30.49,8127114,0.0
2020-12-22,30.48,30.59,29.79,30.35,5199614,0.0
2020-12-23,30.5,31.39,30.46,30.98,3993443,0.0
2020-12-24,31.03,31.03,30.565,30.73,1665496,0.0
2020-12-28,31,31.62,30.91,31.31,4461877,0.0
2020-12-29,31.41,31.48,30.62,30.77,4139845,0.0
2020-12-30,30.78,31.49,30.78,31.21,3893152,0.0
2020-12-31,31.19,31.87,30.72,31.49,5046199,0.0
2021-01-04,31.69,32.38,29.58,29.7,16268662,0.0
2021-01-05,29.52,30.48,29.41,30.37,8911129,0.0
2021-01-06,30.96,31.74,30.525,31.19,9584035,0.0
2021-01-07,31.31,31.41,30.27,30.6,8123669,0.0
2021-01-08,30.7,31.855,30.39,31.36,12909673,0.0
2021-01-11,30.61,31.12,30.41,30.78,7374114,0.0
2021-01-12,30.91,30.95,30.16,30.27,13446729,0.0
2021-01-13,30.18,30.22,29.47,30.03,12150420,0.0
2021-01-14,30.06,30.47,29.72,30.28,5941614,0.0
2021-01-15,30.09,30.185,29.34,29.81,7736205,0.0
2021-01-19,30.71,31.25,30.48,30.54,9756012,0.0
2021-01-20,30.63,31.27,30.52,31.05,6319392,0.0
2021-01-21,31.03,31.68,30.83,31.53,5653288,0.0
2021-01-22,31,31.8,30.75,31.37,7000592,0.0
2021-01-25,31.13,31.24,29.73,29.97,13957381,0.0
2021-01-26,30.16,30.31,29.54,29.59,7351533,0.0
2021-01-27,28.96,29.13,27.8138,28.37,9607907,0.0
2021-01-28,28.98,29.91,28.7916,29.55,7077788,0.0
2021-01-29,29.38,29.54,28.44,28.55,7264268,0.0
2021-02-01,28.8,29.4,28.78,29.28,5111872,0.0
2021-02-02,29.87,31.1398,29.76,30.65,8390652,0.0
2021-02-03,30.83,31.129,30.55,30.89,4380672,0.0
2021-02-04,31.16,32.54,31.1,32.48,7984165,0.0
2021-02-05,33,34.66,32.945,34.24,10394879,0.0
2021-02-08,34.93,35.7,34.51,35.6,8204834,0.0
2021-02-09,35.31,36.195,34.88,35.83,7667129,0.0
2021-02-10,36.04,36.7,35.58,36.53,11590448,0.0
2021-02-11,35.68,36.35,34.69,35.3,9144612,0.0
2021-02-12,35.41,35.99,34.8201,35.94,6021863,0.0
2021-02-16,35.7,36.04,34.97,35,10504536,0.0
2021-02-17,35,36,34.3076,34.94,9805985,0.0
2021-02-18,34.55,35.44,34.11,35.05,6592524,0.0
2021-02-19,35.25,36.51,35.11,36.42,7880173,0.0
2021-02-22,36.5,38.8,36.47,37.53,11086577,0.0
2021-02-23,38.5,39.91,37.3,39.59,14575023,0.0
2021-02-24,39.11,39.24,38.39,38.62,14353586,0.0
2021-02-25,38.84,38.95,36.445,36.71,12935435,0.0
2021-02-26,37.67,38.47,36.77,37.8,11763069,0.0
2021-03-01,38.6,38.6597,37.29,38.29,6789136,0.0
2021-03-02,37.79,38.9,37.65,38.53,8146232,0.0
2021-03-03,39.03,39.64,38.34,38.84,7867026,0.0
2021-03-04,38.9,39.3,35.85,37.29,11792799,0.0
2021-03-05,37.47,37.55,34.14,37.13,10345913,0.0
2021-03-08,37.57,38.64,36.78,37.85,8330108,0.0
2021-03-09,38.35,38.43,37.295,37.48,5249694,0.0
2021-03-10,37.57,38.09,37.08,37.64,5672504,0.0
2021-03-11,37.75,40.4864,37.69,39.18,11674852,0.0
2021-03-12,38.91,39.65,38.63,38.97,7444811,0.0
2021-03-15,40.98,42.04,40.35,40.95,12455725,0.0
2021-03-16,40.9,40.92,39.445,39.9,7431246,0.0
2021-03-17,39.63,41.36,39.63,41.22,5772860,0.0
2021-03-18,41.15,41.29,39.5,39.51,7787356,0.0
2021-03-19,39.59,40.45,38.81,40.03,6319612,0.0
2021-03-22,40.09,40.1,38.76,39.02,6181393,0.0
2021-03-23,38.57,38.98,37.0911,37.33,8589271,0.0
2021-03-24,37.82,38.6,36.8,36.89,8644618,0.0
2021-03-25,35.98,38.03,35.57,37.96,9067250,0.0
2021-03-26,38.13,38.24,36.52,37.66,6662295,0.0
2021-03-29,37.55,37.69,36.65,37.165,7450487,0.0
2021-03-30,37.15,38.38,37.17,38.18,4871885,0.0
2021-03-31,38.18,38.45,37.815,37.99,5934495,0.0
2021-04-01,38.25,39.705,37.98,39.7,7771845,0.0
2021-04-05,41.38,42.629,41,41.7,13001478,0.0
2021-04-06,41.75,42.74,41.42,41.52,8264433,0.0
2021-04-07,41.45,41.61,40.73,41.1,5913120,0.0
2021-04-08,41.12,42.24,40.51,42.15,7619628,0.0
2021-04-09,42.14,42.1099,41.14,41.76,4486867,0.0
2021-04-12,41.58,41.6,40.67,41.17,4858366,0.0
2021-04-13,40.62,41.34,39.8437,40.98,8038480,0.0
2021-04-14,41.19,42.015,41,41.27,5335461,0.0
2021-04-15,41.5,41.5,39.68,39.69,6773448,0.0
2021-04-16,39.91,40.32,39.8,40.265,5070690,0.0
2021-04-19,40.21,40.27,39.57,39.78,4956644,0.0
2021-04-20,39.33,39.65,38,39.54,9822478,0.0
2021-04-21,39.47,41.26,38.67,41.2,9290126,0.0
2021-04-22,40.9,42.1,40.37,40.75,7880238,0.0
2021-04-23,41.085,41.5499,40.84,41.51,3705459,0.0
2021-04-26,41.76,42.3,41.385,41.48,4259245,0.0
2021-04-27,41.48,42.4455,41.3,42.19,5900978,0.0
2021-04-28,42.45,42.56,41.37,42.01,7469385,0.0
2021-04-29,42.8,42.74,39.99,40.41,9108501,0.0
2021-04-30,40.09,40.98,39.92,40.73,5356533,0.0
2021-05-03,40.93,41.55,40.68,41.27,4255656,0.0
2021-05-04,40.95,41.05,39.53,40.54,5065526,0.0
2021-05-05,41.15,42.225,40.931,41.75,6215994,0.0
2021-05-06,41.04,41.34,38.89,38.92,10461620,0.0
2021-05-07,39.25,40.24,39.14,39.92,6693734,0.0
2021-05-10,40.02,40.11,39.13,39.46,5667163,0.0
2021-05-11,38.5,39.36,38.05,38.77,6436931,0.0
2021-05-12,38.66,38.905,36.99,37.15,7354610,0.0
2021-05-13,37.36,38.13,36.66,37.47,7553503,0.0
2021-05-14,37.79,39.18,37.71,39.12,5938472,0.0
2021-05-17,38.7,38.82,37.815,38.76,5831006,0.0
2021-05-18,39.51,40.83,39.45,39.49,14029052,0.0
2021-05-19,38.49,39.32,38.25,39.29,8527101,0.0
2021-05-20,39.32,39.965,38.7,39.92,6259122,0.0
2021-05-21,40.16,40.63,39.64,39.71,5279375,0.0
2021-05-24,40,42.12,39.75,41.74,10263158,0.0
2021-05-25,42.15,43.25,41.79,42.2,9807223,0.0
2021-05-26,42.23,43.111,42.2,42.87,8657410,0.0
2021-05-27,42.8,43.86,42.25,43.8,8220624,0.0
2021-05-28,43.65,43.65,42.58,42.87,5766906,0.0
2021-06-01,43.145,43.56,43.13,43.39,5913499,0.0
2021-06-02,43.56,43.62,43.05,43.23,3986125,0.0
2021-06-03,43.23,43.13,42.275,42.54,3847689,0.0
2021-06-04,43.02,43.23,42.36,42.77,3300382,0.0
2021-06-07,42.58,43.48,42.49,43.4,4946640,0.0
2021-06-08,43.05,44.395,42.96,44.16,7169361,0.0
2021-06-09,44.03,44.1,43.265,43.53,4729373,0.0
2021-06-10,43.64,43.89,42.66,42.68,4463979,0.0
2021-06-11,42.7,43.22,42.51,43.22,3649081,0.0
2021-06-14,43.16,43.32,42.06,42.23,3228306,0.0
2021-06-15,42.24,42.83,42.12,42.25,3137696,0.0
2021-06-16,42.18,42.51,41.65,42.1,3797574,0.0
2021-06-17,42.08,42.79,41.06,41.37,4091062,0.0
2021-06-18,40.8,41.42,40.5,40.85,4892075,0.0
2021-06-21,41.06,42.21,40.75,42.08,4070370,0.0
2021-06-22,42.07,42.57,41.52,42.29,2972869,0.0
2021-06-23,42.37,43.44,42.32,43.12,5889421,0.0
2021-06-24,44.09,45.34,44.05,44.05,9074018,0.0
2021-06-25,44.26,44.2,43.7337,43.9,4409187,0.0
2021-06-28,43.65,43.75,41.74,42.38,6101077,0.0
2021-06-29,42.5,42.83,42.05,42.2,3983669,0.0
2021-06-30,42.2,43.13,42.09,42.64,3404211,0.0
2021-07-01,42.91,43.82,42.81,43.53,4390936,0.0
2021-07-02,43.58,43.685,43.07,43.25,3143203,0.0
2021-07-06,43.14,43.28,41.15,41.25,4870392,0.0
2021-07-07,41.18,41.65,39.75,40.37,5415446,0.0
2021-07-08,39.19,40.675,39.02,40.32,4874491,0.0
2021-07-09,40.76,41.98,40.35,41.6,4968849,0.0
2021-07-12,41.25,41.9435,40.85,41.53,3391610,0.0
2021-07-13,41.31,41.37,40.475,40.65,3563855,0.0
2021-07-14,41.13,41.3,39.78,39.98,4092313,0.0
2021-07-15,39.69,39.77,38.59,39.2,6909962,0.0
2021-07-16,39.54,39.88,37.75,37.93,6411257,0.0
2021-07-19,36.03,37.605,35.72,36.64,9425446,0.0
2021-07-20,36.65,38.78,36.371,38.4,5597786,0.0
2021-07-21,38.78,39.995,38.62,39.86,5382820,0.0
2021-07-22,39.54,39.65,38.74,39.24,3965173,0.0
2021-07-23,39.43,39.58,38.55,38.77,4763992,0.0
2021-07-26,38.5,39.19,37.99,39.19,4184861,0.0
2021-07-27,38.84,39.25,37.27,38.04,5773382,0.0
2021-07-28,38.5,39.02,37.43,38.4,4659207,0.0
2021-07-29,38.6,39.08,38.105,38.2,5488723,0.0
2021-07-30,37.71,38.75,37.385,37.53,6041241,0.0
2021-08-02,37.75,39.0875,37.25,37.38,6173374,0.0
2021-08-03,37.37,37.4999,36.1,36.95,7789166,0.0
2021-08-04,37.8,38.5904,37.18,37.28,8958469,0.0
2021-08-05,36.72,40,36.71,39.68,9855976,0.0
2021-08-06,39.9,40.1,39.32,39.8,5698955,0.0
2021-08-09,39.7,39.7,38.32,39.21,5039919,0.0
2021-08-10,39.23,39.91,39.1057,39.72,4495548,0.0
2021-08-11,39.54,40.635,39.0991,40.56,4513316,0.0
2021-08-12,40.52,40.75,39.84,40.72,3701960,0.0
2021-08-13,40.78,40.91,40.22,40.42,3815847,0.0
2021-08-16,40.02,40.02,38.91,39.41,4942086,0.0
2021-08-17,38.79,38.92,37.5,37.94,5529170,0.0
2021-08-18,37.8,38.995,37.565,38.65,5964803,0.0
2021-08-19,38,38.58,37.21,37.66,5360164,0.0
2021-08-20,37.49,38.42,37.365,38.39,4823247,0.0
2021-08-23,38.99,39.77,38.86,39.52,3965842,0.0
2021-08-24,40,41.25,39.95,40.91,8656445,0.0
2021-08-25,41.04,42.235,40.7,42.13,5762322,0.0
2021-08-26,41.9,42.7,41.61,41.98,4898614,0.0
2021-08-27,42.15,43.64,42.1,43.32,5022908,0.0
2021-08-30,43.08,43.2,42.39,42.66,4348425,0.0
2021-08-31,42.69,42.98,42.19,42.61,3635218,0.0
2021-09-01,42.85,42.92,42.15,42.21,3773258,0.0
2021-09-02,42.4,43,41.9041,42.57,4740520,0.0
2021-09-03,42.48,43.4,42.12,42.53,4076334,0.0
2021-09-07,42.42,43.62,42.2,43.44,4200885,0.0
2021-09-08,43.24,43.77,41.945,42.45,5305224,0.0
2021-09-09,42.45,43.145,42.31,42.76,4115713,0.0
2021-09-10,43,43.04,42.26,42.29,4197821,0.0
2021-09-13,43.4,43.4,41.89,43.1,6744743,0.0
2021-09-14,41.73,42.19,40.73,41.41,7705130,0.0
2021-09-15,40.59,40.75,39.235,40.38,12372538,0.0
2021-09-16,40.14,41.67,39.94,41.3,5400451,0.0
2021-09-17,41.28,42.38,41.18,41.55,5834825,0.0
2021-09-20,40.76,41.98,40.4899,41.29,6039263,0.0
2021-09-21,41.7,42.72,39.82,40.54,13573473,0.0
2021-09-22,41.17,43.9,41.09,43.03,14615600,0.0
2021-09-23,43.1,45.1,43.02,44.64,12414201,0.0
2021-09-24,44.6,45.355,44.13,44.61,6863273,0.0
2021-09-27,44.56,46.065,44.435,45.09,8005751,0.0
2021-09-28,45.04,45.52,44.71,44.88,5809226,0.0
2021-09-29,45.14,45.29,43.575,43.84,6105239,0.0
2021-09-30,44,44.03,43.07,43.13,4609734,0.0
2021-10-01,43.34,45.1,43.28,44.86,8973336,0.0
2021-10-04,44.86,45.24,44.2,44.5,5577060,0.0
2021-10-05,44.66,45.91,44.26,44.95,7455440,0.0
2021-10-06,44.35,44.96,43.97,44.65,3618794,0.0
2021-10-07,45.06,45.37,44.505,44.78,5364863,0.0
2021-10-08,44.95,45.11,44.38,44.44,7409648,0.0
2021-10-11,44.35,45.22,44.245,44.4,5794126,0.0
2021-10-12,45.26,48.939,45.11,48.69,27544734,0.0
2021-10-13,48.52,48.93,47.67,48.15,7856855,0.0
2021-10-14,48.61,48.88,47.95,48.44,4238363,0.0
2021-10-15,48.83,49.13,47.87,47.95,3964894,0.0
2021-10-18,47.81,48.37,47.36,48.25,4266952,0.0
2021-10-19,48.55,48.57,47.36,47.46,4462386,0.0
2021-10-20,47.45,47.89,46.77,47.07,3034431,0.0
2021-10-21,47,48.47,47,48.06,5173569,0.0
2021-10-22,48.1,48.44,47.61,48.02,2698259,0.0
2021-10-25,48.07,48.63,47.755,48.15,2853579,0.0
2021-10-26,48.4,48.69,47,47.24,4285790,0.0
2021-10-27,47.3,47.65,46.93,47.02,3148437,0.0
2021-10-28,47.25,47.28,46.1537,46.96,3293396,0.0
2021-10-29,46.91,47.766,46.69,47.17,4392695,0.0
2021-11-01,47.44,48.48,47.06,48.48,4237277,0.0
2021-11-02,47.94,48.07,47.1,47.88,3677547,0.0
2021-11-03,47.75,49.01,47.17,48.68,6160439,0.0
2021-11-04,49.47,50.39,47.02,47.4,8804067,0.0
2021-11-05,49.64,51.03,49.24,50.37,7808687,0.0
2021-11-08,50.9,51.17,48.52,48.54,5536471,0.0
2021-11-09,48.49,48.679,47.02,47.34,4924471,0.0
2021-11-10,46.82,47.65,45.91,46.04,3387149,0.0
2021-11-11,46.19,46.28,45.35,45.43,3339837,0.0
2021-11-12,45.6,45.74,44.61,45.09,4269415,0.0
2021-11-15,45.36,46.09,45.37,45.82,2778938,0.0
2021-11-16,45.9,46.05,44.87,45.65,3890236,0.0
2021-11-17,45.51,46.2,45.24,45.51,2725449,0.0
2021-11-18,45.53,45.7799,44.25,44.33,4163754,0.0
2021-11-19,43.8,44.77,43.54,44.28,5602978,0.0
2021-11-22,44.64,45.16,44.05,44.53,3424445,0.0
2021-11-23,44.57,44.96,42.405,42.51,8072405,0.0
2021-11-24,42.08,43.47,41.79,42.85,4930652,0.0
2021-11-26,40,41.99,39.17,41.81,7345890,0.0
2021-11-29,42.33,42.98,40.99,41.13,6724887,0.0
2021-11-30,40.8,41.14,39.01,39.58,7775858,0.0
2021-12-01,40.32,41.94,38.11,38.32,9999066,0.0
2021-12-02,38.61,41.33,38.55,41.23,8161394,0.0
2021-12-03,40.99,41.21,39.69,40.16,7114401,0.0
2021-12-06,40.72,43.42,40.29,42.23,8622468,0.0
2021-12-07,43.36,43.78,42.51,42.75,5290284,0.0
2021-12-08,42.89,43.94,42.76,42.89,5027207,0.0
2021-12-09,42.24,42.92,42.12,42.21,3666615,0.0
2021-12-10,42.5,42.74,41.33,41.39,6426626,0.0
2021-12-13,41.04,41.54,39.715,40.36,3126429,0.0
2021-12-14,40,41.825,39.8,41.24,9355906,0.0
2021-12-15,41.12,41.62,40.01,41.37,5560700,0.0
2021-12-16,41.68,42.28,40.73,40.8,5679354,0.0
2021-12-17,40.73,42.53,40.31,42.27,6426123,0.0
2021-12-20,41.07,42.51,41.05,42.07,4828211,0.0
2021-12-21,42.47,45.195,42.47,44.8,5934957,0.0
2021-12-22,44.61,45.83,44.52,45.28,5347839,0.0
2021-12-23,46.03,46.64,45.44,45.74,3350865,0.0
2021-12-27,45.3,45.4285,44.695,45.21,2951398,0.0
2021-12-28,44.84,45.49,44.2,44.25,3994527,0.0
2021-12-29,44.18,45.09,43.82,44.5,3230308,0.0
2021-12-30,44.49,45.43,44.25,44.75,3033887,0.0
2021-12-31,44.63,45.23,44.59,44.88,2596242,0.0
2022-01-03,44.88,46.37,44.8,45.47,4687241,0.0
2022-01-04,46.2,46.6,45.07,45.4,3579747,0.0
2022-01-05,45.345,45.5,43.02,43.04,4904614,0.0
2022-01-06,43.49,44.76,43.42,44.32,4282153,0.0
2022-01-07,44.695,45.38,44.34,44.54,3903574,0.0
2022-01-10,44.27,44.77,42.28,43.62,4207779,0.0
2022-01-11,43.47,45.28,43.41,44.94,3825782,0.0
2022-01-12,45.27,45.45,44.23,44.81,4063181,0.0
2022-01-13,44.82,45.7,44.04,44.25,3833409,0.0
2022-01-14,46.23,46.44,43.61,44.47,4575482,0.0
2022-01-18,43.91,44.73,43.405,43.87,3911639,0.0
2022-01-19,44.14,44.32,42.11,42.22,5127393,0.0
2022-01-20,42.31,43.42,41.44,41.54,4551293,0.0
2022-01-21,41.51,42.25,40.43,40.95,5649221,0.0
2022-01-24,39.81,41.99,39.05,41.88,6072685,0.0
2022-01-25,41.29,42.51,40.735,41.98,3898822,0.0
2022-01-26,42.6,43.45,41.43,41.67,5028903,0.0
2022-01-27,42.07,42.71,40.34,40.61,4804734,0.0
2022-01-28,40.81,41.65,39.86,41.63,4673874,0.0
2022-01-31,41.48,42.79,41.22,42.71,4035984,0.0
2022-02-01,43.2,44.3199,42.75,44.17,4432054,0.0
2022-02-02,44.2,44.39,43.31,43.6437,2996041,0.0
2022-02-03,43.26,44.05,42.95,42.99,3031853,0.0
2022-02-04,42.82,44.83,42.62,44.54,4334538,0.0
2022-02-07,44.68,46.03,44.68,45.6,5764937,0.0
2022-02-08,46.12,47.38,45.7,47.21,8497118,0.0
2022-02-09,47.43,48.7,47.3,48.52,5285405,0.0
2022-02-10,48.06,49,46.62,47.07,9246900,0.0
2022-02-11,47.2,47.95,45.18,45.42,6360695,0.0
