Date,Open,High,Low,Close,Volume,OpenInterest
2020-09-21,219.06,220.342,215.74,218.27,1099003,0.0
2020-09-22,219.25,221.88,217.37,221.47,358411,0.0
2020-09-23,221.65,225.43,218.955,220.06,653491,0.0
2020-09-24,218.7,223.955,216.69,220.92,479761,0.0
2020-09-25,218.65,226.89,217.99,225.95,378335,0.0
2020-09-28,229.29,234.29,228.58,231.89,474530,0.0
2020-09-29,231.13,232.26,227.24,231.06,805865,0.0
2020-09-30,232.72,238.6306,231.81,235.37,996915,0.0
2020-10-01,237.28,241.24,233.13,234.89,1121299,0.0
2020-10-02,230.59,244.79,230.59,240.55,1310894,0.0
2020-10-05,243.75,252.76,242.82,249.18,1747252,0.0
2020-10-06,251.78,261.64,248.74,249.64,1873909,0.0
2020-10-07,253.46,268.36,252.64,264.86,2384138,0.0
2020-10-08,270,276.29,269.35,275.82,1587608,0.0
2020-10-09,276.4,277.43,266.885,273.05,1755446,0.0
2020-10-12,274.65,275.11,269.17,270.19,980934,0.0
2020-10-13,260.51,263.69,257.525,261.02,1045439,0.0
2020-10-14,262.26,264.59,258.5,259.97,767647,0.0
2020-10-15,256.78,259.28,254.19,256.99,1398562,0.0
2020-10-16,258.63,262.52,256.58,259.12,872071,0.0
2020-10-19,259.01,259.3446,254.035,256.79,491252,0.0
2020-10-20,260.16,261.18,254.72,257.07,626022,0.0
2020-10-21,256.18,260.71,254.57,256.07,388526,0.0
2020-10-22,254.02,261.82,254,259.1,526385,0.0
2020-10-23,261.94,262.93,258.48,262.47,420473,0.0
2020-10-26,258.15,259.02,252.07,254.28,586152,0.0
2020-10-27,254.88,258.64,253.7383,255.53,455373,0.0
2020-10-28,249.14,252.17,243.75,247.79,967993,0.0
2020-10-29,250.91,269.03,250,263.67,1882728,0.0
2020-10-30,260.76,269.78,259.29,266.35,958529,0.0
2020-11-02,269.84,275.49,268.4,270.98,1221664,0.0
2020-11-03,275.5,278,271.61,276.29,817371,0.0
2020-11-04,252.64,266.39,239.7,253.77,3479970,0.0
2020-11-05,256.12,266.06,255.04,260.26,1335568,0.0
2020-11-06,256.92,265.7,253.35,256.17,960789,0.0
2020-11-09,270.97,275.965,257.01,261.43,1099099,0.0
2020-11-10,263.45,277.42,263.25,266.02,1076027,0.0
2020-11-11,266.69,266.69,258.32,265.98,752229,0.0
2020-11-12,263.88,263.99,258.83,260.73,811251,0.0
2020-11-13,262.46,269.995,260.59,264.675,554672,0.0
2020-11-16,270.82,274.71,266.675,271.41,761325,0.0
2020-11-17,268.81,270.665,265.97,269.42,461828,0.0
2020-11-18,270.74,274.63,268.11,269.56,540747,0.0
2020-11-19,268.05,274.23,266.41,269.57,498599,0.0
2020-11-20,266.56,266.81,259.115,265.6,716897,0.0
2020-11-23,269,271.1829,265.985,266.66,483965,0.0
2020-11-24,270.15,277.56,267.335,274.65,943479,0.0
2020-11-25,272.56,274.09,265.25,272.82,434142,0.0
2020-11-27,272.45,272.915,268.17,270.88,269028,0.0
2020-11-30,269.28,269.28,261.82,265.39,335885,0.0
2020-12-01,270.46,278.9,268.17,275.47,603355,0.0
2020-12-02,273.46,275.46,270.01,273.41,305302,0.0
2020-12-03,271.94,282.84,268.08,280.96,482307,0.0
2020-12-04,282,287.15,281.38,284.94,383175,0.0
2020-12-07,283.01,286.42,281.08,284.94,246267,0.0
2020-12-08,282.27,287.505,280.41,282.82,329156,0.0
2020-12-09,281,281.605,274.55,276.81,484490,0.0
2020-12-10,274.67,274.67,264.58,266.74,637876,0.0
2020-12-11,266.71,268.92,264.18,267.16,360108,0.0
2020-12-14,270.16,270.42,258.18,259.57,505034,0.0
2020-12-15,262.11,266.85,259.2648,266.64,505287,0.0
2020-12-16,266.67,267.32,261.64,262.24,383069,0.0
2020-12-17,263.86,266.36,262.45,265.91,378590,0.0
2020-12-18,267.6,277.375,267.06,276.47,711698,0.0
2020-12-21,270.72,278.85,269.08,275.66,356250,0.0
2020-12-22,277.39,278.77,272.98,273.38,311080,0.0
2020-12-23,273.11,275.61,270.76,273.8,214207,0.0
2020-12-24,274.94,275.7499,271.07,275.5,62125,0.0
2020-12-28,276.34,281.97,274.25,278.78,225096,0.0
2020-12-29,279.5,281.18,273.215,273.86,306203,0.0
2020-12-30,276.03,282.405,275.5,280.94,223031,0.0
2020-12-31,279.65,284.61,278.11,283.96,239867,0.0
2021-01-04,284,288.85,276.33,277.93,599992,0.0
2021-01-05,277.54,283.39,274.64,281,606522,0.0
2021-01-06,300,307.4,297.03,302.65,2411542,0.0
2021-01-07,309.46,309.8738,302.0601,307.83,629116,0.0
2021-01-08,307.21,311.45,304.85,310.42,443625,0.0
2021-01-11,305.74,311.46,303.79,310.06,322840,0.0
2021-01-12,310.06,319.01,308.26,314.72,794314,0.0
2021-01-13,312.14,313.81,303,305.02,1092280,0.0
2021-01-14,307.09,308.36,301.18,302.83,602185,0.0
2021-01-15,300.83,304.43,296.44,303.54,429799,0.0
2021-01-19,305,309.48,302.58,306.72,511520,0.0
2021-01-20,307.41,311.03,306.52,309.82,466930,0.0
2021-01-21,308.39,314.68,307.08,310,481974,0.0
2021-01-22,307.59,311.925,305.61,309.6,392634,0.0
2021-01-25,309,310.08,303.49,307.36,773910,0.0
2021-01-26,309.94,310,292.93,293.09,558836,0.0
2021-01-27,287.73,292.74,280.38,285.07,610016,0.0
2021-01-28,288.94,291.58,286.285,288.9,357238,0.0
2021-01-29,286.58,292.07,282.55,287.4,497381,0.0
2021-02-01,289.57,297.06,287.65,295.83,417214,0.0
2021-02-02,298.26,298.81,294.59,294.7,287080,0.0
2021-02-03,295.52,297.25,293.07,294.89,378955,0.0
2021-02-04,295.94,298.09,292.91,295.06,339979,0.0
2021-02-05,299.28,299.315,294.69,297.6,295826,0.0
2021-02-08,300,303.32,297.57,300.97,415350,0.0
2021-02-09,302.26,311.74,300.1,305.83,491712,0.0
2021-02-10,309.02,317.23,305.38,315.62,605561,0.0
2021-02-11,317.75,321.61,315.11,318.57,477613,0.0
2021-02-12,317.18,332.31,317.18,330.82,521637,0.0
2021-02-16,332.22,333.99,321.62,325.52,398134,0.0
2021-02-17,322.74,325.77,315.8,325.06,319117,0.0
2021-02-18,322.83,325.94,319.58,325.15,244692,0.0
2021-02-19,328.14,338.77,326.8101,336.34,579603,0.0
2021-02-22,334.24,335.66,327.2,328.1,409973,0.0
2021-02-23,330.5,337.477,321.23,335.81,502587,0.0
2021-02-24,336.35,348.3299,333.99,347.41,514144,0.0
2021-02-25,347.36,347.36,334.08,336.32,358548,0.0
2021-02-26,336.3,339.55,329.4401,336.88,360636,0.0
2021-03-01,344.33,353.56,343.655,347.56,649585,0.0
2021-03-02,348.32,349.62,334.58,336.59,486433,0.0
2021-03-03,336.14,341.54,336.14,337.2,313163,0.0
2021-03-04,335.44,338.97,322.55,330.12,383668,0.0
2021-03-05,334.99,335.77,316.37,329.69,951457,0.0
2021-03-08,330,340.64,328.25,334.17,421901,0.0
2021-03-09,335.97,337.12,330.44,332.67,234827,0.0
2021-03-10,333.11,342.75,330.01,340.99,323186,0.0
2021-03-11,345.86,349.61,338,340.59,336334,0.0
2021-03-12,341.18,344.45,338.25,344.03,216299,0.0
2021-03-15,342.65,345.2696,338.27,343.71,249001,0.0
2021-03-16,343.71,344.94,337,337.88,317391,0.0
2021-03-17,338.66,340.3918,333.68,340.13,227907,0.0
2021-03-18,340.96,345.14,337.66,339.69,295016,0.0
2021-03-19,337.45,337.765,331.49,332.33,439726,0.0
2021-03-22,331.64,332.1999,318.66,321.82,848235,0.0
2021-03-23,321.07,322.38,312.42,316.24,580557,0.0
2021-03-24,320.7,327.87,319.99,322.22,297446,0.0
2021-03-25,322.87,335.07,317.24,333.23,407712,0.0
2021-03-26,342.6,344.9,335.5,340.92,613460,0.0
2021-03-29,345,347.02,338.44,340.68,484621,0.0
2021-03-30,338.07,348.13,338.07,343.26,415508,0.0
2021-03-31,348,352.36,331.67,336.15,766491,0.0
2021-04-01,334.2,339.145,329.81,333.89,658376,0.0
2021-04-05,338.42,345.58,338.1514,344.22,380614,0.0
2021-04-06,343.75,345.19,340.27,344.05,249529,0.0
2021-04-07,344.25,344.9,335.57,337.21,380524,0.0
2021-04-08,336.24,342.25,331.77,341.67,287894,0.0
2021-04-09,342.5,346.992,341.07,346.04,284238,0.0
2021-04-12,347.51,349.43,343.81,348.86,270246,0.0
2021-04-13,346.29,346.83,341.16,343.43,406154,0.0
2021-04-14,341.94,350.21,341.43,347.65,396599,0.0
2021-04-15,348.91,348.91,344.325,347.94,274152,0.0
2021-04-16,350.9,353.09,349.5485,351.57,344041,0.0
2021-04-19,350.19,352.04,348.09,350.83,212534,0.0
2021-04-20,349.69,351.62,342.2,344.79,262584,0.0
2021-04-21,343.53,353,341.5,351.95,366084,0.0
2021-04-22,350.93,353.755,345.47,348.54,199997,0.0
2021-04-23,350.37,352.475,347.82,350.58,146215,0.0
2021-04-26,352.44,358.01,352.4001,357.71,313056,0.0
2021-04-27,357.62,361.32,357.02,357.37,194133,0.0
2021-04-28,359.8,360.46,353.8271,355.51,137939,0.0
2021-04-29,357.5,359.35,355.05,359.13,171917,0.0
2021-04-30,357.64,357.81,350.93,353.11,235552,0.0
2021-05-03,356.75,357.21,351.025,354.34,386251,0.0
2021-05-04,354.5,373.94,354.5,373.29,627820,0.0
2021-05-05,376.7,376.7,370.07,374.43,248872,0.0
2021-05-06,374.74,375.04,368.95,372.26,296791,0.0
2021-05-07,371.98,378.73,369.86,378.3,202510,0.0
2021-05-10,380,383.71,374.835,375.4,262884,0.0
2021-05-11,371.04,377.26,367.66,377.1,257130,0.0
2021-05-12,377.19,378.28,366.88,367.71,222311,0.0
2021-05-13,367.83,376.06,367.5845,374.47,190577,0.0
2021-05-14,377.21,381.2433,375.36,378.06,143312,0.0
2021-05-17,376.5,378.6,372.161,376.05,447290,0.0
2021-05-18,377.03,379.595,372.35,372.48,397851,0.0
2021-05-19,363.78,365.7,358.2402,363.84,274868,0.0
2021-05-20,363.76,366.324,357.9,361.81,322086,0.0
2021-05-21,364.56,370.56,361.806,362.54,199671,0.0
2021-05-24,366.94,368.745,361.35,366.46,284448,0.0
2021-05-25,368.38,370.909,362.07,362.38,259271,0.0
2021-05-26,362.95,369.72,362.54,367.98,432197,0.0
2021-05-27,372.4,376.19,370.15,370.69,459470,0.0
2021-05-28,370.46,372.34,363.065,363.63,397373,0.0
2021-06-01,367.93,369,362.74,363.71,352757,0.0
2021-06-02,364.54,364.68,355.9425,356.88,420267,0.0
2021-06-03,355.54,361.83,353.4812,359.56,440869,0.0
2021-06-04,360.48,361.14,348,351.86,558413,0.0
2021-06-07,355,357.94,351.89,354.08,282246,0.0
2021-06-08,353.58,362.765,352.7101,361.92,348616,0.0
2021-06-09,360.72,362.52,357.35,359.11,268409,0.0
2021-06-10,361.18,361.71,349.88,350.11,254916,0.0
2021-06-11,352.87,354.97,350.65,352.79,178553,0.0
2021-06-14,352.34,353.04,345.01,347.22,195876,0.0
2021-06-15,348,349.07,343.78,346.37,283732,0.0
2021-06-16,345.42,346.26,340.91,342.98,207227,0.0
2021-06-17,343.46,344.95,331,336.42,317870,0.0
2021-06-18,332.37,338.22,329.69,335.56,401924,0.0
2021-06-21,339.03,343.915,338.325,342.4,189872,0.0
2021-06-22,343.87,346.01,341.09,344.63,230210,0.0
2021-06-23,345,351.96,342.595,350.08,400518,0.0
2021-06-24,353.48,362.84,350.01,358.66,531083,0.0
2021-06-25,369.39,368.06,359.16,359.25,282965,0.0
2021-06-28,359.51,360.46,355,358.3,221852,0.0
2021-06-29,361.21,362.82,349.35,352.42,397885,0.0
2021-06-30,351.1,353.02,345.82,351.78,344953,0.0
2021-07-01,352.58,353.88,349.73,352.52,281655,0.0
2021-07-02,352.38,353.66,347.4301,349.7,286412,0.0
2021-07-06,348.44,350.0041,341.82,348.31,193571,0.0
2021-07-07,348.87,356.71,348.84,356.24,204895,0.0
2021-07-08,349.9,354.53,346.44,351.35,357816,0.0
2021-07-09,357,362.49,355.49,357.73,247970,0.0
2021-07-12,353.7,357.18,351.52,355.19,238171,0.0
2021-07-13,353.99,355.48,350.94,352.1,197674,0.0
2021-07-14,351.83,356.5,350.26,355.47,264630,0.0
2021-07-15,353.42,361.89,353.42,356.75,332710,0.0
2021-07-16,356.93,356.93,351.22,351.5,196292,0.0
2021-07-19,345.25,346.25,335.47,339.79,401757,0.0
2021-07-20,340.5,350.43,340.1,346.97,280704,0.0
2021-07-21,349.23,353.46,347.48,352.49,200228,0.0
2021-07-22,351.94,351.94,345.73,350.6,181440,0.0
2021-07-23,353.57,356.39,351.06,356.1001,168911,0.0
2021-07-26,356.79,358.475,352.46,352.79,172488,0.0
2021-07-27,349.28,354,345.51,353.4,188024,0.0
2021-07-28,354.96,370.5,349.2575,367.24,738377,0.0
2021-07-29,372.5,378.99,360.42,367.26,458611,0.0
2021-07-30,365.24,368.7623,358.71,363.47,327996,0.0
2021-08-02,363.71,372.62,361.75,362.53,353196,0.0
2021-08-03,363,364.48,357.36,362.52,242172,0.0
2021-08-04,359.29,369.57,357.38,366.4,272966,0.0
2021-08-05,368.88,369.54,359.47,362.34,173253,0.0
2021-08-06,367,368.45,364.605,366.63,147354,0.0
2021-08-09,367.45,373.47,365.61,369.3,173960,0.0
2021-08-10,369.9,382.38,369.9,378.13,446687,0.0
2021-08-11,380.46,391.76,378.98,390.41,464840,0.0
2021-08-12,390.02,391.5,385.7701,389.14,152783,0.0
2021-08-13,391,391,384.22,385.43,171158,0.0
2021-08-16,383,385.59,379.0054,380.83,178253,0.0
2021-08-17,379.22,382.35,374.52,377.64,181777,0.0
2021-08-18,375.75,381.19,374.165,375.4,184633,0.0
2021-08-19,369,375.21,367.85,373.14,135620,0.0
2021-08-20,373.03,375.64,370.725,375.04,161718,0.0
2021-08-23,377.07,380.37,373.79,378.54,191244,0.0
2021-08-24,378.76,380.7,375.99,379.28,148954,0.0
2021-08-25,380.17,391.485,379.64,386.21,199358,0.0
2021-08-26,385.85,387.01,382.74,384.73,143310,0.0
2021-08-27,387.4,388.67,383.425,384.24,157169,0.0
2021-08-30,386.09,387.58,382.7,382.74,115590,0.0
2021-08-31,383,385.34,379.95,381.25,137644,0.0
2021-09-01,382.8,383.09,377.5401,381.1,100520,0.0
2021-09-02,383.39,385.33,375.5635,379.29,230715,0.0
2021-09-03,378.86,379.035,372.17,374.58,195214,0.0
2021-09-07,374,374,367.25,370.15,212310,0.0
2021-09-08,369.14,369.38,363.57,368.23,241244,0.0
2021-09-09,368.52,371.7,365.77,367.89,135763,0.0
2021-09-10,370.72,377.28,369.33,369.33,184517,0.0
2021-09-13,373.19,375.6,367.23,367.73,180852,0.0
2021-09-14,367.86,367.86,360.61,361.67,273907,0.0
2021-09-15,361.33,363.1,359.57,361.29,175020,0.0
2021-09-16,360.51,360.72,353.4,354.16,301100,0.0
2021-09-17,352.39,354.92,340.87,342.68,665626,0.0
2021-09-20,336.11,343.09,335.47,342.65,264077,0.0
2021-09-21,343.85,347.45,340.72,344.41,217573,0.0
2021-09-22,348.04,352.4782,346.2,350.44,244284,0.0
2021-09-23,352.66,361.46,351.65,356.23,187880,0.0
2021-09-24,354.49,356.39,349.35,351.01,313015,0.0
2021-09-27,351.39,358.93,350.68,356.22,240461,0.0
2021-09-28,355.69,361.15,355.01,357.48,555945,0.0
2021-09-29,357.04,360.34,352.84,353.81,494351,0.0
2021-09-30,354.3,354.9317,341.6,341.6,327869,0.0
2021-10-01,341.28,354.76,337.8401,354.02,440356,0.0
2021-10-04,351.67,356.46,347.97,348.84,380505,0.0
2021-10-05,349.03,350.98,343.23,348.065,232834,0.0
2021-10-06,349.4,357.51,349.4,357.38,283989,0.0
2021-10-07,358.8,366.18,358.8,360.68,283876,0.0
2021-10-08,360.21,362.89,357.59,357.81,187543,0.0
2021-10-11,357.46,359.83,350.34,350.38,177331,0.0
2021-10-12,349.18,353.17,348.64,349.16,180385,0.0
2021-10-13,348.55,351.03,343.715,349.1,207713,0.0
2021-10-14,353.1,363.47,352.01,363.26,242273,0.0
2021-10-15,366.02,368.06,362.71,365.75,168248,0.0
2021-10-18,368.88,375.72,366.98,373.7,234972,0.0
2021-10-19,376.36,377.1,369.01,370.74,169164,0.0
2021-10-20,371.68,382.15,371.52,381.79,274284,0.0
2021-10-21,381.08,381.87,378.16,381.44,164974,0.0
2021-10-22,381.47,384.59,380.84,381.33,145242,0.0
2021-10-25,383.35,395.865,381.585,393.94,315821,0.0
2021-10-26,394.34,394.34,389.025,390.88,131459,0.0
2021-10-27,390.63,393.4438,382.595,383.01,200417,0.0
2021-10-28,385.54,395.88,385.54,393.87,312543,0.0
2021-10-29,389.73,395,389.73,392.78,247038,0.0
2021-11-01,394.11,396.72,384.5931,390.01,429912,0.0
2021-11-02,388.39,411.05,383.21,407.83,672017,0.0
2021-11-03,413.5,413.5,406.16,407.83,307354,0.0
2021-11-04,407.99,417.69,403.38,413.1,407626,0.0
2021-11-05,416,422.605,410.69,412.18,277645,0.0
2021-11-08,432.2,435.6152,416.77,425,590552,0.0
2021-11-09,427.97,428.81,416.81,421.97,278178,0.0
2021-11-10,419.18,421.68,410.82,412.81,310425,0.0
2021-11-11,413.54,417.67,411,413.99,151854,0.0
2021-11-12,415.64,420.15,414.74,419.75,159454,0.0
2021-11-15,421.37,422.38,417.13,418.79,136356,0.0
2021-11-16,419.91,424.09,418.77,422.11,146973,0.0
2021-11-17,421.41,425.005,420.44,423.56,196693,0.0
2021-11-18,422.77,425.18,418.13,420.34,238456,0.0
2021-11-19,421.06,423.32,416.55,417.42,135196,0.0
2021-11-22,419.08,425.48,417.17,417.17,224769,0.0
2021-11-23,417.5,422.24,414.17,421.39,137701,0.0
2021-11-24,420.18,424.57,420.18,422.93,103737,0.0
2021-11-26,412.52,416.96,408.81,415.21,155804,0.0
