Date,Open,High,Low,Close,volume,trade_count,vwap
2020-12-31,20.53,20.935,20.4531,20.87,4188229,18010,20.816369
2021-01-04,20.86,20.93,20.185,20.23,4274473,23215,20.341277
2021-01-05,20.26,20.61,20.205,20.58,8098581,22018,20.536533
2021-01-06,20.8,21.21,20.71,20.92,4425115,26486,20.970433
2021-01-07,21.26,21.28,20.8,20.84,2289581,16965,20.929577
2021-01-08,20.95,21.16,20.71,20.94,6985442,22998,20.950123
2021-01-11,20.66,21.24,20.551,21.23,2746909,14162,21.113269
2021-01-12,21.28,21.75,21.25,21.64,3842482,21218,21.631427
2021-01-13,21.58,21.8495,21.45,21.8,4491177,21379,21.723889
2021-01-14,21.85,22.525,21.715,22.37,3749844,22233,22.272634
2021-01-15,22.22,22.42,21.85,22.13,3200509,21319,22.133744
2021-01-19,22.3,22.47,22.15,22.28,6076272,23965,22.294602
2021-01-20,22.39,22.44,22.05,22.28,2734081,15276,22.24655
2021-01-21,22.14,22.25,21.72,21.78,5061971,20914,21.822218
2021-01-22,21.62,21.84,21.445,21.73,3563779,17576,21.686401
2021-01-25,21.62,21.95,21.41,21.5,2562016,22106,21.567913
2021-01-26,21.68,23.99,21.54,22.99,10016688,50246,22.587573
2021-01-27,22.56,23.515,22.4,23.19,5685406,40127,23.117912
2021-01-28,23.5,23.98,22.72,22.96,4999336,29603,23.122368
2021-01-29,22.9,23.12,22.3,22.33,2421772,19064,22.570696
2021-02-01,22.56,22.92,22.4,22.82,2732647,20168,22.715385
2021-02-02,22.99,23.0,21.97,22.11,3963865,27125,22.230264
2021-02-03,22.09,22.62,21.98,22.53,2617019,12803,22.478992
2021-02-04,22.53,22.77,22.5,22.69,2819983,15378,22.664641
2021-02-05,22.77,22.96,22.46,22.69,2454674,10380,22.725785
2021-02-08,22.77,22.87,22.54,22.82,3221930,15734,22.762168
2021-02-09,22.92,23.33,22.53,23.32,2359771,16024,23.081954
2021-02-10,23.47,23.54,23.1,23.29,2227400,13654,23.272805
2021-02-11,23.3,23.575,22.98,23.13,4046090,14638,23.157301
2021-02-12,23.12,23.8,23.09,23.78,2933402,16659,23.508979
2021-02-16,23.8,23.97,23.375,23.41,1352905,11405,23.552553
2021-02-17,23.31,23.45,23.11,23.34,1478620,12334,23.341651
2021-02-18,23.3,23.38,23.09,23.09,3049486,15670,23.154937
2021-02-19,23.21,23.455,23.11,23.38,2862023,17096,23.345224
2021-02-22,23.3,23.775,23.17,23.6,3466435,16286,23.604274
2021-02-23,23.74,23.75,23.07,23.48,1878285,17282,23.400043
2021-02-24,23.44,24.38,23.4,24.32,5235946,31482,24.126563
2021-02-25,24.21,24.21,22.37,22.7,4654985,34531,22.864281
2021-02-26,22.76,22.9,22.05,22.41,3793528,24072,22.431049
2021-03-01,22.76,23.28,22.66,23.14,2913432,25143,23.23955
2021-03-02,23.96,25.05,23.9,24.89,9637405,39190,24.774619
2021-03-03,24.69,24.85,24.065,24.1,7069721,23078,24.175865
2021-03-04,25.0,25.1,23.59,23.86,10501413,32520,23.99884
2021-03-05,24.06,24.98,23.61,24.95,11792808,56009,24.596855
2021-03-08,25.1,26.54,25.0,26.26,6502218,35492,26.099031
2021-03-09,26.04,26.34,25.69,25.8,7441940,27557,25.952981
2021-03-10,25.99,26.09,25.64,25.98,4033110,18135,25.97001
2021-03-11,26.15,26.25,25.96,26.06,3644414,21750,26.080344
2021-03-12,26.28,26.44,26.1,26.14,3653172,17532,26.164582
2021-03-15,26.03,26.69,26.0,26.62,5569946,18783,26.558654
2021-03-16,26.59,26.59,26.01,26.29,3289803,24290,26.209967
2021-03-17,26.36,26.72,26.01,26.61,3267518,28380,26.465481
2021-03-18,26.57,26.74,25.92,26.02,2676156,21175,26.279371
2021-03-19,26.03,26.43,25.7,26.23,5141666,20851,26.214063
2021-03-22,26.26,26.26,25.88,26.18,3949258,13260,26.150982
2021-03-23,26.02,26.11,25.205,25.29,2099791,14234,25.462903
2021-03-24,25.35,25.625,24.91,25.0,3591798,19475,25.117215
2021-03-25,24.83,25.49,24.62,25.41,2427479,17844,25.221652
2021-03-26,25.68,25.8,25.19,25.5,4718958,25912,25.48134
2021-03-29,25.44,25.55,24.255,24.52,5234840,32434,24.590103
2021-03-30,24.59,25.34,24.53,25.27,2825683,20105,25.138725
2021-03-31,25.18,25.365,25.02,25.15,1733548,14492,25.197258
2021-04-01,25.28,25.4,25.05,25.33,2614001,13708,25.281574
2021-04-05,25.5,25.6,25.31,25.53,6191629,11527,25.525048
2021-04-06,25.57,25.75,25.46,25.56,3917544,24292,25.559803
2021-04-07,25.48,25.59,24.87,25.09,3871944,19164,25.088337
2021-04-08,25.08,25.555,24.93,25.54,2777616,16357,25.413903
2021-04-09,25.65,25.72,25.3106,25.57,3529626,11799,25.540265
2021-04-12,25.53,25.71,25.36,25.59,2430988,11714,25.557679
2021-04-13,25.4,25.585,25.26,25.27,3732699,16031,25.321897
2021-04-14,25.32,25.695,25.24,25.32,3992900,15177,25.369824
2021-04-15,25.52,25.6899,25.32,25.58,2220938,16670,25.457888
2021-04-16,25.74,25.9,25.51,25.69,1581990,10847,25.683568
2021-04-19,25.57,25.6,25.21,25.31,1029789,9307,25.348776
2021-04-20,25.18,25.1899,24.54,24.81,1978668,13423,24.774169
2021-04-21,24.78,25.34,24.62,25.31,1721599,14223,25.161383
2021-04-22,25.45,25.58,25.03,25.12,2135889,13560,25.227522
2021-04-23,25.26,25.75,25.06,25.6,3192813,10720,25.581868
2021-04-26,25.62,25.725,25.41,25.44,5670098,14435,25.463512
2021-04-27,25.44,25.63,25.26,25.53,8060272,14468,25.523782
2021-04-28,25.64,25.825,25.51,25.59,2949608,13116,25.602374
2021-04-29,25.79,26.225,25.705,26.19,1711945,13745,26.046724
2021-04-30,26.08,26.08,25.59,25.65,1964579,17405,25.722264
2021-05-03,25.82,25.91,25.55,25.73,2303881,14455,25.712753
2021-05-04,25.73,25.94,25.41,25.77,3415826,16743,25.716774
2021-05-05,25.83,26.11,25.57,26.0,2654089,16075,25.941832
2021-05-06,26.14,26.74,25.99,26.64,3682416,18029,26.55607
2021-05-07,26.71,27.68,26.71,27.65,5138170,26661,27.487654
2021-05-10,27.74,28.42,27.66,28.08,6741345,30132,28.131416
2021-05-11,27.86,28.095,27.3999,27.99,5166284,28961,27.862709
2021-05-12,27.96,28.0762,27.31,27.31,5382594,31236,27.638815
2021-05-13,27.33,27.94,27.23,27.63,2870312,21304,27.65584
2021-05-14,27.78,28.085,27.67,28.01,1982877,17004,27.936256
2021-05-17,27.94,28.18,27.69,28.1,2478992,15463,28.041872
2021-05-18,28.11,28.21,27.43,27.45,2106586,16407,27.6665
2021-05-19,27.2,27.2,26.7,27.19,3061914,17340,27.09936
2021-05-20,27.18,27.42,26.88,27.22,1732155,13419,27.195679
2021-05-21,26.72,27.26,26.65,27.15,4113386,14608,27.131575
2021-05-24,27.42,27.54,27.1,27.42,2934280,12297,27.413124
2021-05-25,27.43,27.52,26.91,26.96,1756563,14487,27.143154
2021-05-26,26.98,27.18,26.82,27.11,1876866,15881,27.101055
2021-05-27,27.44,27.57,27.29,27.48,1999094,12095,27.471255
2021-05-28,27.59,27.59,27.09,27.21,1963672,16239,27.229496
2021-06-01,27.58,27.64,27.31,27.55,2954157,15301,27.470013
2021-06-02,27.55,27.63,27.33,27.38,5418323,19061,27.388961
2021-06-03,27.23,27.38,27.042,27.21,2537832,13076,27.201551
2021-06-04,27.26,27.37,26.81,27.03,4560433,14841,27.026201
2021-06-07,27.19,27.29,26.865,26.92,4762873,13225,26.935161
2021-06-08,26.82,27.04,26.52,27.03,1707573,15629,26.884838
2021-06-09,27.03,27.228,26.71,26.84,1734183,12056,26.842497
2021-06-10,26.32,26.49,25.55,25.58,2933211,22372,25.843432
2021-06-11,25.72,26.16,25.64,26.14,2983118,15515,26.026548
2021-06-14,26.14,26.27,25.6,25.69,3228435,15344,25.74595
2021-06-15,25.7,25.85,25.58,25.76,1766280,13458,25.73935
2021-06-16,25.68,25.76,25.07,25.3,4120316,13871,25.460135
2021-06-17,25.26,25.43,24.51,24.89,1932499,13151,24.90673
2021-06-18,24.49,24.83,24.44,24.45,3814763,18597,24.515217
2021-06-21,24.71,25.025,24.54,25.0,1691062,13025,24.895905
2021-06-22,24.84,24.865,24.48,24.82,1534239,13610,24.726254
2021-06-23,24.95,24.98,24.63,24.72,1224015,11793,24.784397
2021-06-24,24.8,25.02,24.66,24.96,4101974,14490,24.931903
2021-06-25,25.05,25.44,24.93,25.32,4674160,12788,25.284161
2021-06-28,25.26,25.28,24.36,24.61,2237044,17943,24.600848
2021-06-29,24.61,24.76,24.4,24.41,1565479,11780,24.530278
2021-06-30,24.31,24.685,24.31,24.67,1323267,11633,24.58702
2021-07-01,24.87,24.98,24.62,24.91,1472276,11378,24.887117
2021-07-02,24.95,25.0,24.69,24.74,945532,8114,24.755637
2021-07-06,24.62,24.76,23.99,24.3,2773262,13417,24.250851
2021-07-07,24.21,24.45,23.98,24.26,1081779,10218,24.232684
2021-07-08,23.82,24.03,23.42,23.79,2600868,22080,23.777318
2021-07-09,24.28,24.38,24.08,24.31,2123086,11471,24.286439
2021-07-12,24.23,24.32,23.98,24.3,1087643,8906,24.232818
2021-07-13,24.23,24.265,23.65,23.69,1394484,13153,23.767583
2021-07-14,23.77,24.12,23.69,24.01,2269205,18829,23.989093
2021-07-15,23.76,24.045,23.675,23.9,1839548,13802,23.866014
2021-07-16,24.03,24.16,23.7,23.76,1813843,13778,23.849228
2021-07-19,23.18,23.39,22.95,23.21,2749158,20876,23.178287
2021-07-20,23.3,24.145,23.2299,24.11,2552529,18375,23.964113
2021-07-21,24.37,24.64,24.23,24.35,1945311,14324,24.337053
2021-07-22,24.32,24.4,23.92,24.05,2805521,15715,24.091779
2021-07-23,24.24,24.29,23.965,24.14,1015810,10480,24.098676
2021-07-26,24.13,24.42,24.02,24.4,2096775,11989,24.302775
2021-07-27,24.23,24.38,23.875,24.13,2893780,15343,24.092574
2021-07-28,24.3,24.375,23.665,24.05,2360391,19027,24.003629
2021-07-29,24.18,24.48,23.56,23.64,3267063,25046,23.834135
2021-07-30,23.65,23.95,23.51,23.69,2026870,15225,23.694655
2021-08-02,23.77,24.35,23.59,23.63,4983800,15923,23.679016
2021-08-03,23.76,23.76,23.13,23.54,2975649,15995,23.432552
2021-08-04,23.34,23.43,23.05,23.1,4753811,20481,23.147368
2021-08-05,23.17,23.44,22.998,23.12,1970154,15090,23.186283
2021-08-06,23.33,23.46,23.05,23.18,3462367,13229,23.176763
2021-08-09,23.16,23.18,22.83,22.94,5854269,24953,22.942204
2021-08-10,22.92,23.25,22.83,23.22,4353324,15901,23.07185
2021-08-11,23.26,23.44,23.005,23.43,2028089,15540,23.294703
2021-08-12,23.36,23.46,23.01,23.16,4184332,15549,23.156069
2021-08-13,23.13,23.3199,22.93,23.01,1517742,10952,23.042883
2021-08-16,22.91,23.04,22.7,22.92,2413827,14747,22.915073
2021-08-17,22.68,22.94,22.61,22.82,2389077,18233,22.774174
2021-08-18,22.63,22.705,22.28,22.39,6937782,31007,22.435716
2021-08-19,22.19,22.595,22.14,22.5,3687930,22187,22.463007
2021-08-20,22.44,22.55,22.32,22.5,2950745,17712,22.490442
2021-08-23,22.7,22.79,22.505,22.59,7430667,20815,22.606766
2021-08-24,22.64,22.77,21.79,21.8,13412713,44076,21.948878
2021-08-25,21.8,22.03,21.465,21.94,10248069,39689,21.839198
2021-08-26,21.93,22.002,21.2,21.24,6674294,33402,21.36218
2021-08-27,21.28,21.72,21.21,21.67,2472747,20069,21.583551
2021-08-30,21.73,21.77,21.315,21.38,2751924,19891,21.526845
2021-08-31,21.29,21.62,21.2478,21.46,2339826,13939,21.483165
2021-09-01,21.62,21.715,21.12,21.55,4028306,26247,21.518387
2021-09-02,21.61,21.73,21.05,21.21,4182645,22126,21.36007
2021-09-03,21.14,21.2,20.865,20.98,3812261,14037,21.011727
2021-09-07,20.81,21.05,20.58,20.61,3231203,16434,20.722598
2021-09-08,20.65,20.9,20.61,20.84,4012724,17907,20.776955
2021-09-09,20.79,20.88,20.28,20.28,3246521,20999,20.527472
2021-09-10,20.3,20.31,19.805,19.89,4800242,25745,19.947561
2021-09-13,20.09,20.54,19.94,20.31,3867104,25556,20.310514
2021-09-14,20.4,20.44,19.83,19.96,3078484,22308,20.026635
2021-09-15,20.0,20.31,19.93,20.29,2512465,15131,20.219213
2021-09-16,20.38,20.42,20.05,20.08,2777559,16263,20.138603
2021-09-17,19.87,20.17,19.86,19.99,5656954,19319,20.019077
2021-09-20,19.56,19.66,19.165,19.47,4042025,24263,19.385248
2021-09-21,19.6,19.6,19.13,19.3,4208539,22820,19.332962
2021-09-22,19.49,19.655,19.45,19.53,2699522,18266,19.541845
2021-09-23,19.72,20.03,19.61,19.92,3272142,15603,19.917329
2021-09-24,19.83,19.985,19.7,19.72,2469087,14440,19.781879
2021-09-27,19.88,20.01,19.79,19.84,1705786,12589,19.896401
2021-09-28,19.86,20.03,19.42,19.45,4676824,22015,19.564063
2021-09-29,19.55,19.63,19.25,19.38,3160572,18969,19.361233
2021-09-30,19.42,19.44,19.17,19.19,5521210,24821,19.24323
2021-10-01,19.34,19.62,19.17,19.45,3131224,19794,19.451738
2021-10-04,19.36,19.65,19.36,19.47,2824838,18563,19.485059
2021-10-05,19.55,19.61,19.27,19.42,3823019,21055,19.429242
2021-10-06,19.08,19.265,18.76,19.2,3511410,20809,19.067351
2021-10-07,19.38,19.63,19.28,19.46,3749507,17824,19.485172
2021-10-08,19.52,19.745,19.455,19.56,2159384,14865,19.574948
2021-10-11,19.6,19.69,19.46,19.65,4283520,20473,19.6247
2021-10-12,19.69,20.035,19.59,19.63,5621762,27146,19.754664
2021-10-13,19.63,19.705,19.2,19.32,2470429,17259,19.332214
2021-10-14,19.45,19.755,19.38,19.68,3777102,17354,19.635986
2021-10-15,19.82,19.96,19.7416,19.77,2040780,13327,19.815957
2021-10-18,19.67,19.77,19.525,19.76,3641649,14628,19.714837
2021-10-19,19.84,19.905,19.63,19.9,1646357,11591,19.810583
2021-10-20,19.85,20.11,19.77,20.06,2434366,10595,20.027016
2021-10-21,20.07,20.09,19.691,19.75,1927607,13481,19.804007
2021-10-22,19.74,19.81,19.64,19.67,1583066,11924,19.700459
2021-10-25,19.8,19.8,19.48,19.6,5546404,19215,19.580025
2021-10-26,19.69,19.69,19.37,19.4,3582239,21390,19.490794
2021-10-27,19.37,19.53,19.14,19.42,5019487,29487,19.396927
2021-10-28,19.39,20.95,19.39,20.69,7685693,40473,20.608158
2021-10-29,20.7,20.79,20.155,20.25,3301248,22543,20.311363
2021-11-01,20.35,21.235,20.26,21.16,3325045,23050,20.957207
2021-11-02,21.25,21.25,20.87,20.93,3072078,18410,21.023691
2021-11-03,20.83,21.175,20.775,20.93,4096084,21181,20.977913
2021-11-04,20.97,21.21,20.635,20.83,2259006,14973,20.847561
2021-11-05,21.16,21.405,21.04,21.34,3331098,18814,21.29795
2021-11-08,21.42,21.54,20.65,20.82,4302035,25621,20.896725
2021-11-09,20.79,21.22,20.79,21.09,7533423,24549,21.062696
2021-11-10,20.98,21.725,20.92,21.17,9334826,33749,21.326618
2021-11-11,21.16,21.43,20.88,21.07,4128134,22016,21.176033
2021-11-12,21.16,21.16,20.875,21.09,3960427,16092,21.076542
2021-11-15,21.17,21.71,21.15,21.65,3462710,20318,21.566789
2021-11-16,21.69,21.96,21.54,21.84,2868481,22004,21.826871
2021-11-17,21.7,21.94,21.57,21.91,2252243,17879,21.759166
2021-11-18,22.02,22.088,21.09,21.17,2230749,16702,21.296085
2021-11-19,21.1,21.125,20.9,20.96,1417938,9541,20.995178
2021-11-22,20.96,21.35,20.9,21.17,2780957,13523,21.172958
2021-11-23,21.21,21.42,21.13,21.4,3291003,15193,21.362833
2021-11-24,21.29,21.37,21.06,21.09,3772909,10838,21.128032
2021-11-26,20.53,20.57,20.165,20.3,1925652,10373,20.318419
2021-11-29,20.62,20.62,20.055,20.18,3351159,16666,20.2282
2021-11-30,19.79,19.91,18.8999,19.16,5420770,34362,19.253167
2021-12-01,19.4,19.67,19.14,19.15,4533726,30950,19.30819
2021-12-02,19.26,20.06,19.11,19.87,3237491,20433,19.818886
2021-12-03,19.99,20.085,19.565,19.75,2394276,16767,19.773877
2021-12-06,20.0,20.44,19.97,20.1,2591365,16853,20.143826
2021-12-07,20.18,20.78,20.14,20.58,4201229,19473,20.589914
2021-12-08,20.56,20.97,20.56,20.71,2099635,15332,20.749087
2021-12-09,20.57,20.78,20.46,20.77,2482383,11024,20.713555
2021-12-10,20.96,21.0,20.62,20.68,3426644,13607,20.719193
2021-12-13,20.68,20.96,20.34,20.44,2584853,18243,20.490124
2021-12-14,20.43,20.77,20.09,20.11,7289570,19675,20.166123
2021-12-15,20.11,20.16,19.47,19.99,3773836,18691,19.872827
2021-12-16,20.2,20.76,20.2,20.31,2607148,22243,20.448824
2021-12-17,20.25,20.625,20.21,20.44,5460236,23415,20.448329
2021-12-20,20.01,20.16,19.53,19.87,2626940,19759,19.812937
2021-12-21,20.06,20.4,20.01,20.13,4076599,23304,20.186295
2021-12-22,20.09,20.66,20.03,20.64,5656833,18402,20.595856
2021-12-23,20.74,21.16,20.74,21.04,2841611,16325,21.037553
2021-12-27,20.9,21.3,20.89,21.21,2098279,15649,21.177315
2021-12-28,21.17,21.51,21.145,21.19,1254150,10795,21.278072
2021-12-29,21.19,21.21,20.8,20.86,1353013,10646,20.938475
2021-12-30,20.86,21.08,20.69,20.7,1434196,12803,20.84396
2021-12-31,20.61,20.71,20.38,20.51,2728262,16208,20.522227
2022-01-03,20.7,21.155,20.64,21.11,3501919,20162,21.025391
2022-01-04,21.25,21.665,21.23,21.39,2325904,20156,21.425625
2022-01-05,20.09,20.78,19.89,20.48,5220931,35021,20.392404
2022-01-06,20.77,20.8,20.15,20.36,2639587,21591,20.445318
2022-01-07,20.38,21.01,20.38,21.0,4804472,19766,20.879427
2022-01-10,20.99,21.07,20.05,20.25,6934002,20866,20.2557
2022-01-11,20.27,20.895,20.12,20.89,3343342,18472,20.720887
2022-01-12,21.05,21.16,20.45,20.58,3556484,14795,20.621039
2022-01-13,20.59,20.86,20.415,20.68,1995344,15539,20.667502
2022-01-14,20.57,20.64,20.21,20.51,2552684,14978,20.446154
2022-01-18,20.34,20.56,19.87,19.92,4117888,23559,20.064468
2022-01-19,19.99,20.04,19.59,19.62,2513019,16979,19.698646
2022-01-20,19.66,19.87,19.15,19.17,2161441,17498,19.45851
2022-01-21,19.05,19.25,18.75,18.86,3140143,18139,18.930075
2022-01-24,18.5,19.16,18.32,19.14,3570119,25952,18.801854
2022-01-25,18.64,19.505,18.495,19.39,5247601,32317,19.141329
2022-01-26,18.18,19.13,18.14,18.53,5585866,42758,18.702425
2022-01-27,18.72,18.85,17.87,18.04,5090128,31919,18.139036
2022-01-28,17.84,18.315,17.82,18.3,5782653,34847,18.120961
2022-01-31,18.18,18.88,18.15,18.86,5242428,37541,18.66124
2022-02-01,18.83,19.14,18.65,19.1,3035475,23406,19.02401
2022-02-02,19.09,19.2,18.93,19.05,2387640,19888,19.050747
2022-02-03,18.9,18.94,18.525,18.55,4425050,21489,18.649239
2022-02-04,18.46,18.52,18.18,18.39,4781604,30289,18.359331
2022-02-07,18.52,18.65,18.12,18.17,9557476,18517,18.195561
2022-02-08,18.25,18.58,18.11,18.57,3925562,18460,18.489047
2022-02-09,18.74,19.14,18.73,18.88,2516129,15614,18.93746
2022-02-10,18.58,19.04,18.44,18.47,5208320,24045,18.596713
2022-02-11,18.51,18.62,17.885,17.99,8034092,20364,18.046311
2022-02-14,17.95,18.17,17.785,17.95,5006896,25731,17.959961
2022-02-15,18.13,18.47,18.05,18.36,6467349,16771,18.357317
2022-02-16,18.33,18.44,18.03,18.3,4202113,19440,18.27664
2022-02-17,18.12,18.25,17.69,17.74,4436000,16731,17.796202
2022-02-18,17.69,17.84,17.215,17.31,2960263,23589,17.402534
2022-02-22,17.26,17.34,16.94,17.07,3048893,22433,17.112499
2022-02-23,17.17,17.2,16.585,16.61,4700670,24664,16.716291
2022-02-24,16.1,16.91,16.02,16.85,7674355,38812,16.672826
2022-02-25,16.91,17.58,16.88,17.57,5024902,35726,17.384175
2022-02-28,17.96,18.43,16.995,17.42,7281635,43749,17.358561
2022-03-01,17.35,17.66,16.91,17.43,5024586,36410,17.322742
2022-03-02,17.53,17.92,17.48,17.8,3617365,23132,17.785015
2022-03-03,17.94,17.98,17.45,17.47,6371907,27301,17.5343
2022-03-04,17.2,17.32,16.7,16.9,7022827,34439,16.8974
2022-03-07,16.89,16.99,16.48,16.69,6057703,39304,16.708174
2022-03-08,16.81,17.875,16.78,17.28,6416916,30163,17.323803
2022-03-09,17.77,18.285,17.62,18.14,8071903,38848,18.132097
2022-03-10,17.81,18.25,17.7,18.11,7038772,34679,18.079158
2022-03-11,18.3,18.39,17.5,17.51,2552064,22633,17.7506
2022-03-14,17.67,25.78,17.055,22.85,39275169,173221,23.571886
2022-03-15,22.85,23.9099,21.95,23.42,18762575,117409,23.18859
2022-03-16,23.3,23.84,22.9615,23.4,8953043,62005,23.35631
2022-03-17,23.19,24.31,23.02,23.92,6541324,54313,23.895955
2022-03-18,23.52,24.495,23.28,24.44,8529571,51249,24.013291
2022-03-21,21.21,22.8,20.43,22.76,19402632,108735,22.16253
2022-03-22,22.98,23.28,22.27,23.23,6483056,51077,22.965635
2022-03-23,23.27,23.75,22.8,23.23,9725657,60946,23.21626
2022-03-24,23.24,23.28,22.33,22.35,8521748,68002,22.690562
2022-03-25,22.42,22.635,22.07,22.28,11611989,64951,22.331367
2022-03-28,22.21,22.3,21.84,22.21,7256992,35613,22.142629
2022-03-29,27.04,27.21,26.59,26.72,115233730,277982,26.856498
2022-03-30,26.85,27.095,26.78,27.03,25226989,98620,27.004392
2022-03-31,27.19,27.355,27.19,27.24,16335504,56145,27.267235
2022-04-01,27.33,27.39,27.22,27.33,14266965,47628,27.293172
2022-04-04,27.3,27.59,27.21,27.44,11417431,34997,27.407585
2022-04-05,27.42,27.46,27.31,27.35,11823079,35274,27.370284
2022-04-06,27.11,27.55,27.1,27.5,27959397,61781,27.389173
2022-04-07,27.43,27.79,27.22,27.75,21690299,51537,27.61347
2022-04-08,27.65,27.75,27.49,27.75,16124918,36580,27.601912
2022-04-11,27.28,27.42,27.07,27.4,24386313,58247,27.287261
2022-04-12,27.39,27.41,27.08,27.35,15450637,49923,27.261879
2022-04-13,27.31,27.57,27.27,27.52,15408238,46552,27.481999
2022-04-14,27.5,27.5,27.205,27.4,22758431,49453,27.35744
2022-04-18,27.42,27.42,27.115,27.19,6717109,26384,27.212441
2022-04-19,27.21,27.31,27.05,27.05,5152599,24403,27.138934
2022-04-20,27.2,27.24,27.05,27.13,4785345,22174,27.115165
2022-04-21,27.15,27.215,26.88,26.92,4496643,24715,27.008512
2022-04-22,27.0,27.08,26.71,26.82,3778134,22834,26.886868
2022-04-25,26.82,26.91,26.27,26.77,8654898,37432,26.615844
2022-04-26,26.69,26.845,26.24,26.31,5134296,23840,26.486672
2022-04-27,26.4,26.57,26.17,26.33,2635527,18933,26.300129
2022-04-28,26.46,26.98,26.28,26.84,2942664,15635,26.715738
2022-04-29,26.79,27.02,26.5,26.81,3115828,18753,26.787173
2022-05-02,26.79,27.07,26.735,26.84,2861286,19543,26.863245
2022-05-03,26.88,26.9,26.625,26.75,3085161,16795,26.763417
2022-05-04,26.75,26.85,26.42,26.76,6022525,22981,26.618056
2022-05-05,26.71,26.83,26.6,26.71,2583246,16821,26.685403
