Date,Open,High,Low,Close,volume,trade_count,vwap
2020-12-31,13.73,13.86,13.6058,13.73,2553112,16928,13.75215
2021-01-04,13.82,14.155,13.655,13.89,4534921,30289,13.9023
2021-01-05,14.09,15.025,13.96,14.66,8677628,40027,14.674712
2021-01-06,15.31,15.5,14.89,15.02,8461534,58204,15.154081
2021-01-07,15.06,15.395,14.955,15.12,5425928,39119,15.128713
2021-01-08,15.27,15.27,14.755,15.01,4606729,27044,15.006048
2021-01-11,14.6,15.42,14.47,15.36,5128942,25879,15.187722
2021-01-12,15.61,16.23,15.34,16.0,4648909,35110,16.015485
2021-01-13,15.93,15.93,15.235,15.35,3450119,23439,15.43847
2021-01-14,15.42,15.88,15.36,15.57,4452470,30237,15.611291
2021-01-15,15.21,15.4,14.68,14.75,4777436,35008,14.847312
2021-01-19,13.64,14.03,13.47,13.88,9999620,55648,13.77801
2021-01-20,14.0,14.05,13.43,13.66,4786837,33983,13.627363
2021-01-21,13.57,13.82,13.24,13.39,5054977,31522,13.463219
2021-01-22,13.02,13.43,12.98,13.41,5031712,30392,13.253394
2021-01-25,13.11,13.22,12.5,12.7,5649654,30134,12.723598
2021-01-26,13.0,13.09,12.57,12.62,4670904,28949,12.738763
2021-01-27,12.39,12.9,12.15,12.22,5614257,39617,12.515909
2021-01-28,12.45,12.74,12.11,12.62,6062577,39898,12.493977
2021-01-29,12.49,12.83,12.26,12.38,5502684,35073,12.478298
2021-02-01,12.56,12.845,12.31,12.66,3630304,26911,12.576927
2021-02-02,13.09,13.09,12.68,12.9,5183938,31731,12.908192
2021-02-03,12.91,13.63,12.84,13.62,3854004,24920,13.379359
2021-02-04,13.75,13.81,13.15,13.78,4675819,29846,13.614884
2021-02-05,14.04,14.3404,13.23,13.37,7906373,46302,13.669504
2021-02-08,13.45,13.83,13.45,13.65,4154908,26337,13.677014
2021-02-09,13.59,13.65,13.17,13.47,5647966,33821,13.416167
2021-02-10,13.58,13.96,13.45,13.85,4436545,27636,13.767308
2021-02-11,13.75,13.85,13.27,13.64,4639014,33699,13.568318
2021-02-12,13.43,13.97,13.322,13.94,3341977,21531,13.825306
2021-02-16,14.36,14.58,14.09,14.52,4313558,31627,14.440386
2021-02-17,14.58,14.63,14.2101,14.41,3380413,25366,14.377761
2021-02-18,14.26,14.29,13.7,13.7,2717404,20960,13.866961
2021-02-19,13.74,14.095,13.69,14.03,2701938,17889,13.975468
2021-02-22,14.04,15.31,13.95,15.0,5176012,30905,14.969235
2021-02-23,15.18,15.19,14.39,15.06,5796420,39911,14.955243
2021-02-24,15.19,15.995,14.93,15.87,6792418,36512,15.738186
2021-02-25,15.95,16.0,15.265,15.5,5378805,37419,15.540051
2021-02-26,15.18,15.32,14.455,15.1,4726329,32545,15.00847
2021-03-01,15.39,15.76,15.28,15.64,4105956,28086,15.539717
2021-03-02,15.62,15.86,14.965,15.0,5345312,35494,15.21276
2021-03-03,15.11,15.49,15.005,15.02,5660494,38290,15.175753
2021-03-04,15.26,15.665,14.83,15.42,6507665,43644,15.282079
2021-03-05,16.25,17.43,16.0,17.29,12804419,69988,16.654871
2021-03-08,17.28,17.5,16.73,17.03,6575166,49700,17.050237
2021-03-09,16.87,16.91,16.1,16.12,6290851,39425,16.502816
2021-03-10,16.06,16.8,15.887,16.76,4776317,38361,16.414717
2021-03-11,16.72,16.965,16.47,16.6,3536418,28522,16.65393
2021-03-12,16.79,17.18,16.4899,16.7,3017839,25028,16.747575
2021-03-15,16.73,16.99,16.62,16.93,3259229,24587,16.836982
2021-03-16,16.5,16.68,15.05,15.18,10435584,57916,15.40972
2021-03-17,14.96,15.74,14.89,15.73,6975932,34382,15.481351
2021-03-18,15.63,16.33,15.07,15.15,8346396,48171,15.687425
2021-03-19,15.11,15.16,14.62,14.64,9697369,45343,14.811658
2021-03-22,14.45,14.62,14.2601,14.35,4433841,30748,14.399757
2021-03-23,14.0,14.13,13.53,13.63,5207429,38148,13.812512
2021-03-24,13.95,14.18,13.53,13.58,3839251,30429,13.815697
2021-03-25,13.4,13.57,12.855,13.53,4843005,34898,13.328749
2021-03-26,13.83,14.04,13.615,14.03,5405275,39066,13.855325
2021-03-29,13.83,14.095,13.63,13.85,3669184,28080,13.887648
2021-03-30,13.72,13.93,13.59,13.66,2652453,20726,13.723121
2021-03-31,13.59,13.805,13.48,13.72,2589772,19137,13.670703
2021-04-01,13.77,14.245,13.61,14.19,3406738,25471,14.013068
2021-04-05,14.17,14.17,13.74,13.83,2526826,19816,13.857867
2021-04-06,13.79,14.135,13.58,13.58,2969166,21086,13.776306
2021-04-07,13.61,13.84,13.49,13.61,3716228,25457,13.662014
2021-04-08,13.45,13.495,13.14,13.39,2453868,20592,13.375769
2021-04-09,13.34,13.45,12.94,13.09,3554077,24140,13.085635
2021-04-12,13.2,13.445,12.99,13.15,2740938,19833,13.115459
2021-04-13,13.03,13.14,12.81,13.03,3570820,26571,12.978625
2021-04-14,13.25,14.19,13.18,13.8,5088960,30230,13.807202
2021-04-15,13.69,13.73,13.34,13.44,3765619,26536,13.478041
2021-04-16,13.51,13.57,13.07,13.24,3219407,20460,13.264605
2021-04-19,13.16,13.385,13.15,13.32,2240970,18710,13.281241
2021-04-20,13.17,13.41,12.6203,12.76,4015636,30682,12.805483
2021-04-21,12.52,13.1,12.38,13.07,3157625,26363,12.919629
2021-04-22,13.09,13.43,12.93,13.05,5518006,33294,13.177512
2021-04-23,13.01,13.43,12.88,13.29,2944629,21426,13.291516
2021-04-26,13.37,13.65,13.3,13.48,2943931,21879,13.473333
2021-04-27,13.43,13.615,13.16,13.58,5970164,38817,13.423178
2021-04-28,13.65,15.075,13.58,14.88,9526504,54884,14.755001
2021-04-29,15.09,15.44,15.02,15.24,7839391,47377,15.208517
2021-04-30,15.08,15.23,14.87,14.95,6118300,36893,14.982511
2021-05-03,15.3,16.0,15.19,15.9,5339457,35609,15.705584
2021-05-04,15.92,16.0,15.36,15.56,5188503,35006,15.582668
2021-05-05,15.83,16.44,15.62,16.4,5219856,37047,16.211024
2021-05-06,16.41,16.74,16.07,16.64,3953849,28485,16.463554
2021-05-07,16.3,17.29,16.2,17.25,4352001,33064,16.906999
2021-05-10,17.4,17.805,17.15,17.16,5063801,39744,17.339592
2021-05-11,16.76,17.31,16.53,16.96,4904152,36565,16.990463
2021-05-12,17.1,17.78,16.865,16.95,3828659,29493,17.261643
2021-05-13,16.62,17.03,16.28,16.67,3732459,30997,16.641809
2021-05-14,16.92,17.605,16.92,17.51,2660994,23029,17.430605
2021-05-17,17.32,18.0,17.29,17.95,4124262,24200,17.819488
2021-05-18,17.91,18.02,17.345,17.43,4414301,26612,17.557693
2021-05-19,16.99,16.99,16.315,16.5,7449206,42434,16.57533
2021-05-20,16.46,16.52,15.925,16.22,4780652,32332,16.189911
2021-05-21,16.5,16.6,16.14,16.17,5295627,29227,16.285049
2021-05-24,16.26,16.4,15.96,16.29,4094124,26967,16.281639
2021-05-25,16.22,16.42,15.96,15.99,3106685,23209,16.084426
2021-05-26,15.94,16.295,15.84,16.07,3128618,21696,16.130184
2021-05-27,16.23,16.465,16.18,16.24,3159877,20685,16.276785
2021-05-28,16.44,16.44,16.02,16.12,3263973,17091,16.118808
2021-06-01,16.58,16.98,16.535,16.96,4692813,27654,16.832453
2021-06-02,17.04,17.8,16.76,17.44,4923198,35420,17.419395
2021-06-03,17.27,17.74,17.12,17.68,3672633,28880,17.616095
2021-06-04,17.78,17.829,17.17,17.66,4438004,23303,17.554304
2021-06-07,17.7,17.83,17.35,17.39,2853583,21317,17.493797
2021-06-08,17.2,17.65,16.95,17.53,6011206,24809,17.503787
2021-06-09,17.66,17.74,17.19,17.19,4028314,26432,17.360492
2021-06-10,17.58,17.65,16.7,16.91,3397503,26058,17.038557
2021-06-11,17.21,17.31,16.9,16.93,3081160,19807,17.004133
2021-06-14,17.1,17.25,16.7,16.81,3160078,21559,16.89491
2021-06-15,16.8,17.56,16.8,17.51,6173393,33670,17.326988
2021-06-16,17.42,17.66,17.04,17.21,3948582,32591,17.285601
2021-06-17,17.12,17.23,15.82,16.03,4329332,29594,16.212605
2021-06-18,15.68,15.94,15.445,15.61,6242007,27615,15.677756
2021-06-21,15.82,16.365,15.71,16.28,2796674,20782,16.200388
2021-06-22,16.1,16.35,15.9,16.26,3914056,24053,16.204905
2021-06-23,16.5,16.78,15.03,15.06,17566008,89000,15.499546
2021-06-24,15.06,15.425,14.98,15.36,7224784,39339,15.283305
2021-06-25,15.39,15.8,15.295,15.66,8150344,39046,15.580185
2021-06-28,15.58,15.68,14.63,14.72,5357641,33921,14.793972
2021-06-29,14.88,15.18,14.765,14.8,3173980,20342,14.88733
2021-06-30,14.87,15.56,14.87,15.32,6551673,36745,15.340451
2021-07-01,15.75,15.925,15.53,15.64,4536545,30986,15.689312
2021-07-02,15.47,15.595,15.19,15.52,2380280,15614,15.423093
2021-07-06,15.54,15.54,14.3899,14.54,3639326,25304,14.66306
2021-07-07,14.44,14.75,14.045,14.26,3395456,23013,14.273105
2021-07-08,13.95,14.45,13.811,14.18,4775346,25090,14.241097
2021-07-09,14.94,15.11,14.51,15.03,4123201,24039,14.951127
2021-07-12,14.73,15.255,14.6,15.07,3359239,21620,15.061717
2021-07-13,14.91,15.195,14.72,14.91,3341191,21318,14.962981
2021-07-14,14.99,15.33,14.23,14.39,3629297,24523,14.532957
2021-07-15,14.24,14.45,13.8,13.86,4383592,26906,14.006171
2021-07-16,14.35,14.35,13.48,13.62,6651929,35983,13.703221
2021-07-19,13.32,13.447,12.95,13.24,5878803,37629,13.217844
2021-07-20,13.2,13.72,13.09,13.55,3964055,28637,13.523222
2021-07-21,13.94,14.235,13.8167,14.02,4148203,26381,14.030825
2021-07-22,14.0,14.07,13.58,13.74,3488656,20773,13.74415
2021-07-23,13.76,13.88,13.33,13.57,3741017,22369,13.52669
2021-07-26,13.65,14.26,13.63,14.25,4069051,21526,14.085788
2021-07-27,14.15,14.19,13.925,14.06,3706689,26980,14.045564
2021-07-28,14.14,14.33,13.59,13.77,8369751,52656,13.847588
2021-07-29,14.0,14.45,13.9599,14.37,4094781,29124,14.283257
2021-07-30,14.25,14.31,13.67,13.81,6252650,32995,13.810828
2021-08-02,13.81,14.56,13.65,13.66,4279380,30367,13.932657
2021-08-03,13.62,13.76,13.25,13.71,4733607,29101,13.552119
2021-08-04,13.35,13.49,12.88,12.92,4713185,27717,13.031469
2021-08-05,13.06,13.455,12.93,13.16,4205922,24572,13.246589
2021-08-06,13.39,13.61,13.25,13.45,2952582,19936,13.449998
2021-08-09,13.05,13.255,12.785,13.17,2837112,18903,13.104529
2021-08-10,13.27,13.625,13.18,13.48,2748515,20178,13.455013
2021-08-11,13.34,14.005,13.14,13.81,4782429,23759,13.722442
2021-08-12,13.7,13.84,13.26,13.58,4353492,23807,13.481939
2021-08-13,13.58,13.74,13.155,13.22,4180960,25242,13.384065
2021-08-16,12.94,13.01,12.65,12.87,5990446,31518,12.855027
2021-08-17,12.76,13.09,12.445,12.61,6162073,31042,12.724446
2021-08-18,12.7,12.89,12.36,12.38,3765426,22130,12.616478
2021-08-19,12.14,12.31,11.841,12.08,5101277,30794,12.02443
2021-08-20,11.9,12.265,11.895,12.19,4124678,25622,12.144814
2021-08-23,12.6,12.72,12.48,12.58,2606955,18955,12.589092
2021-08-24,12.84,13.255,12.7899,13.13,3781659,22795,13.081676
2021-08-25,13.12,13.3,12.97,13.26,2713973,20046,13.207239
2021-08-26,13.16,13.41,12.99,13.05,2489920,18121,13.147114
2021-08-27,13.23,13.78,13.215,13.69,3465642,23907,13.601479
2021-08-30,13.96,13.98,13.265,13.28,2643269,20287,13.407593
2021-08-31,13.18,13.42,13.08,13.17,4339785,24753,13.209304
2021-09-01,13.18,13.24,12.9,12.96,3611155,23544,13.04075
2021-09-02,13.15,13.47,13.115,13.32,4125741,25963,13.320424
2021-09-03,13.26,13.405,12.91,12.95,4570397,26731,13.042716
2021-09-07,12.86,13.4,12.79,13.07,6663323,47950,13.155197
2021-09-08,13.2,13.28,12.65,12.67,4784495,30322,12.836293
2021-09-09,12.53,13.04,12.49,12.72,3862893,29546,12.781983
2021-09-10,12.94,13.105,12.725,13.09,5167838,34872,12.975506
2021-09-13,13.18,13.66,13.18,13.49,5800666,41878,13.457162
2021-09-14,13.62,13.74,13.39,13.53,7233231,43699,13.577243
2021-09-15,13.74,14.38,13.67,13.92,6415436,42073,13.972313
2021-09-16,13.87,13.93,13.53,13.81,4548366,34235,13.742196
2021-09-17,13.78,14.0,13.25,13.39,89452932,54068,13.410489
2021-09-20,12.91,13.26,12.575,12.9,6560004,44742,12.846141
2021-09-21,13.1,13.225,12.36,12.42,5652598,35051,12.494102
2021-09-22,12.74,12.96,12.37,12.38,5210444,35081,12.580227
2021-09-23,12.34,13.005,12.25,12.9,4392384,29489,12.807309
2021-09-24,12.78,13.07,12.715,12.96,2858436,20612,12.9702
2021-09-27,13.34,13.725,13.31,13.45,5653414,34425,13.493984
2021-09-28,13.71,13.82,13.39,13.44,5741858,34903,13.521429
2021-09-29,13.34,13.49,13.21,13.37,2742662,20421,13.37107
2021-09-30,13.35,13.455,13.07,13.11,3791066,23641,13.218805
2021-10-01,13.17,13.55,13.07,13.48,3680486,27183,13.391342
2021-10-04,13.72,14.07,13.62,13.69,5978933,39101,13.815288
2021-10-05,13.89,14.28,13.71,14.19,6320858,40090,14.118128
2021-10-06,13.88,14.09,13.47,13.71,5368709,33426,13.754496
2021-10-07,13.81,14.2,13.75,14.07,2951247,19057,14.061506
2021-10-08,14.25,14.685,14.25,14.62,3187456,21508,14.505192
2021-10-11,14.82,15.12,14.52,14.53,3899259,24670,14.779965
2021-10-12,14.45,14.745,14.38,14.55,3529549,18060,14.56089
2021-10-13,14.37,14.535,14.19,14.42,2312252,18010,14.424731
2021-10-14,14.66,14.78,14.48,14.62,2606372,15312,14.620066
2021-10-15,14.87,15.095,14.76,14.99,2696082,18220,14.988868
2021-10-18,14.93,15.29,14.751,14.93,3453147,23100,14.949182
2021-10-19,15.02,15.41,14.715,15.35,5449619,29580,15.203523
2021-10-20,15.31,15.5,15.12,15.5,2925635,20294,15.33743
2021-10-21,15.34,15.365,14.55,14.75,4392074,25668,14.82698
2021-10-22,14.73,14.93,14.59,14.89,2593538,20446,14.80069
2021-10-25,15.09,15.225,14.5944,14.66,3955058,29764,14.808377
2021-10-26,14.73,14.99,14.55,14.6,3725165,23048,14.690972
2021-10-27,14.55,15.85,14.26,14.65,6455117,43951,15.054267
2021-10-28,14.51,14.775,14.364,14.74,3878066,26965,14.620441
2021-10-29,14.72,14.81,14.01,14.02,4055685,28755,14.171176
2021-11-01,14.2,14.75,14.2,14.38,4660852,31679,14.445585
2021-11-02,14.22,14.47,14.13,14.45,2454853,18359,14.384523
2021-11-03,14.23,14.725,14.19,14.56,3752962,26947,14.564576
2021-11-04,15.0,15.39,14.325,14.71,5827101,32922,14.689927
2021-11-05,15.0,15.16,14.65,14.66,2501115,22482,14.812686
2021-11-08,14.81,15.125,14.68,14.89,3728070,17864,14.886031
2021-11-09,14.89,14.96,14.42,14.95,2830186,19125,14.74744
2021-11-10,14.85,14.959,14.125,14.15,2545352,17766,14.358025
2021-11-11,14.12,14.255,13.93,13.98,2770702,18626,14.061875
2021-11-12,13.88,13.99,13.69,13.76,2799267,24157,13.790937
2021-11-15,13.7,13.7,13.36,13.38,5362127,40302,13.472706
2021-11-16,13.42,13.76,13.31,13.51,4779579,34897,13.531659
2021-11-17,13.23,13.35,12.74,12.82,4363744,33087,12.906153
2021-11-18,12.95,12.97,12.37,12.57,5106646,34997,12.546753
2021-11-19,12.2,12.31,11.86,12.03,7776371,45389,11.982975
2021-11-22,11.98,12.29,11.91,12.09,4910030,31964,12.142663
2021-11-23,12.37,13.155,12.37,12.92,6259995,38948,12.881156
2021-11-24,12.77,13.0777,12.76,12.87,3384402,22308,12.898779
2021-11-26,11.98,12.52,11.95,12.49,4066498,24544,12.24239
2021-11-29,12.86,12.95,12.415,12.45,5687507,35450,12.540033
2021-11-30,12.11,12.28,11.855,11.92,5551185,33898,11.992388
2021-12-01,12.3,12.425,11.68,11.73,7219113,33795,11.882963
2021-12-02,11.68,12.32,11.46,12.19,4571702,32872,12.094491
2021-12-03,12.43,12.44,11.78,11.86,3651851,25266,11.967952
2021-12-06,12.13,12.61,11.99,12.4,3266478,25405,12.419182
2021-12-07,12.59,13.1,12.53,13.03,4785385,31572,12.956021
2021-12-08,13.02,13.37,12.985,13.36,4116926,31088,13.263097
2021-12-09,13.26,13.56,13.12,13.52,3807967,26649,13.426399
2021-12-10,13.83,13.96,13.405,13.67,4021426,30735,13.594867
2021-12-13,13.39,13.525,13.06,13.07,3519613,25341,13.177725
2021-12-14,13.46,13.86,13.225,13.37,6298074,35712,13.563537
2021-12-15,13.26,13.36,12.64,13.18,4190036,29530,13.001188
2021-12-16,13.41,13.665,13.165,13.2,3330408,25464,13.362406
2021-12-17,13.05,13.315,12.64,13.26,8036408,32732,13.196999
2021-12-20,12.82,13.115,12.46,12.81,2974823,21316,12.78073
2021-12-21,12.96,13.495,12.955,13.41,2473775,18715,13.347532
2021-12-22,13.31,13.64,13.13,13.54,1710617,17491,13.492396
2021-12-23,13.57,13.74,13.5,13.52,1829275,13361,13.584425
2021-12-27,13.52,13.677,13.225,13.61,1982373,13377,13.56015
2021-12-28,13.63,13.89,13.465,13.66,1610141,15346,13.661996
2021-12-29,13.67,13.86,13.485,13.66,2400980,19286,13.70987
2021-12-30,13.64,13.84,13.43,13.51,2323323,21666,13.594693
2021-12-31,13.5,13.69,13.395,13.55,1612199,12129,13.530632
2022-01-03,13.7,14.445,13.62,14.39,3116206,19918,14.171242
2022-01-04,14.61,15.215,14.52,14.77,3801602,30163,14.932065
2022-01-05,14.87,15.2,14.6,14.61,3032207,22691,14.857965
2022-01-06,15.08,15.2,14.76,14.77,2701472,20262,14.886236
2022-01-07,14.8,15.12,14.65,15.08,2264752,17957,14.981755
2022-01-10,15.11,15.22,14.88,15.21,2670997,22743,15.089373
2022-01-11,15.29,15.99,15.125,15.97,3763326,29844,15.774031
2022-01-12,15.92,16.115,15.63,15.84,3237826,23509,15.857425
2022-01-13,15.94,16.44,15.84,16.21,4435325,30454,16.207716
2022-01-14,16.12,16.54,16.12,16.52,4786098,31225,16.337441
2022-01-18,16.68,16.76,16.115,16.3,3497523,28166,16.321223
2022-01-19,16.56,16.56,15.96,16.21,2944369,22943,16.22152
2022-01-20,16.02,16.695,15.99,16.07,2950743,23700,16.290657
2022-01-21,15.92,15.95,15.35,15.43,3832238,30793,15.583278
2022-01-24,14.9,15.61,14.67,15.58,4301071,35489,15.174792
2022-01-25,15.48,16.63,15.11,16.55,5317127,43827,16.048042
2022-01-26,16.8,16.99,16.27,16.53,4419038,35346,16.592741
2022-01-27,16.82,17.2,16.24,16.6,6163924,42063,16.575534
2022-01-28,16.35,17.13,16.35,16.77,5812554,40833,16.699134
2022-01-31,16.61,16.82,16.08,16.42,4311595,29879,16.47973
2022-02-01,16.37,17.25,16.31,17.21,7679178,39125,17.039831
2022-02-02,17.16,17.58,17.05,17.5,5234801,38530,17.413594
2022-02-03,17.49,17.705,17.22,17.66,6203774,46476,17.550294
2022-02-04,16.49,17.03,15.96,16.21,15162842,94557,16.506925
2022-02-07,15.57,16.13,15.4097,15.91,6206245,40637,15.847238
2022-02-08,15.55,15.9,15.31,15.72,6047177,36663,15.669669
2022-02-09,15.84,16.34,15.74,16.27,3240798,22522,16.189385
2022-02-10,16.12,16.78,16.01,16.35,4497142,30874,16.528143
2022-02-11,16.43,17.34,16.27,17.25,3917601,29670,17.121243
2022-02-14,17.12,17.26,16.54,16.71,4231110,29848,16.777411
2022-02-15,16.26,16.86,16.12,16.73,4290555,29547,16.703251
2022-02-16,16.96,17.46,16.89,17.17,3081419,23182,17.24959
2022-02-17,17.02,17.26,16.81,17.11,3564679,24003,17.065568
2022-02-18,16.85,17.305,16.78,17.24,4007515,27344,17.14215
2022-02-22,17.61,17.715,17.04,17.42,6690235,42430,17.347621
2022-02-23,16.95,17.43,16.95,17.16,5260487,39697,17.127147
2022-02-24,17.43,17.57,16.3,16.78,10977008,65272,16.771446
2022-02-25,16.85,17.17,16.74,16.93,5503102,35378,16.939615
2022-02-28,16.84,17.345,16.62,17.15,5057379,34127,17.083454
2022-03-01,17.17,17.46,15.74,16.22,5949040,44167,16.27713
2022-03-02,16.48,17.105,16.38,16.99,4125129,36312,16.792188
2022-03-03,16.76,17.07,16.415,17.04,4066091,31915,16.771113
2022-03-04,16.89,18.37,16.8,18.32,6350058,40316,17.833069
2022-03-07,18.44,22.67,18.29,21.19,20769063,141276,21.362066
2022-03-08,22.07,24.06,20.66,21.96,16881734,129802,22.516841
2022-03-09,21.21,21.78,20.39,21.14,9406808,82800,21.0997
2022-03-10,21.45,22.07,20.89,21.91,6420542,56645,21.491011
2022-03-11,21.16,21.54,20.37,21.15,6185756,53050,21.030704
2022-03-14,20.69,20.7412,19.44,19.79,5337589,46135,19.890194
2022-03-15,19.02,19.815,18.86,19.32,5785565,44141,19.333652
2022-03-16,19.4,19.46,18.53,18.75,6773020,53151,18.9062
2022-03-17,19.18,19.75,18.67,19.36,6215143,45267,19.31867
2022-03-18,19.17,19.37,18.89,19.33,7401282,34516,19.224259
2022-03-21,19.9,20.41,19.6,19.77,3338515,30121,19.878587
2022-03-22,19.63,19.89,19.2747,19.53,3829805,33853,19.53648
2022-03-23,19.93,20.32,19.4,19.58,3225056,27123,19.690297
2022-03-24,19.71,20.09,19.39,19.54,3939707,28208,19.75093
2022-03-25,19.39,20.06,19.28,19.95,3066197,30887,19.77877
2022-03-28,19.39,19.45,18.91,19.16,2987465,29984,19.170366
2022-03-29,18.84,19.67,18.59,19.66,2945466,27050,19.274589
2022-03-30,19.89,20.08,19.55,19.84,2867623,25923,19.760591
2022-03-31,19.54,20.19,19.38,19.61,3249818,26265,19.740251
2022-04-01,19.9,20.49,19.75,20.22,3083175,27203,20.150315
2022-04-04,20.22,20.595,19.8,20.14,3557046,36195,20.115906
2022-04-05,20.07,20.55,19.37,19.37,3647359,34546,19.665476
2022-04-06,19.64,19.7,19.03,19.27,3899095,35528,19.381179
2022-04-07,19.38,19.62,18.84,19.37,3218985,28051,19.267722
2022-04-08,19.74,20.475,19.53,20.37,3118355,29636,20.23036
2022-04-11,20.21,20.29,19.39,19.41,3740885,35515,19.732558
2022-04-12,19.68,20.285,19.37,19.6,4610697,41678,19.783048
2022-04-13,19.97,20.2,19.125,19.94,4571307,38687,19.594353
2022-04-14,19.96,20.8,19.58,20.56,6061737,48662,20.404482
2022-04-18,20.77,21.37,20.43,21.21,3750959,37518,21.055736
2022-04-19,21.0,21.4,20.27,20.36,3926530,33908,20.601392
2022-04-20,20.26,20.4,19.135,20.13,4912573,40294,19.79053
2022-04-21,20.4,20.445,19.17,19.45,3354660,28846,19.551842
2022-04-22,19.35,19.985,18.965,19.02,3500105,34030,19.380079
2022-04-25,18.24,18.445,17.4,18.38,5843038,61250,17.983696
2022-04-26,18.48,19.17,18.15,18.51,4639627,43907,18.647678
2022-04-27,18.73,18.8,18.3,18.53,4282962,40296,18.563815
2022-04-28,18.61,18.905,17.89,18.62,5171111,45824,18.482521
2022-04-29,19.4,19.86,18.0,18.13,7100565,60451,18.73941
2022-05-02,18.13,18.74,17.9,18.62,3980925,43037,18.451959
2022-05-03,18.79,19.11,18.44,18.64,3625795,35939,18.735138
2022-05-04,19.0,19.47,18.4,19.33,3180681,30024,18.986001
2022-05-05,19.51,19.55,18.4,18.79,2901982,32175,18.876654
