Date,Open,High,Low,Close,Volume,OpenInterest
2020-05-07,11.78,12.38,11.75,12.05,5305068,0.0
2020-05-08,12.23,12.49,12.06,12.42,2343882,0.0
2020-05-11,12.15,12.28,11.9,12.03,4820158,0.0
2020-05-12,12.11,12.35,12.06,12.17,3089119,0.0
2020-05-13,12.03,12.075,11.44,11.73,13728552,0.0
2020-05-14,11.48,11.7,11.05,11.61,4961844,0.0
2020-05-15,11.53,11.78,11.34,11.7,3559518,0.0
2020-05-18,12.24,12.705,12.24,12.655,2681610,0.0
2020-05-19,12.66,12.97,12.42,12.64,3205826,0.0
2020-05-20,12.84,12.95,12.45,12.57,5790741,0.0
2020-05-21,12.43,12.92,12.36,12.865,2687915,0.0
2020-05-22,12.98,12.98,12.655,12.77,1690091,0.0
2020-05-26,13.11,13.74,13.04,13.545,3001780,0.0
2020-05-27,13.88,14.41,13.85,14.38,3590209,0.0
2020-05-28,14.37,14.37,13.53,13.59,6837302,0.0
2020-05-29,13.43,13.43,13.06,13.15,2972239,0.0
2020-06-01,13.0963,13.51,13.06,13.46,2780498,0.0
2020-06-02,13.6,13.91,13.5,13.85,5096102,0.0
2020-06-03,13.99,15.11,13.9595,15,4517529,0.0
2020-06-04,14.96,15.75,14.83,15.465,9540530,0.0
2020-06-05,16,16.79,15.99,16.39,9995660,0.0
2020-06-08,16.7,17.48,16.635,17.42,8918747,0.0
2020-06-09,16.83,17.07,16.44,16.66,7803770,0.0
2020-06-10,16.69,16.69,15.92,15.92,3018200,0.0
2020-06-11,15.08,15.45,14.815,14.88,5882670,0.0
2020-06-12,15.5,15.605,15.005,15.01,638974,0.0
2020-06-15,14.8,15.11,14.61,14.92,3763327,0.0
2020-06-16,15.5,15.98,15.21,15.75,4067279,0.0
2020-06-17,15.76,15.968,15.41,15.81,2525960,0.0
2020-06-18,15.58,15.9,15.42,15.45,4002092,0.0
2020-06-19,15.64,15.87,15.28,15.87,8724079,0.0
2020-06-22,15.73,15.88,15.48,15.65,2399681,0.0
2020-06-23,15.79,15.96,15.535,15.58,2554921,0.0
2020-06-24,15.39,15.43,14.9,15.1,3119875,0.0
2020-06-25,14.96,15.265,14.855,15.2,1580524,0.0
2020-06-26,15.05,15.19,14.81,15.05,2263754,0.0
2020-06-29,15.35,15.68,15.21,15.59,2558032,0.0
2020-06-30,15.56,15.945,15.34,15.87,2302961,0.0
2020-07-01,15.81,16.155,15.75,15.76,1828963,0.0
2020-07-02,16.19,16.49,15.94,15.97,1977534,0.0
2020-07-06,16.31,16.36,15.98,15.99,2168708,0.0
2020-07-07,15.78,16.02,15.76,15.84,2171298,0.0
2020-07-08,15.76,15.88,15.58,15.8,2012800,0.0
2020-07-09,15.77,15.81,14.95,15.02,3799504,0.0
2020-07-10,15.19,15.87,15.11,15.8,2116345,0.0
2020-07-13,15.91,16.07,15.7,15.73,2282782,0.0
2020-07-14,15.67,16.19,15.54,16.07,3390345,0.0
2020-07-15,16.29,16.47,16.2,16.4,1707912,0.0
2020-07-16,16.04,16.69,16.03,16.55,2054835,0.0
2020-07-17,16.58,16.7201,16.27,16.35,1845341,0.0
2020-07-20,16.17,16.34,15.87,16.06,2271837,0.0
2020-07-21,16.65,16.746,15.96,16.55,6712211,0.0
2020-07-22,16.5,16.83,16.4,16.72,2911943,0.0
2020-07-23,16.83,17.175,16.76,17.1,3228543,0.0
2020-07-24,17.26,17.39,17.005,17.14,2406899,0.0
2020-07-27,17.14,17.61,17.05,17.36,2404410,0.0
2020-07-28,17.31,17.57,17.205,17.26,3050038,0.0
2020-07-29,17.22,17.665,17.17,17.6,2477595,0.0
2020-07-30,17.36,17.85,17.12,17.76,4925655,0.0
2020-07-31,18,18,16.16,16.4,5975940,0.0
2020-08-03,16.41,16.5,16.095,16.4,3017011,0.0
2020-08-04,16.4,16.635,16.28,16.47,2618598,0.0
2020-08-05,16.57,16.82,16.37,16.75,1410637,0.0
2020-08-06,16.68,16.92,16.57,16.82,1468928,0.0
2020-08-07,16.89,17.155,16.7,17.15,1447692,0.0
2020-08-10,17.42,17.69,17.22,17.5,2068910,0.0
2020-08-11,17.79,17.94,17.22,17.27,2581505,0.0
2020-08-12,17.41,17.4551,16.98,17.11,2384531,0.0
2020-08-13,17.07,17.295,16.965,17.05,1747815,0.0
2020-08-14,17.01,17.27,16.88,16.99,1557869,0.0
2020-08-17,17.02,17.02,16.75,16.96,3401444,0.0
2020-08-18,16.97,17.03,16.655,16.72,3093005,0.0
2020-08-19,16.7,16.99,16.65,16.76,1671897,0.0
2020-08-20,16.66,16.8,16.335,16.39,1627317,0.0
2020-08-21,16.42,16.42,15.875,16.1,3072370,0.0
2020-08-24,16.32,16.4679,16.3,16.43,1684933,0.0
2020-08-25,16.47,16.5,16.03,16.14,1539086,0.0
2020-08-26,16.1,16.195,15.97,15.99,1617420,0.0
2020-08-27,16.13,16.265,16,16.19,2102664,0.0
2020-08-28,16.08,16.27,15.915,16.23,1717922,0.0
2020-08-31,16.1,16.32,15.91,15.97,2180670,0.0
2020-09-01,15.91,16.09,15.67,15.74,2766502,0.0
2020-09-02,15.87,16.26,15.8,16.22,2533418,0.0
2020-09-03,16.08,16.47,15.858,15.92,2219206,0.0
2020-09-04,16.11,16.39,15.96,16.32,2647096,0.0
2020-09-08,16.29,16.68,16.085,16.38,3797535,0.0
2020-09-09,16.48,16.66,16.2,16.43,3164977,0.0
2020-09-10,16.75,17.34,16.65,17.2,4322608,0.0
2020-09-11,17.22,17.6,17.05,17.45,3608186,0.0
2020-09-14,17.64,17.87,17.45,17.84,3038385,0.0
2020-09-15,17.9,18.04,17.66,17.68,2641053,0.0
2020-09-16,17.79,18.24,17.7,17.99,2222151,0.0
2020-09-17,17.8,18.19,17.63,17.91,1763922,0.0
2020-09-18,17.88,18.28,17.68,17.72,2510782,0.0
2020-09-21,17.48,17.51,16.945,17.1,1883640,0.0
2020-09-22,17.04,17.39,16.99,17.23,1228641,0.0
2020-09-23,17.3,17.49,16.875,16.89,1423259,0.0
2020-09-24,16.88,16.995,16.57,16.71,1110108,0.0
2020-09-25,16.56,16.83,16.56,16.75,1404897,0.0
2020-09-28,16.98,17.3,16.82,17.21,1403578,0.0
2020-09-29,17.09,17.25,16.975,17.11,1035465,0.0
2020-09-30,17.22,17.46,17.11,17.16,1379088,0.0
2020-10-01,17.31,17.35,16.87,17,1797252,0.0
2020-10-02,16.72,17.52,16.66,17.38,1226990,0.0
2020-10-05,17.57,17.67,17.44,17.6,1051717,0.0
2020-10-06,17.68,17.86,17.29,17.31,1212580,0.0
2020-10-07,17.47,17.83,17.47,17.7,856373,0.0
2020-10-08,17.8,18.11,17.76,18.1,1094448,0.0
2020-10-09,18.23,18.27,17.97,18.01,984858,0.0
2020-10-12,18.08,18.13,17.86,17.93,1159748,0.0
2020-10-13,17.905,17.95,17.5,17.7,1575001,0.0
2020-10-14,17.85,18.31,17.675,18.27,2813997,0.0
2020-10-15,18.03,18.224,17.84,18.13,910134,0.0
2020-10-16,18.14,18.18,17.91,18.02,1087843,0.0
2020-10-19,17.96,18.155,17.56,17.59,1068303,0.0
2020-10-20,17.88,18.01,17.61,17.68,894799,0.0
2020-10-21,17.68,17.7,17.41,17.55,700317,0.0
2020-10-22,17.61,17.895,17.47,17.88,968353,0.0
2020-10-23,17.92,18.03,17.7229,17.99,1061708,0.0
2020-10-26,17.79,17.79,17.27,17.44,905657,0.0
2020-10-27,17.46,17.6,17.19,17.19,1374699,0.0
2020-10-28,16.88,17.03,16.57,16.67,1644590,0.0
2020-10-29,16.6,16.99,16.6,16.82,2217073,0.0
2020-10-30,18.16,18.49,17.34,17.68,5197051,0.0
2020-11-02,17.8,19.05,17.7,18.91,3787048,0.0
2020-11-03,19.2683,19.6,19.05,19.5,3552290,0.0
2020-11-04,19.41,19.5,18.76,18.87,2116220,0.0
2020-11-05,18.95,19.725,18.95,19.54,2888784,0.0
2020-11-06,19.6,19.74,18.71,18.87,2787702,0.0
2020-11-09,19.7301,20.22,19.06,19.09,4343968,0.0
2020-11-10,19.23,19.29,19.025,19.25,2318262,0.0
2020-11-11,19.29,19.68,19.18,19.66,2125004,0.0
2020-11-12,19.65,19.69,18.61,18.96,2619437,0.0
2020-11-13,19.12,19.815,19.03,19.665,1294468,0.0
2020-11-16,19.98,20.63,19.755,20.35,3799358,0.0
2020-11-17,20.01,20.32,19.74,20.17,2308447,0.0
2020-11-18,20.19,20.64,20.17,20.195,1728061,0.0
2020-11-19,20.18,20.54,20,20.39,1963135,0.0
2020-11-20,20.36,20.46,20.2,20.36,1982613,0.0
2020-11-23,20.5,20.825,20.435,20.51,1758983,0.0
2020-11-24,20.74,21.6,20.64,21.47,3580102,0.0
2020-11-25,21.2,21.425,21.04,21.37,1998237,0.0
2020-11-27,21.03,21.13,20.6,21.06,1365701,0.0
2020-11-30,20.96,21.485,20.95,21.26,2880779,0.0
2020-12-01,21.43,21.54,21.2,21.455,2025983,0.0
2020-12-02,21.43,21.54,21.11,21.23,1887376,0.0
2020-12-03,21.27,21.895,21.17,21.77,1830595,0.0
2020-12-04,21.77,22.09,21.65,22.03,1768050,0.0
2020-12-07,21.9,21.98,21.45,21.6,2176711,0.0
2020-12-08,21.11,21.19,20.49,21.02,4595121,0.0
2020-12-09,21.05,21.16,20.655,20.76,3088740,0.0
2020-12-10,20.64,20.86,20.33,20.81,2083764,0.0
2020-12-11,20.68,20.75,20.375,20.51,2349910,0.0
2020-12-14,20.76,20.7601,20.32,20.32,1758412,0.0
2020-12-15,20.4279,20.58,19.8,20,3692992,0.0
2020-12-16,20.07,20.31,19.875,20.08,1918330,0.0
2020-12-17,20.12,20.2,19.88,20.09,2164145,0.0
2020-12-18,20.08,20.68,20.05,20.65,5120075,0.0
2020-12-21,19.91,20.77,19.87,20.68,2426702,0.0
2020-12-22,20.78,21.23,20.77,21.085,2030235,0.0
2020-12-23,21.1344,21.34,21.1344,21.22,1377634,0.0
2020-12-24,21.23,21.27,21.04,21.22,570732,0.0
2020-12-28,21.33,21.45,21.08,21.23,1560990,0.0
2020-12-29,21.3,21.38,20.83,20.99,1118030,0.0
2020-12-30,20.8066,21.24,20.7936,21.09,954520,0.0
2020-12-31,21.11,21.31,20.95,21.21,1511121,0.0
2021-01-04,21.78,22.1,21.59,21.72,4730717,0.0
2021-01-05,21.63,21.95,21.5,21.86,2634390,0.0
2021-01-06,22.19,22.87,22,22.67,2228130,0.0
2021-01-07,22.68,22.9,22.5,22.64,1735746,0.0
2021-01-08,23.19,23.26,22.685,23.07,1668453,0.0
2021-01-11,22.9,23.315,22.71,23.06,2295051,0.0
2021-01-12,23.3,24.305,23.16,24.22,3193374,0.0
2021-01-13,24.17,24.45,23.915,24.36,3180069,0.0
2021-01-14,24.53,24.57,24.135,24.4,1836669,0.0
2021-01-15,24.13,24.39,23.895,24.155,2345446,0.0
2021-01-19,24.23,24.34,24.115,24.2,1728824,0.0
2021-01-20,24.11,24.73,23.98,24.67,1987217,0.0
2021-01-21,24.64,24.78,24.46,24.66,2035831,0.0
2021-01-22,24.51,24.865,24.3,24.8,1474561,0.0
2021-01-25,24.55,25.59,24.55,25.49,3309696,0.0
2021-01-26,25.55,25.985,25.39,25.9,2992255,0.0
2021-01-27,25.33,26.08,24.565,24.62,4535256,0.0
2021-01-28,24.52,24.79,24.37,24.46,3365703,0.0
2021-01-29,24.35,24.49,23.69,24.04,3261567,0.0
2021-02-01,24.3,24.58,23.94,24.39,1850350,0.0
2021-02-02,24.5,25.619,24.43,25.4,2972080,0.0
2021-02-03,25.705,26.125,25.5,25.94,4124782,0.0
2021-02-04,26.1,26.328,25.95,26.23,2059899,0.0
2021-02-05,26.36,26.48,25.995,26.13,4055384,0.0
2021-02-08,26.4304,26.62,26.24,26.57,2365576,0.0
2021-02-09,26.8,26.89,26.305,26.53,1940827,0.0
2021-02-10,26.51,26.59,26.08,26.23,1966589,0.0
2021-02-11,26.18,26.38,25.79,26.05,3676108,0.0
2021-02-12,24.07,25,23.87,24.19,8360859,0.0
2021-02-16,24.26,24.36,23.74,23.775,5120669,0.0
2021-02-17,23.73,24.32,23.6727,24.07,3645953,0.0
2021-02-18,23.99,24.04,23.56,23.64,2317214,0.0
2021-02-19,23.85,24.32,23.63,24.32,2699002,0.0
2021-02-22,24.2637,24.475,24.12,24.14,1698022,0.0
2021-02-23,24.07,24.195,23.53,24.05,1842509,0.0
2021-02-24,23.834,24.43,23.75,24.38,1546392,0.0
2021-02-25,24.07,24.24,23.44,23.57,1897458,0.0
2021-02-26,23.55,23.73,23.15,23.17,3173377,0.0
2021-03-01,23.56,24.14,23.47,24.12,2176341,0.0
2021-03-02,24.2,24.23,23.73,24.06,2139318,0.0
2021-03-03,23.96,24.54,23.8,24.37,2217231,0.0
2021-03-04,24.26,24.5,23.53,23.96,2410323,0.0
2021-03-05,24.27,24.78,23.67,24.64,1525072,0.0
2021-03-08,24.9,25.5,24.74,25.19,2135981,0.0
2021-03-09,25.41,25.49,24.88,24.89,1804602,0.0
2021-03-10,25.25,25.72,25.09,25.28,2372995,0.0
2021-03-11,25.25,25.29,24.78,24.96,2385137,0.0
2021-03-12,25.11,25.48,24.92,25.39,1943437,0.0
2021-03-15,25.64,26.11,25.57,26.1,2094887,0.0
2021-03-16,26.064,26.12,25.585,25.67,2203464,0.0
2021-03-17,25.55,26.05,25.48,25.88,1557253,0.0
2021-03-18,25.88,26.68,25.8275,26.3,2539418,0.0
2021-03-19,26.45,26.51,26.07,26.08,2447751,0.0
2021-03-22,26.09,26.25,25.72,26.1,1436893,0.0
2021-03-23,26.1,26.18,25.045,25.13,1652691,0.0
2021-03-24,24.9,25.52,24.91,24.91,1412262,0.0
2021-03-25,24.92,25.94,24.72,25.86,1460320,0.0
2021-03-26,25.855,26.66,25.76,26.63,1672659,0.0
2021-03-29,26.44,26.91,26.3,26.42,1988732,0.0
2021-03-30,26.46,26.76,26.37,26.71,1451298,0.0
2021-03-31,26.64,27.05,26.53,26.79,1487489,0.0
2021-04-01,26.77,27.06,26.52,27.06,1470046,0.0
2021-04-05,27.25,27.43,27.08,27.22,1124329,0.0
2021-04-06,27.36,27.41,27.025,27.09,1775851,0.0
2021-04-07,27.01,27.25,26.96,27.04,1175168,0.0
2021-04-08,27,27.05,26.645,26.85,1844416,0.0
2021-04-09,26.9035,27.11,26.77,27.01,1785185,0.0
2021-04-12,26.99,27.43,26.9366,27.4,1989302,0.0
2021-04-13,27.24,27.33,26.18,26.84,2175829,0.0
2021-04-14,26.7,26.89,26.3843,26.44,1998748,0.0
2021-04-15,26.71,26.73,26.31,26.62,1472961,0.0
2021-04-16,26.74,26.97,26.56,26.75,1390578,0.0
2021-04-19,26.62,26.635,26.19,26.48,1713103,0.0
2021-04-20,26.39,26.58,26.1,26.51,1753878,0.0
2021-04-21,26.5,27.1,26.5,26.98,1516247,0.0
2021-04-22,27.06,27.155,26.61,26.67,1947916,0.0
2021-04-23,26.81,26.87,26.3,26.54,1598673,0.0
2021-04-26,26.65,26.76,26.445,26.71,1317108,0.0
2021-04-27,26.59,27.12,26.39,26.92,1631624,0.0
2021-04-28,27.05,27.07,26.62,26.6616,1207569,0.0
2021-04-29,26.92,27.19,26.75,26.985,1814644,0.0
2021-04-30,27.49,27.87,26.78,26.96,3068953,0.0
2021-05-03,27.25,28.1,26.98,27.77,3212135,0.0
2021-05-04,27.8337,28.165,27.595,28.06,2781290,0.0
2021-05-05,27.98,28.5,27.9301,28.36,1691493,0.0
2021-05-06,28.54,29.12,28.35,29.1,2572990,0.0
2021-05-07,28.98,29.33,28.87,29.06,1788509,0.0
2021-05-10,29.19,30.1,29.13,29.27,2869277,0.0
2021-05-11,29.19,29.48,28.56,28.97,2403946,0.0
2021-05-12,28.8714,28.9,27.99,28.055,1973730,0.0
2021-05-13,27.96,28.75,27.77,28.58,1834664,0.0
2021-05-14,28.85,29.07,28.665,28.95,1192957,0.0
2021-05-17,28.95,29.5,28.8701,29.34,1812977,0.0
2021-05-18,29.37,29.5,28.44,28.44,2753101,0.0
2021-05-19,28.19,28.235,27.66,28.17,4324775,0.0
2021-05-20,28.17,28.62,27.92,28.43,1476060,0.0
2021-05-21,28.43,28.72,28.23,28.3,1282402,0.0
2021-05-24,28.46,28.51,28.13,28.25,1456526,0.0
2021-05-25,28.46,28.51,27.875,27.96,1493604,0.0
2021-05-26,28.13,28.36,28.08,28.25,1476252,0.0
2021-05-27,28.21,28.63,28.16,28.58,2399605,0.0
2021-05-28,29,29.0649,28.36,28.68,2240904,0.0
2021-06-01,28.87,29.1,28.51,28.75,2069583,0.0
2021-06-02,28.83,28.865,28.41,28.61,1257759,0.0
2021-06-03,28.55,28.6,28.09,28.4,1531896,0.0
2021-06-04,28.41,28.53,28.063,28.28,945360,0.0
2021-06-07,28.34,28.55,28.062,28.21,820499,0.0
2021-06-08,28.22,28.56,27.855,28.395,1616485,0.0
2021-06-09,28.45,28.45,27.96,27.97,1001946,0.0
2021-06-10,28.21,28.28,27.535,27.64,1182931,0.0
2021-06-11,27.86,28.05,27.7,28.04,1136125,0.0
2021-06-14,28,28.07,27.19,27.34,1849026,0.0
2021-06-15,27.32,27.54,27.105,27.34,1544177,0.0
2021-06-16,27.33,27.39,26.82,27.01,1652037,0.0
2021-06-17,27.03,27.04,25.78,26.29,1832604,0.0
2021-06-18,25.9,26.245,25.72,25.99,2106134,0.0
2021-06-21,26.25,26.68,26.14,26.54,1586766,0.0
2021-06-22,26.65,26.65,26.21,26.53,1417872,0.0
2021-06-23,26.62,26.72,26.31,26.43,1686281,0.0
2021-06-24,26.62,26.73,26.38,26.6,2112946,0.0
2021-06-25,26.53,26.83,26.485,26.62,2176845,0.0
2021-06-28,26.93,26.95,26.5,26.63,1453316,0.0
2021-06-29,26.86,27.335,26.86,27,2710934,0.0
2021-06-30,26.96,27.64,26.9,27.47,2504708,0.0
2021-07-01,27.61,27.82,27.31,27.46,1330500,0.0
2021-07-02,27.52,27.52,26.9,27.19,1816972,0.0
2021-07-06,27.1,27.135,26.22,26.51,1486956,0.0
2021-07-07,26.39,26.67,26.2301,26.6,1171899,0.0
2021-07-08,26.19,26.77,25.99,26.49,2099486,0.0
2021-07-09,26.78,27.155,26.71,27.03,1380367,0.0
2021-07-12,26.89,27.27,26.59,27.19,1782164,0.0
2021-07-13,27.09,27.2,26.45,26.46,1788520,0.0
2021-07-14,27.1,27.41,26.73,27.09,3677524,0.0
2021-07-15,27,27.32,26.73,26.7601,1219767,0.0
