Date,Open,High,Low,Close,Volume,OpenInterest
2020-12-04,18.63,18.7,18.41,18.67,1386704,0.0
2020-12-07,18.52,18.63,18.39,18.5,1608694,0.0
2020-12-08,18.3,18.5,18.235,18.38,2131565,0.0
2020-12-09,18.43,18.465,18.18,18.27,1616318,0.0
2020-12-10,18.22,18.55,18.1,18.35,3029455,0.0
2020-12-11,18.28,18.4,17.92,17.965,1466242,0.0
2020-12-14,18.1,18.1,17.6,17.76,2278917,0.0
2020-12-15,18,18.195,17.87,18.065,3583019,0.0
2020-12-16,18.09,18.14,17.66,17.77,1630201,0.0
2020-12-17,17.88,17.96,17.47,17.72,1879650,0.0
2020-12-18,17.47,17.73,17.27,17.36,2172686,0.0
2020-12-21,17.18,17.71,17.15,17.65,2258496,0.0
2020-12-22,17.55,17.805,17.47,17.65,2118712,0.0
2020-12-23,17.65,17.82,17.62,17.6827,1755209,0.0
2020-12-24,17.82,17.9403,17.74,17.83,528170,0.0
2020-12-28,17.93,18.31,17.9,18.19,1467324,0.0
2020-12-29,18.13,18.23,17.945,18.03,1001152,0.0
2020-12-30,18.02,18.29,17.95,18.03,1150365,0.0
2020-12-31,17.98,18.1001,17.76,17.97,1496262,0.0
2021-01-04,18.04,18.3,17.75,18.16,2797691,0.0
2021-01-05,18.04,18.42,18,18.28,1530399,0.0
2021-01-06,18.42,19.43,18.22,19.23,2903118,0.0
2021-01-07,19.28,19.31,18.73,18.74,1531681,0.0
2021-01-08,18.77,18.91,18.38,18.64,1459670,0.0
2021-01-11,18.37,18.81,18.3,18.66,1273514,0.0
2021-01-12,18.61,18.74,18.34,18.4,1621658,0.0
2021-01-13,18.37,18.6,18.26,18.28,2044326,0.0
2021-01-14,18.35,18.89,18.35,18.7,1641532,0.0
2021-01-15,18.63,18.74,18.4,18.69,1569585,0.0
2021-01-19,18.79,18.85,18.52,18.75,1642192,0.0
2021-01-20,18.84,19.18,18.8,19.11,1928613,0.0
2021-01-21,19.07,19.45,19.015,19.21,1426306,0.0
2021-01-22,19.12,19.19,18.56,18.56,1422052,0.0
2021-01-25,18.42,18.865,18.2902,18.75,1845469,0.0
2021-01-26,18.94,19.175,18.56,19.13,1517719,0.0
2021-01-27,19.42,20.05,19.17,19.58,4690476,0.0
2021-01-28,19.72,19.81,19.225,19.5,2987767,0.0
2021-01-29,19.49,19.935,19.39,19.41,2134071,0.0
2021-02-01,19.33,19.5,18.715,19.38,2119372,0.0
2021-02-02,19.52,20,19.41,19.79,1641164,0.0
2021-02-03,19.62,19.94,19.585,19.85,1260300,0.0
2021-02-04,19.93,20.555,19.84,20.3,3009067,0.0
2021-02-05,21.99,22.25,21.08,21.22,6367737,0.0
2021-02-08,21.27,21.82,21.27,21.7,3107768,0.0
2021-02-09,21.89,22.38,21.75,22.18,3448840,0.0
2021-02-10,22.3,22.89,22.2,22.63,2618085,0.0
2021-02-11,22.6,23.08,22.5,23.05,2140778,0.0
2021-02-12,23.86,24.06,23.38,23.71,3873373,0.0
2021-02-16,23.61,23.86,23.4425,23.795,3063374,0.0
2021-02-17,24.04,24.22,23.08,23.17,3724183,0.0
2021-02-18,23.16,23.25,22.62,22.65,4262186,0.0
2021-02-19,22.67,22.815,22.43,22.49,4798425,0.0
2021-02-22,22.48,23.605,22.29,23.355,6825587,0.0
2021-02-23,23.2,23.605,23,23.43,3875846,0.0
2021-02-24,23.38,24.15,23.07,23.82,5533099,0.0
2021-02-25,23.78,24.085,23.195,23.2,2266561,0.0
2021-02-26,23.24,23.76,23.1,23.46,3353809,0.0
2021-03-01,23.8,24.5,23.63,24.35,3572738,0.0
2021-03-02,24.34,24.38,23.61,23.64,3265164,0.0
2021-03-03,23.64,24.18,23.56,23.78,2892151,0.0
2021-03-04,23.74,24.02,23.14,23.53,3315487,0.0
2021-03-05,25.06,25.06,23.31,24.37,4030493,0.0
2021-03-08,25.015,25.015,23.945,24.235,3994247,0.0
2021-03-09,24.4,25.58,24.28,24.86,6801633,0.0
2021-03-10,25.06,25.66,24.59,25.53,4262551,0.0
2021-03-11,25.48,25.849,25.29,25.73,2392970,0.0
2021-03-12,25.86,26.23,25.5,26.21,3379386,0.0
2021-03-15,26.24,26.24,25.7,26.11,3225584,0.0
2021-03-16,26.25,26.835,26.16,26.49,3743376,0.0
2021-03-17,26.44,26.47,25.83,26.35,3589621,0.0
2021-03-18,26.49,27.445,26.35,27.17,5965141,0.0
2021-03-19,27.06,27.68,26.75,27.3,5846603,0.0
2021-03-22,27.4,27.53,26.495,26.715,3244693,0.0
2021-03-23,26.65,26.72,25.98,26.1,3672218,0.0
2021-03-24,26.22,26.43,25.41,25.45,2962904,0.0
2021-03-25,25.33,26.32,25.01,26.21,3009860,0.0
2021-03-26,26.31,26.42,25.4012,25.73,4535036,0.0
2021-03-29,26.02,26.03,24.825,25.02,3018270,0.0
2021-03-30,25.11,25.83,24.93,25.69,2599431,0.0
2021-03-31,25.59,26.1,25.41,25.43,3184613,0.0
2021-04-01,25.51,26.07,25.25,26.06,2299552,0.0
2021-04-05,26.14,26.55,25.86,26.42,2711103,0.0
2021-04-06,26.22,26.8,26.22,26.56,2423783,0.0
2021-04-07,26.52,26.8199,26.31,26.42,1931116,0.0
2021-04-08,26.17,26.79,26.12,26.72,1807425,0.0
2021-04-09,26.83,26.95,26.45,26.68,1921639,0.0
2021-04-12,26.97,26.97,26.5,26.75,3215738,0.0
2021-04-13,26.84,26.92,26.07,26.14,3536336,0.0
2021-04-14,26.19,26.66,26.175,26.42,4489480,0.0
2021-04-15,26.62,26.86,26.35,26.61,3080937,0.0
2021-04-16,26.79,26.91,26.56,26.7,3073186,0.0
2021-04-19,26.65,26.84,26.39,26.74,2661068,0.0
2021-04-20,26.8,27.055,26.15,26.48,1899631,0.0
2021-04-21,26.255,27.34,26.01,27.32,2539163,0.0
2021-04-22,27.32,27.47,26.85,26.9,3318991,0.0
2021-04-23,27.06,27.23,26.68,26.71,2669120,0.0
2021-04-26,26.89,26.96,26.57,26.66,2903753,0.0
2021-04-27,26.57,26.83,26.445,26.54,1992657,0.0
2021-04-28,26.53,26.63,26.02,26.18,2743206,0.0
2021-04-29,26.41,26.63,26.16,26.52,2469528,0.0
2021-04-30,26.35,26.41,25.96,26.2,2987959,0.0
2021-05-03,26.31,26.54,26.13,26.35,2591259,0.0
2021-05-04,26.12,26.16,25.22,25.51,2391881,0.0
2021-05-05,25.77,26.35,25.51,26.13,2875783,0.0
2021-05-06,26.26,26.4,25.67,25.98,2288057,0.0
2021-05-07,26,27.7,26.51,27.45,4039092,0.0
2021-05-10,27.3,27.965,27.005,27.43,4012641,0.0
2021-05-11,27.4,27.66,26.77,27.65,3304937,0.0
2021-05-12,27.41,27.555,26.045,26.13,3419169,0.0
2021-05-13,26.17,26.785,25.915,26.25,2098666,0.0
2021-05-14,26.43,26.78,25.7576,26.7,1452654,0.0
2021-05-17,26.91,27.47,26.59,26.91,2227515,0.0
2021-05-18,26.89,27.24,26.48,26.49,2438944,0.0
2021-05-19,26.07,26.3,25.815,26.01,3344311,0.0
2021-05-20,26.16,27.155,26.065,27.0283,3326112,0.0
2021-05-21,26.66,27.17,26.47,26.49,2752978,0.0
2021-05-24,26.68,26.92,26.4701,26.83,2769234,0.0
2021-05-25,26.97,27.135,26.62,26.65,2721863,0.0
2021-05-26,27.19,27.19,26.76,26.77,2964119,0.0
2021-05-27,26.8,27.51,26.8,27.1,5074411,0.0
2021-05-28,27.1,27.28,26.56,26.99,3324770,0.0
2021-06-01,26.59,26.91,26.04,26.505,3310390,0.0
2021-06-02,26.5,26.56,25.62,25.94,2906796,0.0
2021-06-03,25.71,25.925,25.36,25.9,2258362,0.0
2021-06-04,25.92,26.245,25.88,26.22,1420370,0.0
2021-06-07,26.25,26.27,25.63,25.84,2374895,0.0
2021-06-08,25.83,26.55,25.725,26.47,3535456,0.0
2021-06-09,26.36,26.71,26.27,26.52,1521025,0.0
2021-06-10,26.6,26.7158,26.42,26.45,1270005,0.0
2021-06-11,26.59,26.86,26.02,26.85,1092992,0.0
2021-06-14,26.83,26.87,26.19,26.31,1332434,0.0
2021-06-15,26.4,26.51,25.95,26,1086472,0.0
2021-06-16,25.9,26.03,25.53,25.93,1585084,0.0
2021-06-17,25.92,26.01,25.13,25.5,1868284,0.0
2021-06-18,25.36,25.43,24.94,25.14,2133209,0.0
2021-06-21,25.13,25.84,25.04,25.73,1351745,0.0
2021-06-22,25.64,25.795,25.19,25.52,1331349,0.0
2021-06-23,25.52,25.71,25.23,25.45,1197168,0.0
2021-06-24,25.49,25.71,25.39,25.57,987415,0.0
2021-06-25,25.64,25.97,25.61,25.73,1453080,0.0
2021-06-28,25.73,26.065,25.415,25.6275,1646024,0.0
2021-06-29,25.67,26.065,25.55,25.56,1120064,0.0
2021-06-30,25.53,25.9,25.445,25.77,1044154,0.0
2021-07-01,25.85,26.25,25.73,26.15,1540883,0.0
2021-07-02,26.16,26.23,25.532,25.75,1341365,0.0
2021-07-06,25.83,25.83,25.38,25.55,1654175,0.0
2021-07-07,25.53,25.71,24.915,25.35,2012250,0.0
2021-07-08,25.06,25.25,24.69,24.81,1826028,0.0
2021-07-09,25.03,25.67,25.02,25.52,1570708,0.0
2021-07-12,25.47,25.92,24.9,25.83,1339629,0.0
2021-07-13,25.77,25.77,25.21,25.24,1273268,0.0
2021-07-14,25.35,25.56,24.95,24.99,1083361,0.0
2021-07-15,24.92,25.25,24.81,24.91,1203849,0.0
2021-07-16,25.01,25.15,24.18,24.22,1238429,0.0
2021-07-19,23.89,24.22,23.695,23.89,3491056,0.0
2021-07-20,23.9,24.39,23.54,24.32,2983553,0.0
2021-07-21,24.45,24.86,24.325,24.62,1185849,0.0
2021-07-22,24.58,24.61,24.25,24.4,705624,0.0
2021-07-23,24.41,24.775,24.29,24.74,1192929,0.0
2021-07-26,24.96,25.46,24.65,24.8,1549137,0.0
2021-07-27,24.66,24.865,24.4185,24.72,964660,0.0
2021-07-28,24.91,25,24.49,24.75,849222,0.0
2021-07-29,24.83,24.95,24.56,24.59,790145,0.0
2021-07-30,24.51,24.785,24.47,24.63,1532169,0.0
2021-08-02,24.71,25.02,24.625,24.75,2096396,0.0
2021-08-03,24.8,24.81,23.85,24.07,1639175,0.0
2021-08-04,24.56,24.66,24.19,24.32,2536826,0.0
2021-08-05,24.56,24.94,24.475,24.87,2310443,0.0
2021-08-06,25.06,26.42,24.6193,24.7,4921885,0.0
2021-08-09,24.225,24.58,23.72,24.41,2527464,0.0
2021-08-10,24.3,24.445,24.05,24.28,1431279,0.0
2021-08-11,24.23,24.315,23.83,24.175,2429644,0.0
2021-08-12,24.07,24.13,23.83,23.97,1682748,0.0
2021-08-13,23.96,24.06,23.47,23.51,1380626,0.0
2021-08-16,23.33,23.67,23.1,23.6,1928711,0.0
2021-08-17,23.08,23.49,22.23,23,2774200,0.0
2021-08-18,22.89,23.02,22.15,22.16,2601224,0.0
2021-08-19,22.01,22.25,21.8,21.87,2729726,0.0
2021-08-20,21.83,22.175,21.71,22.11,2178535,0.0
2021-08-23,22.19,22.44,22.19,22.37,1109650,0.0
2021-08-24,22.36,22.55,22.27,22.31,1341339,0.0
2021-08-25,22.5155,22.69,22.09,22.58,1333347,0.0
2021-08-26,22.51,22.7,22.34,22.37,1369163,0.0
2021-08-27,22.48,22.745,22.38,22.73,1432600,0.0
2021-08-30,22.68,22.72,22.34,22.37,1306823,0.0
2021-08-31,22.53,22.665,22.305,22.48,2586010,0.0
2021-09-01,22.64,23.04,22.5,22.83,1729481,0.0
2021-09-02,22.84,23.09,22.575,22.65,1146479,0.0
2021-09-03,22.67,22.74,22.4,22.58,1084470,0.0
2021-09-07,22.6,22.665,22.17,22.19,1435467,0.0
2021-09-08,22.18,22.29,21.69,22.08,2559299,0.0
2021-09-09,22.19,22.41,22.015,22.05,2623240,0.0
2021-09-10,22.16,22.29,21.87,21.89,1595110,0.0
2021-09-13,22.07,22.13,21.69,21.89,2255243,0.0
2021-09-14,21.89,22.24,21.73,22.01,3171620,0.0
2021-09-15,21.92,22.05,21.7,21.96,1994499,0.0
2021-09-16,21.93,22.65,21.85,22.48,2151606,0.0
2021-09-17,22.44,22.59,22.155,22.35,2353153,0.0
2021-09-20,22,22.07,21.605,21.86,1828847,0.0
2021-09-21,22.08,22.67,21.98,22.2,3126032,0.0
2021-09-22,22.57,23.245,22.55,23.13,3143368,0.0
2021-09-23,23.66,24.15,23.52,24.02,4036185,0.0
2021-09-24,23.75,24.5,23.73,24.38,2198195,0.0
2021-09-27,24.27,24.41,24.05,24.2,2197942,0.0
2021-09-28,24.1,24.34,23.86,23.93,2368552,0.0
2021-09-29,23.95,24.21,23.765,23.815,2216397,0.0
2021-09-30,23.88,23.95,23.37,23.54,2468812,0.0
2021-10-01,23.63,23.88,23.43,23.72,2436136,0.0
2021-10-04,23.62,23.85,23.28,23.46,1789733,0.0
2021-10-05,23.74,24.02,23.5,23.78,1404856,0.0
2021-10-06,23.46,23.805,23.15,23.63,2176579,0.0
2021-10-07,23.84,24.2,23.76,24.07,1157606,0.0
2021-10-08,24.15,24.51,24.02,24.08,1271027,0.0
2021-10-11,24.02,24.28,23.945,23.97,764481,0.0
2021-10-12,23.91,24.43,23.68,23.87,1787705,0.0
2021-10-13,23.89,24.16,23.5,23.69,2430800,0.0
2021-10-14,23.89,24.11,23.74,24.07,1640645,0.0
2021-10-15,24.13,24.225,23.88,23.91,1463630,0.0
2021-10-18,23.74,23.87,23.535,23.55,1398276,0.0
2021-10-19,23.6,23.825,23.58,23.69,1231324,0.0
2021-10-20,23.62,23.82,23.54,23.81,1582034,0.0
2021-10-21,23.91,23.99,23.655,23.82,1226076,0.0
2021-10-22,23.79,24.195,23.79,24.08,1407214,0.0
2021-10-25,24.17,24.41,24.05,24.17,1295068,0.0
2021-10-26,24.18,24.22,23.84,23.86,1642483,0.0
2021-10-27,23.78,23.78,22.715,22.97,4411636,0.0
2021-10-28,23.07,23.37,22.82,23.15,1763297,0.0
2021-10-29,22.96,23.175,22.75,22.91,2605892,0.0
2021-11-01,22.99,23.53,22.93,23.51,4051410,0.0
2021-11-02,23.51,23.63,23.235,23.52,1838397,0.0
2021-11-03,23.42,23.54,23.09,23.3,2503102,0.0
2021-11-04,23.32,23.5,23.025,23.47,2126985,0.0
2021-11-05,25.865,25.865,23.735,24.37,5173927,0.0
2021-11-08,24.45,24.78,23.96,24.06,3761111,0.0
2021-11-09,24.03,24.295,23.415,23.735,3195181,0.0
2021-11-10,23.7,23.88,23.36,23.5,2498907,0.0
2021-11-11,23.61,23.87,23.47,23.6,2175249,0.0
2021-11-12,23.8,23.9,23.63,23.83,1749658,0.0
2021-11-15,23.74,24,23.41,23.47,1907747,0.0
2021-11-16,23.49,23.71,23.34,23.63,1971197,0.0
2021-11-17,23.5,23.6,23.08,23.4,2550948,0.0
2021-11-18,23.46,23.59,23,23.22,2793088,0.0
2021-11-19,23,23.11,22.1,22.13,4121913,0.0
2021-11-22,22.33,22.72,21.909,22.45,4558693,0.0
2021-11-23,22.48,22.59,22.03,22.16,2878253,0.0
2021-11-24,22.02,22.07,21.7,21.98,2556343,0.0
2021-11-26,21.45,21.65,21.185,21.43,2533003,0.0
2021-11-29,21.695,21.975,21.35,21.81,3609174,0.0
2021-11-30,21.61,21.93,21.39,21.61,7367056,0.0
2021-12-01,22.06,22.15,21.09,21.11,3761117,0.0
2021-12-02,21.2,21.79,21.15,21.72,2843916,0.0
2021-12-03,21.68,21.78,21.45,21.76,2236730,0.0
2021-12-06,21.71,22.035,21.65,21.88,2373209,0.0
2021-12-07,22.1,22.305,21.79,21.99,3696411,0.0
2021-12-08,22,22.42,21.93,22.17,2519079,0.0
2021-12-09,22.01,22.21,21.71,21.78,1596689,0.0
2021-12-10,21.91,22.53,21.565,21.86,2746086,0.0
2021-12-13,21.87,21.92,21.335,21.475,1453713,0.0
2021-12-14,21.4,21.48,20.96,21.01,1829217,0.0
2021-12-15,21.07,21.325,20.87,21.26,2947596,0.0
2021-12-16,21.42,21.73,21.35,21.37,2274963,0.0
2021-12-17,21.31,21.43,21,21.28,2687352,0.0
2021-12-20,20.97,21.055,20.58,20.88,1421609,0.0
2021-12-21,20.94,21.715,20.94,21.69,1843414,0.0
2021-12-22,21.64,21.96,21.64,21.78,1023686,0.0
2021-12-23,21.84,22.44,21.84,22.34,1842777,0.0
2021-12-27,22.145,22.705,22.14,22.58,1785251,0.0
2021-12-28,22.55,22.83,22.48,22.67,1440387,0.0
2021-12-29,22.66,22.805,22.525,22.56,1462597,0.0
2021-12-30,22.59,22.79,22.46,22.51,1820578,0.0
2021-12-31,22.42,22.605,22.275,22.31,1466204,0.0
2022-01-03,22.38,22.96,22.35,22.78,2363295,0.0
2022-01-04,22.96,23.1,22.52,22.57,2201102,0.0
2022-01-05,22.7,22.96,21.8,21.83,2727647,0.0
2022-01-06,21.99,22.67,21.94,22.52,2693273,0.0
2022-01-07,22.52,22.775,22.455,22.5,1949966,0.0
2022-01-10,22.44,22.8,21.88,22.24,1882073,0.0
2022-01-11,22.345,22.455,22.1,22.44,1722137,0.0
2022-01-12,22.52,22.74,22.37,22.61,1311811,0.0
2022-01-13,22.66,23.2,22.58,22.96,2010710,0.0
2022-01-14,22.79,22.93,22.365,22.72,2070266,0.0
2022-01-18,22.59,22.64,21.965,22.2,1945275,0.0
2022-01-19,22.31,22.37,22.02,22.04,1551892,0.0
2022-01-20,21.725,22.45,21.69,21.745,1882384,0.0
2022-01-21,21.57,21.86,21.3,21.44,2622535,0.0
2022-01-24,21.31,22.03,20.86,22.005,3799785,0.0
2022-01-25,21.69,21.825,21.17,21.68,2933042,0.0
2022-01-26,21.83,22.1498,21.155,21.37,2052049,0.0
2022-01-27,21.47,21.69,21.02,21.08,2437851,0.0
2022-01-28,20.98,21.78,20.91,21.76,2513283,0.0
2022-01-31,21.73,22.27,21.62,22.25,3145588,0.0
2022-02-01,22.22,22.4741,22.01,22.25,2522154,0.0
2022-02-02,21.805,22.46,21.805,22.36,2842332,0.0
2022-02-03,22.23,22.73,22.23,22.46,3772049,0.0
2022-02-04,23.1,23.73,21.85,22.49,4190192,0.0
2022-02-07,22.58,22.95,22.37,22.45,3158060,0.0
2022-02-08,22.54,23.115,22.45,22.87,2611988,0.0
2022-02-09,23.19,23.53,23.14,23.46,1799967,0.0
2022-02-10,23.29,23.665,23.08,23.19,1435306,0.0
2022-02-11,23.13,23.34,22.58,22.64,1898917,0.0
