Date,Open,High,Low,Close,Volume,OpenInterest
2020-12-04,93.58,94.55,92.98,94.48,740538,0.0
2020-12-07,93.93,94.23,93.14,93.55,701704,0.0
2020-12-08,93.72,93.765,92.72,93.33,752998,0.0
2020-12-09,93.31,93.62,92.5501,93.22,891611,0.0
2020-12-10,92.43,92.5923,91.2,91.33,1380807,0.0
2020-12-11,91.1,91.89,90.73,91.82,1252731,0.0
2020-12-14,92.47,93.18,91.29,91.33,872437,0.0
2020-12-15,91.61,93.55,91.01,93.54,1465890,0.0
2020-12-16,93.43,94.84,92.44,94.39,1997069,0.0
2020-12-17,94.84,95.75,94.33,95.63,1178362,0.0
2020-12-18,96.13,97.13,95.77,97.02,1550871,0.0
2020-12-21,95.64,97.17,94.96,96.6,1613731,0.0
2020-12-22,96.42,97.19,96.36,96.68,1454356,0.0
2020-12-23,99.5,99.95,94.32,94.33,2816965,0.0
2020-12-24,94.9,95.0084,93.38,94.71,742817,0.0
2020-12-28,95.63,95.79,93.75,94.34,983198,0.0
2020-12-29,94.99,94.99,92.91,93.15,810972,0.0
2020-12-30,93.33,94.02,91.69,92.18,1063075,0.0
2020-12-31,92.3,93.42,91.76,93.19,996512,0.0
2021-01-04,93.2135,93.52,89.24,90.36,1693852,0.0
2021-01-05,90.44,90.73,89.51,90.04,1001290,0.0
2021-01-06,89.99,92.04,89.55,91.14,1500317,0.0
2021-01-07,90.99,91.89,90.52,91.53,1058569,0.0
2021-01-08,91.47,92.5,91.24,92.02,985199,0.0
2021-01-11,91.54,91.94,90.58,91,734731,0.0
2021-01-12,90.78,91.08,89.52,90.73,883610,0.0
2021-01-13,90.28,90.46,89.37,89.55,1474057,0.0
2021-01-14,89.66,89.8038,87.9,88.07,1135223,0.0
2021-01-15,87.56,88.51,86.95,88.37,1302534,0.0
2021-01-19,88.69,89.19,88.05,88.34,1274224,0.0
2021-01-20,87.8,89.63,87.8,89.35,1202914,0.0
2021-01-21,89.02,89.37,87.25,87.55,1189288,0.0
2021-01-22,87.23,87.489,86.37,86.8,989251,0.0
2021-01-25,86.6,87.3,85.6,86.98,1761964,0.0
2021-01-26,87.26,88.03,86.56,87.32,1386037,0.0
2021-01-27,86.19,88.17,85.3,87.31,3324331,0.0
2021-01-28,88.03,90.13,87.9,89.09,3062534,0.0
2021-01-29,87.99,87.99,86.24,87.34,1744974,0.0
2021-02-01,87.77,90.01,86.8876,89.3,1621372,0.0
2021-02-02,89.82,91.04,88.9,90.52,1492725,0.0
2021-02-03,90.54,90.54,89.12,89.96,1304442,0.0
2021-02-04,90.3,91.61,89.935,91.58,935712,0.0
2021-02-05,92,92.2,91.35,91.62,863548,0.0
2021-02-08,90.63,91.89,90.53,91.71,797969,0.0
2021-02-09,91.66,91.68,90.78,90.89,1179432,0.0
2021-02-10,91.51,91.51,90.3975,90.44,844937,0.0
2021-02-11,90.81,91.1,90.02,90.28,1007274,0.0
2021-02-12,90.24,90.24,88.81,89.38,1256305,0.0
2021-02-16,89.34,89.61,88.25,88.8,1785603,0.0
2021-02-17,88.2,89.38,87.67,89.17,1836140,0.0
2021-02-18,88.88,92.09,88.71,91.275,1918385,0.0
2021-02-19,90.68,91.55,89.8558,90.24,1465787,0.0
2021-02-22,89.94,91.33,89.12,90.39,1287468,0.0
2021-02-23,90.14,91.71,89.48,90.85,1934174,0.0
2021-02-24,90.0363,93.7,89.41,93.36,1538508,0.0
2021-02-25,93.01,93.8,91.01,91.42,1785057,0.0
2021-02-26,91.11,92,90.32,91.08,1317466,0.0
2021-03-01,92,93.7,91.21,92.75,1257580,0.0
2021-03-02,92.69,93.195,91.65,92.14,1028912,0.0
2021-03-03,91.53,91.95,90.35,90.48,1216748,0.0
2021-03-04,90.43,91.48,88.685,89.31,1966916,0.0
2021-03-05,90.27,92.465,89.28,92.09,2110689,0.0
2021-03-08,91.29,94.5,90.17,93.21,1470482,0.0
2021-03-09,94.4,95.53,93.64,94.54,1454605,0.0
2021-03-10,94.62,95.37,94.25,94.7,1897260,0.0
2021-03-11,95.18,96.34,94.95,95.18,1199308,0.0
2021-03-12,94.74,95.34,94.28,95.25,1018314,0.0
2021-03-15,95.18,97.82,95.18,97.77,1195529,0.0
2021-03-16,97.88,98.515,97.34,98.03,1456672,0.0
2021-03-17,97.51,98.64,96.755,98.02,1392653,0.0
2021-03-18,96.9,98.35,95.9057,97.3,1432026,0.0
2021-03-19,97.57,97.75,95.76,95.76,1923968,0.0
2021-03-22,95.57,96.76,95.39,96.65,885480,0.0
2021-03-23,96.59,97.06,95.61,96.12,958215,0.0
2021-03-24,96.29,98.53,95.8443,96.96,1392504,0.0
2021-03-25,97.11,98.55,96.56,98.28,1106323,0.0
2021-03-26,98.12,101.01,97.8636,100.87,1440796,0.0
2021-03-29,100.59,100.9,99.09,100.29,1148466,0.0
2021-03-30,100.03,100.48,98.265,99.23,1275314,0.0
2021-03-31,99.23,99.82,97.84,98.02,1605507,0.0
2021-04-01,97.44,99.0318,97.44,98.8,1940033,0.0
2021-04-05,99.59,101.15,99.46,100.45,1737241,0.0
2021-04-06,95.01,95.79,92.74,95.44,3391580,0.0
2021-04-07,95.37,96.83,94.54,94.76,2092839,0.0
2021-04-08,95.63,96.46,95,96.05,1754108,0.0
2021-04-09,96.12,96.53,95.17,96.34,1183294,0.0
2021-04-12,96.57,96.69,95.26,95.83,1214459,0.0
2021-04-13,95.75,96.56,95.01,96.26,1040037,0.0
2021-04-14,96.18,97.25,95.36,96.78,938270,0.0
2021-04-15,96.91,97.39,96.08,96.26,1395066,0.0
2021-04-16,96.6,97.6,96.17,97.48,1424856,0.0
2021-04-19,97.22,97.31,95.91,96.4,1132102,0.0
2021-04-20,96.86,97.69,96.5,97.52,1031836,0.0
2021-04-21,97.64,98.46,97.22,98.22,967256,0.0
2021-04-22,97.8,98.95,97.6,98.31,1176215,0.0
2021-04-23,98.44,99.65,97.98,99.21,864483,0.0
2021-04-26,99.07,99.78,98.54,98.85,753456,0.0
2021-04-27,98.52,99.2201,98.13,99.13,732520,0.0
2021-04-28,99.09,99.14,97.45,97.84,1381081,0.0
2021-04-29,98.4,99.76,97.8,99.37,1374772,0.0
2021-04-30,98.79,99.2,97.24,97.51,1913570,0.0
2021-05-03,98.44,99.54,97.83,99.05,1016406,0.0
2021-05-04,98.65,100.85,98.334,100.79,1745614,0.0
2021-05-05,100.88,101.05,99.5,100.38,1391554,0.0
2021-05-06,100.78,101.65,100.21,101.58,1067852,0.0
2021-05-07,101.64,101.71,99.89,101.01,1157079,0.0
2021-05-10,101.17,102.61,100.4,100.42,1010452,0.0
2021-05-11,99.32,99.78,98.12,99.03,1224299,0.0
2021-05-12,97.9,98.5,96.12,96.36,1207202,0.0
2021-05-13,96.54,99.03,96.5,98.53,1030563,0.0
2021-05-14,99.2,100.44,98.78,100.11,797731,0.0
2021-05-17,99.75,100.11,99.23,99.84,615526,0.0
2021-05-18,99.95,99.97,99.04,99.09,1032193,0.0
2021-05-19,98.41,98.95,97.23,98.89,1089818,0.0
2021-05-20,99.03,101.1,98.41,100.64,989535,0.0
2021-05-21,101.05,101.79,100.37,100.78,969985,0.0
2021-05-24,101.49,102.1884,101.12,101.9,833580,0.0
2021-05-25,102.09,102.09,100.88,101.101,853161,0.0
2021-05-26,100.74,101.27,100.17,100.6,993538,0.0
2021-05-27,100.73,101.35,100.3,100.94,748694,0.0
2021-05-28,100.86,101.7,100.86,101.15,756422,0.0
2021-06-01,101.26,102.13,100.48,101,710102,0.0
2021-06-02,101.15,102.394,99.88,101.88,892292,0.0
2021-06-03,101.06,102.18,100.69,101.86,714314,0.0
2021-06-04,101.79,102.85,101.79,102.56,838999,0.0
2021-06-07,102.62,102.99,101.38,101.74,963081,0.0
2021-06-08,102,103.32,101.93,103.03,748887,0.0
2021-06-09,103.38,104.23,103.12,103.585,592352,0.0
2021-06-10,103.74,105.12,103.46,104.8,1130462,0.0
2021-06-11,104.82,105.17,104.43,105,657676,0.0
2021-06-14,104.83,104.975,103.03,104.47,771724,0.0
2021-06-15,104.66,104.67,103.76,104.3,840134,0.0
2021-06-16,104.31,104.75,103.07,103.815,771189,0.0
2021-06-17,103.61,104.815,103.48,104.23,666174,0.0
2021-06-18,103.15,103.6,101.73,102.02,1376549,0.0
2021-06-21,102.76,103.9,102.05,103.66,680211,0.0
2021-06-22,103.43,104.14,102.87,103.63,985163,0.0
2021-06-23,103.66,103.74,102.58,103.46,1153095,0.0
2021-06-24,104.18,104.55,103.34,104.27,1113961,0.0
2021-06-25,105.27,106.21,104.01,105.68,1827675,0.0
2021-06-28,106.02,107.28,105.55,106.91,1640797,0.0
2021-06-29,106.77,108.23,106.705,107.52,1272405,0.0
2021-06-30,107.6354,108.08,106.83,107.27,1459118,0.0
2021-07-01,106.98,108.63,106.98,108.46,1122801,0.0
2021-07-02,109.18,109.29,107.65,108.73,1288631,0.0
2021-07-06,108.8,109.3664,107.43,108.57,976613,0.0
2021-07-07,108.89,109.9761,108.74,109.83,1451723,0.0
2021-07-08,110.91,111.49,108.89,110.22,2046243,0.0
2021-07-09,109.6,112.13,109.6,111.91,1248625,0.0
2021-07-12,111.9,112.255,111.05,111.68,1254477,0.0
2021-07-13,111.93,112.38,111.2,111.65,1080820,0.0
2021-07-14,111.93,112.57,111.59,112.38,912793,0.0
2021-07-15,112.38,112.945,112.085,112.68,1305287,0.0
2021-07-16,112.99,113.11,111.76,111.85,1846872,0.0
2021-07-19,111.05,111.645,108.73,109.43,1466207,0.0
2021-07-20,109.87,111.39,109.53,110.43,2006451,0.0
2021-07-21,110.66,111.47,109.76,111.39,1606009,0.0
2021-07-22,111.46,111.76,110.09,110.94,802075,0.0
2021-07-23,111.12,112.5,110.855,112.25,856721,0.0
2021-07-26,112.24,112.72,111.69,112.69,954728,0.0
2021-07-27,113.13,113.913,112.1507,113.22,1009176,0.0
2021-07-28,112.95,113.16,112.13,112.77,748370,0.0
2021-07-29,112.77,114.15,112.77,113.63,734940,0.0
2021-07-30,112.68,114.01,112.68,113.84,830840,0.0
2021-08-02,114.14,114.88,113.15,113.23,991506,0.0
2021-08-03,113.37,114.96,112.29,114.79,884826,0.0
2021-08-04,114.59,114.86,113.64,114.25,853664,0.0
2021-08-05,114.75,115.45,114.135,115.27,830052,0.0
2021-08-06,115,115.66,114.66,115.4,780034,0.0
2021-08-09,114.94,115.95,114.42,115.17,687945,0.0
2021-08-10,115.17,115.94,114.7299,115.85,818296,0.0
2021-08-11,116.11,117.11,115.8,116.77,814528,0.0
2021-08-12,116.74,116.87,116.24,116.5,654214,0.0
2021-08-13,116.49,117.38,116.31,117.18,612613,0.0
2021-08-16,117,118.22,116.45,118.21,676638,0.0
2021-08-17,117.66,117.845,116.45,117.04,708712,0.0
2021-08-18,116.64,117.32,114.55,114.7,816186,0.0
2021-08-19,114.24,115.57,114.03,115.27,1157451,0.0
2021-08-20,115.32,115.64,114.75,115.41,1052129,0.0
2021-08-23,115.6,116.13,115.11,115.44,775433,0.0
2021-08-24,115.48,115.69,114.18,114.3,974069,0.0
2021-08-25,114.05,114.96,113.96,114.24,677236,0.0
2021-08-26,114.36,114.67,113.05,113.39,1550325,0.0
2021-08-27,113.61,114.69,113.43,114.36,1063535,0.0
2021-08-30,114.5,115.12,114.29,114.52,565423,0.0
2021-08-31,114.9,114.94,113.81,114.49,926279,0.0
2021-09-01,114.58,114.72,112.58,113.63,1298883,0.0
2021-09-02,113.89,114.16,113.29,113.74,867168,0.0
2021-09-03,113.31,113.96,113.02,113.6,506428,0.0
2021-09-07,113.5,113.38,111.11,111.3,761649,0.0
2021-09-08,111.16,112.13,111.05,112.09,1026540,0.0
2021-09-09,112.4,112.82,111.26,111.31,721708,0.0
2021-09-10,111.39,111.71,110.19,110.32,837426,0.0
2021-09-13,111.02,111.7,108.88,109.44,1155473,0.0
2021-09-14,110.01,110.68,109.49,109.65,1064331,0.0
2021-09-15,109.66,110.41,109.26,109.71,909171,0.0
2021-09-16,109.71,109.99,109.12,109.37,918458,0.0
2021-09-17,109.4,109.53,107.92,108.78,2076612,0.0
2021-09-20,107.6,108.7075,107.35,108.41,1395289,0.0
2021-09-21,108.9,108.9,107.73,108.5,1019614,0.0
2021-09-22,108.5,109.75,108.06,109.34,1131836,0.0
2021-09-23,109.28,110.735,109.28,110.3,758995,0.0
2021-09-24,109.88,110.35,109.38,110,693914,0.0
2021-09-27,109.54,109.8399,108.64,108.77,941886,0.0
2021-09-28,107.77,108.17,106.55,106.72,1036310,0.0
2021-09-29,106.75,108.68,106.61,107.86,1455401,0.0
2021-09-30,113.9,114.65,111.1001,112.45,3476914,0.0
2021-10-01,113.34,115.55,111.35,115.11,1723752,0.0
2021-10-04,114.81,116.28,114.15,115.03,1823301,0.0
2021-10-05,113.26,117.305,113.26,116.83,1350295,0.0
2021-10-06,116.72,118.16,116.0481,118.05,1268524,0.0
2021-10-07,118.54,119.38,117.86,118.64,1125501,0.0
2021-10-08,119,119.23,118.07,118.67,776831,0.0
2021-10-11,118.56,118.56,117.32,117.34,874678,0.0
2021-10-12,117.08,118.455,117.05,117.31,846697,0.0
2021-10-13,117.71,118.07,116.1,117.48,842669,0.0
2021-10-14,118.64,119.04,118.14,118.74,955897,0.0
2021-10-15,119.04,119.48,118.56,119.16,1105346,0.0
2021-10-18,118.81,120.21,118.18,120.08,1046557,0.0
2021-10-19,120.35,121.84,120.05,121.82,1004443,0.0
2021-10-20,122,122.24,121.29,121.94,695631,0.0
2021-10-21,121.77,122.51,121.01,122.4,708130,0.0
2021-10-22,122.5,124.21,122.43,123.78,816612,0.0
2021-10-25,123.3474,124.06,123.01,123.17,636334,0.0
2021-10-26,123.45,123.98,122.82,123.55,727456,0.0
2021-10-27,123.53,123.96,121.72,122.5,949233,0.0
2021-10-28,122.46,123.59,122.1467,123.36,940775,0.0
2021-10-29,123.29,123.845,122.63,123.26,733961,0.0
2021-11-01,123.28,123.28,120.93,121.61,951186,0.0
2021-11-02,121.95,123.45,121.75,123.44,1170358,0.0
2021-11-03,123.5,123.86,121.61,123.43,645654,0.0
2021-11-04,123.35,124.25,122.78,123.75,705021,0.0
2021-11-05,124.71,125.8095,124.28,124.6,931236,0.0
2021-11-08,124.91,125.3,122.41,123.19,815871,0.0
2021-11-09,123.19,123.3,121.73,122.97,977107,0.0
2021-11-10,123,124.01,122.59,123.12,724593,0.0
2021-11-11,122.77,123.81,122.74,123.4,497512,0.0
2021-11-12,123.71,125.11,123.41,124.58,520609,0.0
2021-11-15,124.71,124.95,123.35,124.48,665347,0.0
2021-11-16,124.43,125.905,124.43,125.06,697180,0.0
2021-11-17,124.6,125.9863,124.3301,125.85,562356,0.0
2021-11-18,125.82,125.95,124.72,125.53,555942,0.0
2021-11-19,126.02,126.2,124.86,125,806758,0.0
2021-11-22,124.96,126.82,124.02,124.39,884834,0.0
2021-11-23,124.19,125.62,123.73,125.47,1210516,0.0
2021-11-24,124.89,125.645,124.56,125.06,877462,0.0
2021-11-26,124.32,125.18,122.18,122.44,647334,0.0
2021-11-29,123.71,124.44,122.92,123.71,1230566,0.0
2021-11-30,123.88,124.13,118.29,119.2,1539210,0.0
2021-12-01,120.74,121.48,117.76,117.829,1615152,0.0
2021-12-02,118.54,121.345,118.38,120.65,957725,0.0
2021-12-03,120.74,121.29,118.7,119.86,892522,0.0
2021-12-06,120.99,122.25,120.55,121.91,791374,0.0
2021-12-07,122.5,123.985,122.5,123.11,838636,0.0
2021-12-08,123.51,124.18,122.4,123.04,801258,0.0
2021-12-09,123.03,123.46,122.08,122.25,532963,0.0
2021-12-10,122.76,124.29,122.41,124.25,762833,0.0
2021-12-13,124.32,124.96,123.07,124.4,679817,0.0
2021-12-14,124.44,124.44,121.26,122.48,1038066,0.0
2021-12-15,122.67,125.52,122.5,125.31,1010609,0.0
2021-12-16,125.85,126.43,124.02,124.71,1038319,0.0
2021-12-17,124.14,125.55,123.55,123.85,1819112,0.0
2021-12-20,122.18,123.87,121.55,123.79,1045642,0.0
2021-12-21,124.69,126.75,124.1801,126.44,1692054,0.0
2021-12-22,129.83,135.46,127,133.47,3734699,0.0
2021-12-23,133.75,137.2,133.92,134.23,1907764,0.0
2021-12-27,134.72,135.85,133.385,135.62,1444656,0.0
2021-12-28,136.02,136.9,135.1873,135.84,876500,0.0
2021-12-29,135.67,138.09,135.67,137.38,851076,0.0
2021-12-30,137.59,138.965,136.27,136.45,896457,0.0
2021-12-31,136.52,137.29,135.84,136.55,717414,0.0
2022-01-03,136.01,136.85,133.03,134.5,1735497,0.0
2022-01-04,134.61,135.8799,133.41,134.23,1484514,0.0
2022-01-05,134.03,134.7144,131.61,131.69,1439470,0.0
2022-01-06,131.69,132.5,130.3,130.82,1246757,0.0
2022-01-07,130.755,131.39,128.735,128.84,1132282,0.0
2022-01-10,128.04,128.04,125.36,126.58,1708714,0.0
2022-01-11,128.06,129,125.91,128.83,1488700,0.0
2022-01-12,129.02,129.99,127.43,128.28,922267,0.0
2022-01-13,128.45,128.93,126.39,126.63,1076682,0.0
2022-01-14,125.58,126.72,124.15,124.99,1306480,0.0
2022-01-18,122.88,124.08,122.1009,123.03,1424299,0.0
2022-01-19,123.54,124.45,121.16,121.26,1413509,0.0
2022-01-20,120.92,124.03,120.66,121.02,1504658,0.0
2022-01-21,121.3,122.02,118.63,118.65,1513233,0.0
2022-01-24,118.15,120.21,115.3,120.04,2560301,0.0
2022-01-25,118.8194,120.48,117,118.87,1567923,0.0
2022-01-26,119.61,119.88,112.77,113.58,2665708,0.0
2022-01-27,114.58,115.06,110.55,111.6,2463145,0.0
2022-01-28,110.93,115.35,109.87,115.34,2366428,0.0
2022-01-31,114.45,118.13,113.86,117.76,1613385,0.0
2022-02-01,117.09,118.39,116.51,118.07,1691206,0.0
2022-02-02,117.4376,120.44,117.4376,120.1,1626048,0.0
2022-02-03,119.91,120.07,118.54,118.86,1503936,0.0
2022-02-04,118.26,120.4,117.15,119.88,1442564,0.0
2022-02-07,120.18,120.71,119.0701,120,1112374,0.0
2022-02-08,119.76,121.28,119.12,121.02,1200968,0.0
2022-02-09,122.41,124.3,121.84,124.16,1813433,0.0
2022-02-10,121.75,122.94,119.85,120.41,1793862,0.0
2022-02-11,119.58,121.22,118.66,118.88,1343142,0.0
