Date,Open,High,Low,Close,Volume,OpenInterest
2020-12-04,57.58,57.9377,57.29,57.62,2307016,0.0
2020-12-07,57.38,57.97,57.18,57.54,1575778,0.0
2020-12-08,57.24,57.4,56.665,57.22,1965383,0.0
2020-12-09,56.94,57.25,56.47,56.875,1233631,0.0
2020-12-10,56.7,57.07,55.815,56.62,1215252,0.0
2020-12-11,56.21,56.78,56.12,56.48,1189081,0.0
2020-12-14,56.87,57.37,56.23,56.43,1546466,0.0
2020-12-15,56.78,57.93,56.38,57.82,1570934,0.0
2020-12-16,57.63,58.18,57.06,57.15,1482342,0.0
2020-12-17,57.53,57.96,57.17,57.19,1723219,0.0
2020-12-18,57.17,57.4,56.4,56.83,2856410,0.0
2020-12-21,56.27,56.91,55.905,56.47,1989687,0.0
2020-12-22,56.46,56.685,56.15,56.4,1353688,0.0
2020-12-23,56.8,57.33,56.53,56.54,1237408,0.0
2020-12-24,56.54,57.19,56.51,57.17,696961,0.0
2020-12-28,57.64,57.7,57.19,57.32,879851,0.0
2020-12-29,57.42,57.9,56.904,57.09,1046138,0.0
2020-12-30,56.96,57.67,56.96,57.37,871552,0.0
2020-12-31,57.28,58.34,57.19,58.29,1338337,0.0
2021-01-04,58.14,58.91,55.54,55.76,2988853,0.0
2021-01-05,55.71,56.045,54.96,55.75,2036402,0.0
2021-01-06,56.24,57.05,55.86,56.92,1876736,0.0
2021-01-07,56.8,57.02,55.78,56.1,2159444,0.0
2021-01-08,56.19,57.49,56.12,57.32,2486137,0.0
2021-01-11,57.04,57.46,56.61,56.97,1958351,0.0
2021-01-12,56.95,57.54,56.33,57.34,3494330,0.0
2021-01-13,57.58,58.89,57.411,58.68,4515246,0.0
2021-01-14,58.42,58.68,57.75,57.78,1564864,0.0
2021-01-15,57.71,59.56,57.32,59.38,2553964,0.0
2021-01-19,59.63,59.63,58.11,58.17,1691974,0.0
2021-01-20,58,59.45,57.56,59.25,2124189,0.0
2021-01-21,59.1,59.325,58.27,58.35,1211220,0.0
2021-01-22,58.06,58.59,57.64,58.35,959716,0.0
2021-01-25,58.29,58.94,57.81,58.51,1884729,0.0
2021-01-26,58.69,58.77,57.775,58.34,1117194,0.0
2021-01-27,57.86,58.26,55.96,56.36,1815716,0.0
2021-01-28,56.46,58.06,56.35,57.05,1378051,0.0
2021-01-29,56.55,57.1,56.09,56.38,873183,0.0
2021-02-01,56.52,57.495,55.72,57.14,1012350,0.0
2021-02-02,57.46,58.99,57.11,58.34,2167322,0.0
2021-02-03,58.19,58.6598,57.86,58.1,1445162,0.0
2021-02-04,58.03,58.94,57.93,58.55,1113808,0.0
2021-02-05,58.99,59.49,58.48,59.31,1234252,0.0
2021-02-08,59.35,59.99,58.39,58.8,1255083,0.0
2021-02-09,58.98,59.1499,58.21,58.73,1308078,0.0
2021-02-10,59.09,59.155,58.55,58.85,1422976,0.0
2021-02-11,58.77,58.96,58.26,58.56,921696,0.0
2021-02-12,58.21,58.75,58.01,58.3,976899,0.0
2021-02-16,58.25,58.44,57.33,57.94,1495918,0.0
2021-02-17,58.03,58.24,57.4,58.01,1127641,0.0
2021-02-18,57.98,58.8,57.76,58.5,868559,0.0
2021-02-19,58.55,58.555,57.465,57.74,1642193,0.0
2021-02-22,57.68,57.75,56.175,57.08,1500587,0.0
2021-02-23,57.54,58.29,57.51,57.76,1288817,0.0
2021-02-24,57.47,57.65,55.99,56.06,2363158,0.0
2021-02-25,55.96,56.45,55.66,55.86,2734793,0.0
2021-02-26,55.94,56.3935,53.83,53.83,2826719,0.0
2021-03-01,54.27,55.72,54.27,55.09,1507085,0.0
2021-03-02,55.12,55.2625,54.115,54.61,1488623,0.0
2021-03-03,54.39,54.67,53.77,54.25,1789105,0.0
2021-03-04,54.29,55.565,54,54.68,1536961,0.0
2021-03-05,55.06,56.63,54.93,56.28,1801403,0.0
2021-03-08,56.02,57.66,55.74,57.07,2091836,0.0
2021-03-09,57.16,58.04,57.11,57.53,1691069,0.0
2021-03-10,57.58,58.215,57.26,57.74,1643832,0.0
2021-03-11,57.46,57.94,56.76,56.77,1625021,0.0
2021-03-12,57.26,57.86,56.98,57.68,1009978,0.0
2021-03-15,57.85,58.6,57.85,58.39,1074082,0.0
2021-03-16,57.95,58.84,57.68,58.56,1256402,0.0
2021-03-17,58.74,59.0389,58.33,58.49,1495011,0.0
2021-03-18,58.42,58.8,58.0659,58.58,1877658,0.0
2021-03-19,58.56,59.42,58.01,58.91,2329536,0.0
2021-03-22,58.6,58.805,57.71,57.86,1407717,0.0
2021-03-23,57.75,58.34,57.32,58.32,1775344,0.0
2021-03-24,58.06,59.28,57.92,58.71,1592576,0.0
2021-03-25,59.1,59.57,58.73,59.42,1342053,0.0
2021-03-26,59.56,59.72,58.48,59.29,1498092,0.0
2021-03-29,59.21,60.56,59.2,60.21,1433935,0.0
2021-03-30,59.96,60.16,58.95,59.81,1087602,0.0
2021-03-31,59.78,60.4,59.33,60.24,2141758,0.0
2021-04-01,60.07,60.28,59.38,59.67,1527982,0.0
2021-04-05,59.75,60.92,59.72,60.64,1226108,0.0
2021-04-06,60.73,60.94,60.09,60.92,911869,0.0
2021-04-07,61,61.35,60.7614,61.23,1193928,0.0
2021-04-08,61.44,61.525,60.925,61.28,1210860,0.0
2021-04-09,61.42,61.57,61.055,61.23,1304256,0.0
2021-04-12,61.25,61.77,61.145,61.3,1265705,0.0
2021-04-13,60.86,62.43,60.64,62.41,1443137,0.0
2021-04-14,62.48,62.825,62.21,62.81,1375996,0.0
2021-04-15,62.52,62.94,62.06,62.4,2001366,0.0
2021-04-16,62.81,63.66,62.665,63.37,1666857,0.0
2021-04-19,63.41,63.57,62.78,63.5,1168275,0.0
2021-04-20,63.57,63.92,63.27,63.64,1380591,0.0
2021-04-21,63.89,64.15,63.12,63.55,1439795,0.0
2021-04-22,63.69,63.69,62.79,62.91,977304,0.0
2021-04-23,62.89,63.235,62.525,62.92,1196848,0.0
2021-04-26,62.89,62.89,62.11,62.15,1268475,0.0
2021-04-27,62.15,62.59,61.77,62.1,1763518,0.0
2021-04-28,62.35,62.7,62,62.4,1266693,0.0
2021-04-29,62.8,63.58,62.71,63.09,1604150,0.0
2021-04-30,63.24,63.3,62.69,63.18,1561843,0.0
2021-05-03,63.24,64.3,63.14,63.65,1681673,0.0
2021-05-04,63.85,63.9,63.09,63.13,1882192,0.0
2021-05-05,63.13,63.2,60.9552,61.31,2780593,0.0
2021-05-06,61.78,62.725,61.65,62.57,1767872,0.0
2021-05-07,62.28,63.695,62.28,63.14,1474573,0.0
2021-05-10,63.38,64.22,63.25,63.28,1267458,0.0
2021-05-11,63.36,63.44,61.86,62.25,1203438,0.0
2021-05-12,62.34,62.45,60.67,60.69,1516595,0.0
2021-05-13,60.7,62.45,60.7,62.13,1357895,0.0
2021-05-14,62.35,62.86,62.25,62.52,1580673,0.0
2021-05-17,62.64,62.88,62.17,62.31,981572,0.0
2021-05-18,62.2,62.34,61.86,62.1,1360036,0.0
2021-05-19,61.77,62.005,61.08,61.98,1161797,0.0
2021-05-20,62.13,62.855,61.84,62.56,1581779,0.0
2021-05-21,62.71,63.09,62.385,63.02,1465964,0.0
2021-05-24,64.03,64.3,63.44,63.48,1228810,0.0
2021-05-25,63.29,63.46,62.17,62.17,1587678,0.0
2021-05-26,62.3,62.705,61.94,62.305,1463793,0.0
2021-05-27,62.51,62.51,61.96,62.02,1782643,0.0
2021-05-28,62.32,62.53,62.02,62.13,1065612,0.0
2021-06-01,62.32,62.47,61.59,62.02,1388155,0.0
2021-06-02,62.16,62.17,61.385,61.67,1932240,0.0
2021-06-03,61.08,62.165,60.87,61.69,2021309,0.0
2021-06-04,61.92,62.05,61.25,61.27,1495427,0.0
2021-06-07,60.85,61.14,60.71,60.86,1299477,0.0
2021-06-08,60.88,61.1575,60.1,61.02,1613658,0.0
2021-06-09,61.34,61.475,60.86,61.14,1261157,0.0
2021-06-10,61.25,61.81,61.15,61.63,1363387,0.0
2021-06-11,61.44,61.845,61.35,61.8,983313,0.0
2021-06-14,62.01,62.28,61.46,61.86,1196305,0.0
2021-06-15,62.01,62.655,61.83,62.35,1409759,0.0
2021-06-16,62.48,62.87,61.22,61.23,1586978,0.0
2021-06-17,61.06,61.415,60.8578,61.2,999981,0.0
2021-06-18,60.49,60.81,59.32,59.325,2051311,0.0
2021-06-21,59.72,60.28,59.29,60.05,1569088,0.0
2021-06-22,59.99,60.305,59.47,59.65,2295038,0.0
2021-06-23,59.35,59.615,59.05,59.185,2178406,0.0
2021-06-24,59.24,59.49,58.96,59.36,1561930,0.0
2021-06-25,59.3,59.93,59.255,59.85,1289191,0.0
2021-06-28,59.88,60.59,59.81,60.27,1321831,0.0
2021-06-29,60.17,60.57,59.175,59.48,1671908,0.0
2021-06-30,59.43,60.04,59.28,59.73,1733123,0.0
2021-07-01,60,60.53,59.75,60.25,967278,0.0
2021-07-02,60.31,60.405,59.85,60.09,800335,0.0
2021-07-06,60.12,60.355,59.42,60.3,835339,0.0
2021-07-07,60.24,60.925,59.975,60.85,1007530,0.0
2021-07-08,60.59,61.08,60.36,60.52,784481,0.0
2021-07-09,60.91,61.03,60.06,60.49,2603361,0.0
2021-07-12,60.32,60.749,60,60.7,1019814,0.0
2021-07-13,60.67,60.67,59.595,59.82,1832518,0.0
2021-07-14,59.89,60.67,59.75,60.4,1094007,0.0
2021-07-15,60.17,61.28,60.09,61.19,1368347,0.0
2021-07-16,61.45,62.07,61.1,61.75,1711513,0.0
2021-07-19,61.34,61.82,59.35,60.22,2016907,0.0
2021-07-20,60.13,61.14,60.12,60.67,1090319,0.0
2021-07-21,60.89,61.025,59.995,60.05,810180,0.0
2021-07-22,59.95,60.4,59.95,60.22,936959,0.0
2021-07-23,60.46,61.3,60.45,61.23,1006677,0.0
2021-07-26,61.29,61.665,60.911,61.56,1555672,0.0
2021-07-27,61.44,63.09,61.13,62.85,1545656,0.0
2021-07-28,62.82,62.96,61.91,62.5,1196348,0.0
2021-07-29,62.71,63.27,62.62,63.08,1216728,0.0
2021-07-30,63.08,63.55,62,62.23,1848286,0.0
2021-08-02,62.42,63.11,62.4,63,1680139,0.0
2021-08-03,62.95,64.44,62.68,63.48,1778374,0.0
2021-08-04,63.21,63.39,62.55,63.26,1452756,0.0
2021-08-05,63.39,63.93,63.01,63.9,1540046,0.0
2021-08-06,63.89,64.365,63.67,63.85,1109876,0.0
2021-08-09,64.08,64.14,63.485,63.82,1133020,0.0
2021-08-10,63.79,63.79,62.83,62.905,2694597,0.0
2021-08-11,62.96,63.72,62.91,63.54,1011311,0.0
2021-08-12,63.45,64.32,63.45,63.85,1683945,0.0
2021-08-13,64.06,64.93,63.89,64.73,1144830,0.0
2021-08-16,64.86,65.33,64.37,64.82,1418634,0.0
2021-08-17,64.54,64.86,64.04,64.73,1136297,0.0
2021-08-18,64.7,64.705,63.815,64,1194349,0.0
2021-08-19,63.9,64.93,63.5118,64.25,1014445,0.0
2021-08-20,64.22,65.01,63.99,64.95,1655717,0.0
2021-08-23,64.93,64.94,64.28,64.35,1566408,0.0
2021-08-24,64.31,64.56,63.57,63.82,1557227,0.0
2021-08-25,63.76,64.32,63.45,64.11,873435,0.0
2021-08-26,64.11,64.31,63.78,63.8,1026840,0.0
2021-08-27,63.88,64.41,63.79,64.16,1266173,0.0
2021-08-30,64.18,64.38,64.03,64.25,690349,0.0
2021-08-31,64.16,64.33,63.74,63.93,1784554,0.0
2021-09-01,64.35,64.96,63.93,64.72,1498489,0.0
2021-09-02,64.95,65.04,64.36,64.69,2236928,0.0
2021-09-03,64.44,64.79,64.12,64.16,1179611,0.0
2021-09-07,63.6,63.84,62.84,62.99,978934,0.0
2021-09-08,62.95,64.22,62.75,64.11,2785880,0.0
2021-09-09,64.13,64.16,63.24,63.34,2044233,0.0
2021-09-10,63.31,63.33,62.11,62.13,1603225,0.0
2021-09-13,62.8,63.148,61.99,62.32,2375712,0.0
2021-09-14,62.75,62.9,62.085,62.57,2177474,0.0
2021-09-15,62.6,63.45,62.345,62.82,2561102,0.0
2021-09-16,62.8,63.12,62.46,62.62,1652807,0.0
2021-09-17,62.95,63.47,61.88,61.91,3272563,0.0
2021-09-20,61.61,62.25,61.46,62.07,1898037,0.0
2021-09-21,62.22,62.48,61.43,61.7,3172459,0.0
2021-09-22,61.84,61.92,60.92,61,1467085,0.0
2021-09-23,61.07,61.64,60.595,60.68,1206166,0.0
2021-09-24,60.74,60.99,60.265,60.7,1474991,0.0
2021-09-27,60.86,62.26,60.63,61.24,2345912,0.0
2021-09-28,61.43,61.64,60.199,60.37,1723018,0.0
2021-09-29,60.32,61.56,60.31,61.26,1178813,0.0
2021-09-30,62.3,62.3,60.87,60.88,1909846,0.0
2021-10-01,61.29,61.32,60.37,60.47,1267985,0.0
2021-10-04,60.35,61.31,60.35,61.15,1317558,0.0
2021-10-05,61.1,61.36,60.69,60.85,1272133,0.0
2021-10-06,60.25,60.99,59.635,60.95,1465489,0.0
2021-10-07,60.99,61.42,60.3,60.47,1140212,0.0
2021-10-08,60.23,60.52,59.81,59.9,1003481,0.0
2021-10-11,59.88,59.92,58.97,59.27,1025865,0.0
2021-10-12,59.2,59.64,59.01,59.41,923668,0.0
2021-10-13,59.47,60.29,59.22,60.17,1324251,0.0
2021-10-14,60.41,61.49,60.11,61.43,1171120,0.0
2021-10-15,61.62,62.2374,61.36,62.08,2237228,0.0
2021-10-18,61.56,62.1899,61.34,61.73,2313525,0.0
2021-10-19,62.26,62.56,62.01,62.46,1138780,0.0
2021-10-20,62.66,63.72,62.55,63.41,1538817,0.0
2021-10-21,63.38,63.52,62.97,63.08,882882,0.0
2021-10-22,63.19,63.95,63,63.84,636317,0.0
2021-10-25,63.84,64.35,63.435,63.95,968032,0.0
2021-10-26,64.03,64.985,63.88,64.6,1220511,0.0
2021-10-27,64.76,64.76,63.96,63.99,1092719,0.0
2021-10-28,64.01,64.38,63.84,64.31,857820,0.0
2021-10-29,64.1,64.57,63.52,63.8,1047882,0.0
2021-11-01,63.66,64.515,63.45,64.36,1280459,0.0
2021-11-02,64.73,64.73,63.44,63.99,1378537,0.0
2021-11-03,63.82,64.18,62.68,63.35,1327519,0.0
2021-11-04,63.18,63.68,62.99,63.64,1296270,0.0
2021-11-05,63.46,64.38,63.46,64.22,1237135,0.0
2021-11-08,64.29,64.29,62.09,62.16,1257589,0.0
2021-11-09,62,62.39,61.621,62.16,1101288,0.0
2021-11-10,62.3,62.72,62.17,62.71,1212053,0.0
2021-11-11,62.47,62.6,61.74,62.15,1355456,0.0
2021-11-12,62.1,62.35,61.58,62.17,1332397,0.0
2021-11-15,62.48,63.36,62.18,63.33,1215242,0.0
2021-11-16,63.44,63.65,62.68,62.72,1409467,0.0
2021-11-17,62.65,62.79,62.23,62.46,1029949,0.0
2021-11-18,62.31,62.74,62.07,62.4,1321909,0.0
2021-11-19,62.55,63.15,62.44,63.085,1252851,0.0
2021-11-22,63.03,63.74,62.75,63.51,1224836,0.0
2021-11-23,63.59,64.58,63.43,64.21,1452717,0.0
2021-11-24,64.37,64.95,64,64.61,1657626,0.0
2021-11-26,64,64.54,63.37,63.64,772669,0.0
2021-11-29,63.9,64.57,63.48,64.25,1110115,0.0
2021-11-30,63.74,63.82,62.38,62.49,1812910,0.0
2021-12-01,63.07,63.84,62.4,62.41,1674536,0.0
2021-12-02,62.53,63.73,62.45,63.2,1193732,0.0
2021-12-03,63.62,63.63,62.42,63.45,1277316,0.0
2021-12-06,63.99,64.75,63.67,63.74,1891421,0.0
2021-12-07,63.73,64.86,63.52,64.62,1003164,0.0
2021-12-08,63.96,64.539,63.68,63.9,1248593,0.0
2021-12-09,63.88,64.24,63.33,63.73,1624006,0.0
2021-12-10,64.06,64.34,63.675,63.78,1655927,0.0
2021-12-13,63.7,65.6,63.59,65.46,910236,0.0
2021-12-14,64.8,65.1647,64.335,64.53,1770047,0.0
2021-12-15,64.78,65.58,64.5,65.57,1018869,0.0
2021-12-16,65.45,66.3,65.28,65.61,1328858,0.0
2021-12-17,65.73,65.73,63.89,64.1,2137580,0.0
2021-12-20,63.55,64.21,62.68,64.11,1259872,0.0
2021-12-21,64.65,64.8,63.85,64.32,1142389,0.0
2021-12-22,64.12,64.67,63.91,64.59,753622,0.0
2021-12-23,64.7,64.95,64.395,64.57,762394,0.0
2021-12-27,64.79,65.1,64.49,65.07,540720,0.0
2021-12-28,65.12,65.65,65.12,65.59,679992,0.0
2021-12-29,65.68,66.14,65.6,65.98,682388,0.0
2021-12-30,66.21,66.389,65.8,66.33,769051,0.0
2021-12-31,66.22,67.05,66.02,66.75,835085,0.0
2022-01-03,66.92,66.92,65.38,66.16,873353,0.0
2022-01-04,66.13,67.17,65.93,65.99,1250868,0.0
2022-01-05,65.89,66.8,65.75,65.83,1545781,0.0
2022-01-06,66.22,66.76,65.83,65.89,1116779,0.0
2022-01-07,66.37,67.62,65.59,67,1530295,0.0
2022-01-10,66.9,66.93,65.93,66.27,1139754,0.0
2022-01-11,66.375,66.52,65.32,65.85,1253370,0.0
2022-01-12,65.64,66.2,65.4,66.04,1082704,0.0
2022-01-13,65.55,66.68,65.36,66.29,1126952,0.0
2022-01-14,66.13,66.22,65.15,65.25,2029844,0.0
2022-01-18,64.9,65.61,64.18,65.23,1395930,0.0
2022-01-19,65.32,66.26,65.23,65.55,1247026,0.0
2022-01-20,65.72,66.64,65.5,65.59,1223558,0.0
2022-01-21,65.91,66.36,65.25,65.43,1742173,0.0
2022-01-24,65.38,65.52,62.81,64.35,1998551,0.0
2022-01-25,64.06,65.265,63.72,64.73,2325484,0.0
2022-01-26,64.77,65.66,64.36,64.67,1865572,0.0
2022-01-27,65.31,66.36,64.97,65.41,2201555,0.0
2022-01-28,65.28,66.08,64.84,66.04,1424623,0.0
2022-01-31,65.69,66.67,65.415,66.53,1595908,0.0
2022-02-01,66.83,66.97,65.43,66.26,1451401,0.0
2022-02-02,66.28,67.47,66.09,67.25,2067546,0.0
2022-02-03,67.2,67.66,66.92,67.08,1921079,0.0
2022-02-04,66.56,67.22,65.66,66.63,1356599,0.0
2022-02-07,66.69,67.08,66.31,66.79,1414417,0.0
2022-02-08,67.14,67.54,66.78,67.25,1539025,0.0
2022-02-09,67.84,68.06,67.22,67.44,1195581,0.0
2022-02-10,66.85,67.183,65.64,65.84,2481461,0.0
2022-02-11,65.87,66.72,65.72,65.95,1437933,0.0
