Date,Open,High,Low,Close,Volume,OpenInterest
2020-12-04,146.28,147.74,146.025,146.94,742270,0.0
2020-12-07,146.5,146.9,144.73,144.93,552988,0.0
2020-12-08,144.18,145.83,143.97,144.91,748330,0.0
2020-12-09,145.2,145.81,143.5176,145.23,639589,0.0
2020-12-10,144.46,145.44,142.61,143.33,837322,0.0
2020-12-11,142.34,143.46,141.42,142.93,919681,0.0
2020-12-14,143.8,144.01,141.365,141.75,778220,0.0
2020-12-15,143.19,144.69,142.43,144.15,1027275,0.0
2020-12-16,144.86,145.34,142.18,142.88,761443,0.0
2020-12-17,144.05,144.6,142.58,144.2778,723588,0.0
2020-12-18,144.255,145.91,142.37,145.43,1336088,0.0
2020-12-21,143.67,146.81,142.33,146.1,738112,0.0
2020-12-22,146.51,146.52,143.89,144.65,618827,0.0
2020-12-23,144.71,146.11,143.87,143.88,804066,0.0
2020-12-24,143.8,145.31,143.15,145,262703,0.0
2020-12-28,145.64,146.95,143.17,143.18,766817,0.0
2020-12-29,143.81,144.04,141.32,142.89,808428,0.0
2020-12-30,143.21,144.32,142.855,143.22,868163,0.0
2020-12-31,143.04,144.44,141.93,144.28,710049,0.0
2021-01-04,144.66,145,140.8259,141.31,997263,0.0
2021-01-05,141.61,144.765,141.575,144.3,1057784,0.0
2021-01-06,145.49,149.81,145.49,148.94,1598059,0.0
2021-01-07,149.73,151.32,149.435,150.83,1152845,0.0
2021-01-08,150.61,150.95,147.43,148.3,899088,0.0
2021-01-11,146.92,149.96,146.35,149.57,878516,0.0
2021-01-12,149.19,152.3,148.45,151.28,1835447,0.0
2021-01-13,150.88,153.06,149.91,152.05,2213482,0.0
2021-01-14,153.5,153.81,151.22,151.65,1199870,0.0
2021-01-15,150.36,150.9,146.43,148.05,1717134,0.0
2021-01-19,148.44,149.39,144.96,145.04,1674931,0.0
2021-01-20,146,146.41,142.77,144.5,1081896,0.0
2021-01-21,145.12,145.28,142.61,143.82,1373099,0.0
2021-01-22,138.75,142.18,137.56,137.9,2130104,0.0
2021-01-25,137.56,141.22,135.17,140.6,1799141,0.0
2021-01-26,142.72,143.25,140.65,140.93,1208355,0.0
2021-01-27,138.42,140.43,136.44,139.94,1656142,0.0
2021-01-28,141.52,143.15,139.07,139.14,1649502,0.0
2021-01-29,137.95,138.215,133.78,134.68,1547425,0.0
2021-02-01,135.86,138.94,134.92,138.58,1740575,0.0
2021-02-02,139.99,142.4041,138.29,140.46,2034890,0.0
2021-02-03,139.93,141.44,139.32,139.91,1189455,0.0
2021-02-04,140.05,140.88,139.13,139.26,1441389,0.0
2021-02-05,140.63,140.98,138.17,140.11,1424578,0.0
2021-02-08,141.4,141.7,139.61,140.21,973327,0.0
2021-02-09,140.37,140.63,137.1,137.32,1308544,0.0
2021-02-10,138.35,138.89,136.96,137.96,1139505,0.0
2021-02-11,138.45,139.29,137.03,138.02,718760,0.0
2021-02-12,137.09,138.865,136.78,138.55,618971,0.0
2021-02-16,139.5,139.5,136.4,137.28,612897,0.0
2021-02-17,136.19,137.65,134.75,136.6,805424,0.0
2021-02-18,135.51,136.74,134.67,136.265,838530,0.0
2021-02-19,136.71,137.81,135.91,136.7,1202452,0.0
2021-02-22,135.5,136.56,134.18,134.42,1223665,0.0
2021-02-23,134.77,135.81,132.1,134.97,1292348,0.0
2021-02-24,135.48,137.94,135.39,136.9,773910,0.0
2021-02-25,136.5,137.11,133.96,134.94,930611,0.0
2021-02-26,135.37,136,133.68,134.81,1089312,0.0
2021-03-01,136.03,138.87,136.03,137.915,827713,0.0
2021-03-02,137.96,142.385,137.96,140.77,1854234,0.0
2021-03-03,140.76,141.4,139.57,139.62,1265184,0.0
2021-03-04,139.59,140.3,135.08,137.83,1323135,0.0
2021-03-05,138.66,142.805,138.105,142.61,1119432,0.0
2021-03-08,142.71,148.435,142.405,146.11,1423498,0.0
2021-03-09,146.97,148.07,145.74,146.08,1391211,0.0
2021-03-10,146.57,149.99,146.36,148.48,913329,0.0
2021-03-11,148.63,149.15,145.825,146.04,1067647,0.0
2021-03-12,146.65,147.54,144.07,145.35,1188227,0.0
2021-03-15,144.76,145.51,142.69,145.05,1110453,0.0
2021-03-16,145.33,145.84,142.57,144.79,806131,0.0
2021-03-17,145.17,146.94,144.495,146.61,728237,0.0
2021-03-18,146.9,150.219,145.74,149.8,1084603,0.0
2021-03-19,149.2,149.25,147.28,147.41,1129456,0.0
2021-03-22,147.8,148.29,146.68,147.92,699861,0.0
2021-03-23,147.67,149.46,146.79,147.52,1104298,0.0
2021-03-24,147.49,150.525,147.49,148.16,879102,0.0
2021-03-25,148.45,152.51,147.39,152.39,1131812,0.0
2021-03-26,153.37,154.94,151.9261,154.78,1121874,0.0
2021-03-29,154.98,156.205,154.165,155.51,678728,0.0
2021-03-30,155.25,156.57,152.54,152.77,1137804,0.0
2021-03-31,152.41,153.12,149.9,150.33,1254588,0.0
2021-04-01,150.26,152.04,148.96,151.96,1467008,0.0
2021-04-05,151.5,154.11,151.45,153.54,1967768,0.0
2021-04-06,153.37,154.03,152.28,153.45,1375443,0.0
2021-04-07,153.6,153.93,146.82,147.93,1926574,0.0
2021-04-08,148.04,150.01,146.73,147.99,1305665,0.0
2021-04-09,149.12,150.57,148.6,150.46,793329,0.0
2021-04-12,150.49,152.215,150.16,151.4,1012028,0.0
2021-04-13,150.67,151.445,149.24,151.08,881679,0.0
2021-04-14,150.74,152.47,150.26,150.94,1308693,0.0
2021-04-15,152.21,154.01,151.62,154,1615855,0.0
2021-04-16,169.29,172.67,166.91,167.47,5303670,0.0
2021-04-19,167.54,169.9381,165.9,168.73,1699879,0.0
2021-04-20,169.01,170.84,168.3,169.02,1070979,0.0
2021-04-21,169.92,173.88,169.225,173.62,1205493,0.0
2021-04-22,173.07,174.36,171,171.56,1006540,0.0
2021-04-23,171.5,175.07,171.22,174.68,963838,0.0
2021-04-26,175.74,176.63,172.735,173.18,895102,0.0
2021-04-27,172,172.95,171,172.23,1020852,0.0
2021-04-28,172.69,173.68,171.885,172.65,733072,0.0
2021-04-29,172.7,173.41,171.54,173.15,634690,0.0
2021-04-30,172.89,173.88,170.12,171.32,1161733,0.0
2021-05-03,172.64,173.99,172.11,173,516216,0.0
2021-05-04,171.98,179.56,171.98,178.65,1646358,0.0
2021-05-05,177.65,179.82,176.39,179.01,859538,0.0
2021-05-06,179.99,180.21,177.91,180.09,768263,0.0
2021-05-07,179.55,179.82,177.88,179.4,575558,0.0
2021-05-10,180.53,181.35,179.22,179.3,658203,0.0
2021-05-11,179.46,179.63,176.41,178.99,815400,0.0
2021-05-12,178.17,178.62,173.42,173.79,685330,0.0
2021-05-13,174.73,178.45,173.61,178.08,981450,0.0
2021-05-14,178.13,179.85,177.21,179.12,541928,0.0
2021-05-17,178.82,180.46,177.53,179.94,720683,0.0
2021-05-18,180.26,180.52,177.11,177.11,972905,0.0
2021-05-19,176.04,176.62,173.95,176.35,761966,0.0
2021-05-20,176.66,178.87,176.49,177.55,860179,0.0
2021-05-21,178.72,180.97,178.39,178.57,701052,0.0
2021-05-24,179.77,180.39,178.33,179.57,552228,0.0
2021-05-25,179.41,180.3,178.92,179.11,495444,0.0
2021-05-26,178.55,179.395,178.16,178.71,607709,0.0
2021-05-27,179.96,181.14,179.42,180.765,1090343,0.0
2021-05-28,180.81,181.35,178.55,179.71,634304,0.0
2021-06-01,182.11,182.95,179.67,180.72,1024088,0.0
2021-06-02,181.48,181.98,178.9,180.47,938597,0.0
2021-06-03,179.51,181.11,178.83,180.98,877934,0.0
2021-06-04,181.85,182.58,180.72,182.35,405121,0.0
2021-06-07,182.85,182.97,179.33,179.99,620972,0.0
2021-06-08,179.3,179.57,177.24,179.07,756037,0.0
2021-06-09,178.36,178.9493,176.73,177.11,773377,0.0
2021-06-10,178.69,178.69,176.505,177.39,634054,0.0
2021-06-11,178.4,178.922,176.61,177.49,446919,0.0
2021-06-14,177.17,177.565,174.07,175.44,431109,0.0
2021-06-15,176.14,176.74,174.49,176.32,617055,0.0
2021-06-16,175.67,176.28,174.23,174.74,613000,0.0
2021-06-17,174.84,174.86,168.92,171.21,1027220,0.0
2021-06-18,169.11,170.305,167.86,168.01,1066092,0.0
2021-06-21,169.79,172.17,169.15,171.61,741100,0.0
2021-06-22,172.48,173.1,170.86,171.61,586451,0.0
2021-06-23,171.45,171.65,169.47,169.73,480752,0.0
2021-06-24,170.49,170.74,168.42,169.54,653542,0.0
2021-06-25,170,170.755,166.68,167.22,1015646,0.0
2021-06-28,167.86,168.58,165.51,168.47,1559668,0.0
2021-06-29,169.54,170.85,167.98,168.57,747334,0.0
2021-06-30,167.86,170.1,167.58,169.74,849604,0.0
2021-07-01,170.95,171.38,169.14,170,598749,0.0
2021-07-02,169.81,170.92,168.66,170.69,409933,0.0
2021-07-06,170,170.22,166.7,168.96,638071,0.0
2021-07-07,168.59,172.52,168.59,172.29,751931,0.0
2021-07-08,170.29,170.595,167.99,168.99,769630,0.0
2021-07-09,170.95,172.31,169.91,171.42,588833,0.0
2021-07-12,169.96,172.32,169.26,172.08,453374,0.0
2021-07-13,171.85,171.85,169.49,169.96,510280,0.0
2021-07-14,170.03,171.5,168.86,170.1,481713,0.0
2021-07-15,169.21,171.805,169.21,171.49,467031,0.0
2021-07-16,171.85,171.85,169.0562,170.22,661941,0.0
2021-07-19,167.07,168.1399,164.18,165.87,1309899,0.0
2021-07-20,154.8,159.13,152.35,158.49,3703404,0.0
2021-07-21,158.98,160.93,157.1,159.76,1817547,0.0
2021-07-22,160.15,160.98,159.32,160.5,1210437,0.0
2021-07-23,161.52,163.4,161.22,162.92,1018795,0.0
2021-07-26,164.22,165.07,162.91,164.94,1225603,0.0
2021-07-27,163.89,165.68,162.75,165.15,1561412,0.0
2021-07-28,165.24,165.8,162.72,163.35,1151388,0.0
2021-07-29,164.31,164.588,162.25,162.85,1326981,0.0
2021-07-30,163.08,165.06,162.39,163.52,969762,0.0
2021-08-02,164.8,166.85,163,163.32,717550,0.0
2021-08-03,163.82,165.7,162.29,165.65,675290,0.0
2021-08-04,164.27,165.94,163.75,163.83,964974,0.0
2021-08-05,165.26,165.92,162.8,162.96,1072935,0.0
2021-08-06,164.15,164.99,163.64,164.24,620569,0.0
2021-08-09,163.98,164.58,162.36,164.28,634935,0.0
2021-08-10,164.56,167.61,164.5,167.35,771627,0.0
2021-08-11,167.63,170.26,166.59,170.18,863504,0.0
2021-08-12,169.76,170.62,167.86,170.42,756124,0.0
2021-08-13,170.43,170.43,168.895,169.76,429870,0.0
2021-08-16,169.29,169.7,167.61,169.41,458049,0.0
2021-08-17,168.37,168.46,164.34,166.63,706129,0.0
2021-08-18,165.96,166.55,164.4,164.49,544955,0.0
2021-08-19,162.77,163.77,160.94,161.09,831865,0.0
2021-08-20,161.42,162.53,159.87,161.14,975219,0.0
2021-08-23,161.68,163.22,161.13,162.36,575103,0.0
2021-08-24,162.98,163.49,162.19,162.93,523850,0.0
2021-08-25,163.21,163.665,161.1,163.38,737476,0.0
2021-08-26,163.23,163.27,161.01,161.14,542142,0.0
2021-08-27,161.94,162.91,161.48,161.87,524125,0.0
2021-08-30,162.87,163.03,161.67,161.71,414612,0.0
2021-08-31,161.42,161.73,158.6804,159.55,906851,0.0
2021-09-01,159.53,159.64,156.52,157.74,914813,0.0
2021-09-02,158,159.85,157.705,158.64,930915,0.0
2021-09-03,158.26,158.93,155.35,155.66,799460,0.0
2021-09-07,149.49,153.65,149,150.41,1794958,0.0
2021-09-08,149.45,151.37,148.61,151.03,2522328,0.0
2021-09-09,148.92,155.61,148.92,154.56,1890523,0.0
2021-09-10,154.89,155.88,153.01,153.1,921215,0.0
2021-09-13,154.5,154.99,151.62,152.51,694660,0.0
2021-09-14,153.27,153.27,149.97,150.38,699579,0.0
2021-09-15,150.1,151.62,149.95,150.75,828317,0.0
2021-09-16,150.72,150.84,149.05,149.81,655608,0.0
2021-09-17,148.75,149.7,146.35,146.73,984685,0.0
2021-09-20,144.14,146.55,143.8001,146.29,942951,0.0
2021-09-21,147.3,147.9,145.27,145.56,725336,0.0
2021-09-22,146.82,147.2988,145.15,145.27,752284,0.0
2021-09-23,146.44,147.98,146.31,146.48,906456,0.0
2021-09-24,146.6,149.18,146.26,148.58,983126,0.0
2021-09-27,148.83,150.3,147.94,148.19,792692,0.0
2021-09-28,148,149.02,145.68,146.1,698285,0.0
2021-09-29,145.67,147.49,144.87,145.76,876101,0.0
2021-09-30,146.58,147.13,143,143,776610,0.0
2021-10-01,143.64,145.27,141.81,143.97,966239,0.0
2021-10-04,144.17,145.89,142.46,143.97,1054886,0.0
2021-10-05,144.66,147.015,143.52,145.85,753775,0.0
2021-10-06,144.6,146.88,143.08,146.78,1062551,0.0
2021-10-07,148.12,151.67,147.93,150.5,1502247,0.0
2021-10-08,150.47,151.31,149.39,150.76,824148,0.0
2021-10-11,151.71,153.73,151.23,151.88,1022459,0.0
2021-10-12,151.74,153.3,151,152.87,1158914,0.0
2021-10-13,153.76,155.04,152.005,154.76,1073646,0.0
2021-10-14,155.82,159.06,155.06,158.91,1342351,0.0
2021-10-15,159.65,161.65,158.54,160.32,1168949,0.0
2021-10-18,159.45,159.87,157.33,157.4,1582995,0.0
2021-10-19,158.28,159.11,157.21,158.98,1070672,0.0
2021-10-20,160.56,161.19,156.57,160.43,1537302,0.0
2021-10-21,156.915,165.16,156.915,164.9,2308728,0.0
2021-10-22,162.44,164.95,161.52,161.7,1241623,0.0
2021-10-25,162.2,162.2,158.49,160.12,1356128,0.0
2021-10-26,160.11,162.57,159.57,161.89,767776,0.0
2021-10-27,161.83,162.8185,160.26,161.54,782476,0.0
2021-10-28,162.12,163.73,161.67,162.98,950081,0.0
2021-10-29,162.21,164,159.415,160.59,1192311,0.0
2021-11-01,160.42,161.23,158.34,159.02,619263,0.0
2021-11-02,160.12,162.29,159.41,161.86,1083415,0.0
2021-11-03,161.24,163.61,160.04,162.82,901783,0.0
2021-11-04,162.89,164.28,162.27,163.35,617674,0.0
2021-11-05,163.92,165.65,162.83,163.08,841319,0.0
2021-11-08,163.26,164.8212,162.11,162.52,863700,0.0
2021-11-09,162.03,163.9624,161.04,161.5,950468,0.0
2021-11-10,161.6,163.37,160.47,160.73,2683149,0.0
2021-11-11,160.5,160.88,158.5,159.5,1799351,0.0
2021-11-12,159.77,161.91,159.18,161.62,2918374,0.0
2021-11-15,162.29,162.94,160.2466,162.94,952611,0.0
2021-11-16,163.4,166.97,162.93,164.88,1213439,0.0
2021-11-17,164.29,165.09,163.41,164.31,771493,0.0
2021-11-18,164.45,164.87,162.03,162.38,755281,0.0
2021-11-19,162.43,162.89,160.385,160.82,659367,0.0
2021-11-22,161.44,163.02,161.22,161.28,470952,0.0
2021-11-23,161.35,162.35,159.79,160.45,752111,0.0
2021-11-24,159.72,160.25,158.04,158.74,640226,0.0
2021-11-26,156.17,156.39,153.11,155.61,586569,0.0
2021-11-29,156.9,158.45,156.22,157.31,871532,0.0
2021-11-30,155.84,157.85,153.83,154.18,1152730,0.0
2021-12-01,156.35,159.05,153.4,153.49,879006,0.0
2021-12-02,154.34,159.84,154.23,159.1,955082,0.0
2021-12-03,158.83,161.985,158.45,160.43,1198910,0.0
2021-12-06,162.64,166.33,162.275,164.43,1082071,0.0
2021-12-07,167.12,167.87,165.69,166.33,959886,0.0
2021-12-08,166.45,167.23,163.56,164.78,792034,0.0
2021-12-09,164.12,165.08,163.175,164.05,652920,0.0
2021-12-10,165.51,165.73,162.87,163.37,910386,0.0
2021-12-13,163.31,164.57,162.14,162.79,426417,0.0
2021-12-14,162.75,163.615,162,162.49,554263,0.0
2021-12-15,163.03,165.94,161.94,165.89,834626,0.0
2021-12-16,167.39,170.43,166.62,169.34,1373209,0.0
2021-12-17,168.92,169.31,164.45,164.59,1668551,0.0
2021-12-20,162.26,162.26,158.25,160.68,640313,0.0
2021-12-21,161.89,164.34,161.34,163.93,800600,0.0
2021-12-22,163.4,166.79,163.4,165.76,874146,0.0
2021-12-23,166.31,168.32,166.31,167.06,580946,0.0
2021-12-27,168.04,169.995,167.54,169.75,475310,0.0
2021-12-28,169.99,171.87,169.95,171.27,476808,0.0
2021-12-29,170.9,172.28,170.65,171.27,483020,0.0
2021-12-30,171.38,172.78,170.96,171.05,550204,0.0
2021-12-31,170.86,172.98,170.41,172.44,528440,0.0
2022-01-03,172.1,172.91,169.6105,170.64,722031,0.0
2022-01-04,170.33,172.9864,170.3,171.24,1405195,0.0
2022-01-05,172.08,177.32,171.23,173.07,1421447,0.0
2022-01-06,173.21,173.295,169.89,170.62,798665,0.0
2022-01-07,170.43,170.505,167.43,167.63,876524,0.0
2022-01-10,167.01,167.499,164.9,166.1,1089276,0.0
2022-01-11,166.555,169.02,164.88,168.9,493781,0.0
2022-01-12,169.51,169.585,167.03,168.48,895047,0.0
2022-01-13,169.41,171.125,168.25,168.78,973771,0.0
2022-01-14,165.51,168.07,164.17,164.99,1259599,0.0
2022-01-18,163.02,163.93,160.28,163.88,1337732,0.0
2022-01-19,165.27,165.27,161.435,161.56,1026564,0.0
2022-01-20,161.19,162.78,159.15,159.71,1334992,0.0
2022-01-21,157.61,159.5,154.17,154.74,2467672,0.0
2022-01-24,150,155.615,149.13,155.075,1373906,0.0
2022-01-25,152.19,155.62,149.77,154.04,1086391,0.0
2022-01-26,154.89,156.41,152.16,153.47,956767,0.0
2022-01-27,155.27,156.49,152,153.39,1124035,0.0
2022-01-28,153.19,154.889,150.25,154.8,776226,0.0
2022-01-31,153.6,156.52,153.14,156.11,1158839,0.0
2022-02-01,156.31,157.7,155.29,157.21,947155,0.0
2022-02-02,157.76,159.13,155.92,157.61,1937956,0.0
2022-02-03,156.38,159.16,155.88,156.74,1581823,0.0
2022-02-04,155.37,156.15,152.29,152.98,1030840,0.0
2022-02-07,152.7,154.81,152.45,152.96,1286522,0.0
2022-02-08,153.72,154.595,152.875,154.21,767440,0.0
2022-02-09,155.42,157.38,155.83,156.99,1173412,0.0
2022-02-10,155.77,157.55,153.04,153.84,1104985,0.0
2022-02-11,153.07,154.74,149.81,149.82,848565,0.0
