Date,Open,High,Low,Close,Volume,OpenInterest
2020-12-04,28.49,28.745,28.43,28.61,4091136,0.0
2020-12-07,28.5,29.285,28.48,28.86,4550603,0.0
2020-12-08,28.76,29.235,28.685,29.05,4070753,0.0
2020-12-09,28.64,28.97,28.56,28.87,4011812,0.0
2020-12-10,28.82,28.94,28.08,28.12,3482309,0.0
2020-12-11,27.99,28.23,27.95,28.08,4134105,0.0
2020-12-14,28.31,28.43,27.56,27.6,3888425,0.0
2020-12-15,27.81,28.0684,27.32,27.94,4648161,0.0
2020-12-16,28.01,28.19,27.29,27.31,4270302,0.0
2020-12-17,27.41,27.81,27.35,27.35,5781073,0.0
2020-12-18,27.35,27.58,26.74,26.95,7615461,0.0
2020-12-21,26.56,26.73,26.15,26.72,5047080,0.0
2020-12-22,26.65,26.68,26.23,26.34,4873970,0.0
2020-12-23,26.46,27.015,26.38,26.78,4215881,0.0
2020-12-24,26.75,26.92,26.454,26.87,1620592,0.0
2020-12-28,27.04,27.39,26.92,27.25,3222416,0.0
2020-12-29,27.33,27.6,27.2,27.3,3228847,0.0
2020-12-30,27.22,27.74,27.19,27.59,3173994,0.0
2020-12-31,27.56,28.22,27.46,28.19,3365995,0.0
2021-01-04,28.28,28.45,27.4102,27.59,5127436,0.0
2021-01-05,27.55,27.835,27.29,27.61,3104056,0.0
2021-01-06,27.93,28.3,27.79,28.11,3005323,0.0
2021-01-07,28.27,28.3,27.68,27.74,3305592,0.0
2021-01-08,27.81,27.98,27.68,27.81,2747127,0.0
2021-01-11,27.68,27.91,27.6,27.76,2601776,0.0
2021-01-12,27.7,27.97,27.44,27.94,7726624,0.0
2021-01-13,27.98,28.27,27.89,28.09,5008254,0.0
2021-01-14,28.15,28.51,27.85,28.21,2204022,0.0
2021-01-15,28.13,28.62,27.99,28.57,3088242,0.0
2021-01-19,28.68,28.69,28.125,28.14,2355536,0.0
2021-01-20,28.03,28.14,27.82,27.96,3612511,0.0
2021-01-21,27.76,27.98,27.47,27.77,3151408,0.0
2021-01-22,27.62,27.95,27.53,27.81,2505164,0.0
2021-01-25,27.64,28.65,27.5473,28.11,5736687,0.0
2021-01-26,28.12,28.43,27.84,28.2499,3152030,0.0
2021-01-27,28.05,28.44,27.78,27.81,5052160,0.0
2021-01-28,27.89,28.61,27.77,28.13,3217164,0.0
2021-01-29,27.92,28.13,27.57,27.6599,4372323,0.0
2021-02-01,27.75,28.105,27.57,27.95,2771010,0.0
2021-02-02,28.05,28.42,27.84,27.84,2517610,0.0
2021-02-03,27.75,28.01,27.66,27.78,2591476,0.0
2021-02-04,27.75,27.93,27.61,27.9,3050052,0.0
2021-02-05,28.1,28.225,27.84,27.86,2455707,0.0
2021-02-08,27.99,28.16,27.7,27.87,2772117,0.0
2021-02-09,27.93,28.035,27.74,27.95,2142542,0.0
2021-02-10,28.2,28.36,27.89,28.06,2839333,0.0
2021-02-11,28.02,28.105,27.785,27.94,2088826,0.0
2021-02-12,27.87,28.135,27.84,28,2367928,0.0
2021-02-16,28,28.2,27.83,28.02,3427202,0.0
2021-02-17,28.04,28.14,27.82,28.07,2892327,0.0
2021-02-18,28.18,28.38,27.77,27.78,3767830,0.0
2021-02-19,27.81,27.855,27.58,27.68,4125341,0.0
2021-02-22,27.8,27.9825,27.35,27.49,4444797,0.0
2021-02-23,27.77,27.89,27.43,27.47,4255455,0.0
2021-02-24,27.5,27.69,27.3,27.49,3799357,0.0
2021-02-25,27.4,27.66,26.945,27,4956229,0.0
2021-02-26,27.06,27.07,26.17,26.18,7465371,0.0
2021-03-01,26.54,27.3,26.52,26.88,4294695,0.0
2021-03-02,26.89,27.32,26.77,27.14,3693923,0.0
2021-03-03,27.04,27.6,26.87,27.48,4450734,0.0
2021-03-04,27.56,28.073,27.36,27.91,7285379,0.0
2021-03-05,27.97,28.36,27.7015,28.24,5377369,0.0
2021-03-08,28.4,28.915,28.27,28.31,8255814,0.0
2021-03-09,27.67,27.9,27.21,27.2793,7133205,0.0
2021-03-10,27.22,27.58,27.07,27.46,5178387,0.0
2021-03-11,27.35,27.54,27.18,27.21,3698729,0.0
2021-03-12,27.37,27.87,27.35,27.72,4273847,0.0
2021-03-15,27.82,28.25,27.77,28.24,4012932,0.0
2021-03-16,28.13,28.47,27.96,28.3,6330447,0.0
2021-03-17,28.3,28.46,28.01,28.02,4362230,0.0
2021-03-18,28.7,29.86,28.6,29.685,13910317,0.0
2021-03-19,29.65,29.995,29.08,29.58,8044482,0.0
2021-03-22,29.47,29.53,28.82,29.06,4156002,0.0
2021-03-23,29.07,29.09,28.435,28.57,6786093,0.0
2021-03-24,28.41,28.94,28.38,28.42,4996455,0.0
2021-03-25,28.6,28.84,28.24,28.73,3927967,0.0
2021-03-26,28.8,29.29,28.74,29.26,4369082,0.0
2021-03-29,29.22,29.32,28.86,29.065,3615925,0.0
2021-03-30,29.02,29.2,28.89,29.05,3134191,0.0
2021-03-31,29.07,29.08,28.76,28.83,5549805,0.0
2021-04-01,28.9,28.9,28.48,28.76,5697425,0.0
2021-04-05,28.82,29,28.7,28.8,4633877,0.0
2021-04-06,28.81,28.85,28.55,28.705,5189152,0.0
2021-04-07,28.77,29.01,28.77,28.99,2977010,0.0
2021-04-08,28.98,29.02,28.65,28.71,3054363,0.0
2021-04-09,28.72,28.88,28.54,28.64,3204434,0.0
2021-04-12,28.74,28.96,28.65,28.73,3834503,0.0
2021-04-13,28.5,28.78,28.42,28.7,5799968,0.0
2021-04-14,28.6,28.8,28.6,28.73,5271082,0.0
2021-04-15,28.75,29.05,28.72,28.99,7039383,0.0
2021-04-16,29.1,29.3,28.96,29.14,6430288,0.0
2021-04-19,29.29,29.31,28.77,28.88,4426284,0.0
2021-04-20,28.74,29.1,28.73,28.99,4974237,0.0
2021-04-21,29.03,29.54,29,29.46,5158312,0.0
2021-04-22,29.54,29.54,28.94,28.94,3994230,0.0
2021-04-23,29.02,29.19,28.86,29.16,4421007,0.0
2021-04-26,29.21,29.29,29.09,29.17,4501786,0.0
2021-04-27,29.12,29.175,28.86,28.89,3556499,0.0
2021-04-28,28.84,29.015,28.8,29,3532685,0.0
2021-04-29,29.07,29.3,29.05,29.27,4753012,0.0
2021-04-30,29.2,29.37,28.99,29.13,3805440,0.0
2021-05-03,29.19,29.46,29.1,29.14,3076631,0.0
2021-05-04,29.19,29.27,28.96,29.09,2899918,0.0
2021-05-05,29.01,29.08,28.66,28.93,6510409,0.0
2021-05-06,28.75,28.94,28.435,28.84,5285572,0.0
2021-05-07,28.78,29.42,28.67,29.24,4383592,0.0
2021-05-10,29.35,29.695,29.34,29.48,3859984,0.0
2021-05-11,29.48,29.71,29.17,29.35,6294318,0.0
2021-05-12,29.37,29.43,28.6,28.6,4568561,0.0
2021-05-13,28.5,29.19,28.5,29.03,3679963,0.0
2021-05-14,29.18,29.385,29.14,29.26,2559727,0.0
2021-05-17,29.29,29.45,29.132,29.17,3047782,0.0
2021-05-18,29.28,29.45,29.19,29.33,4438972,0.0
2021-05-19,29.3,29.42,28.89,29.37,5982958,0.0
2021-05-20,29.35,29.58,29.285,29.34,4702593,0.0
2021-05-21,29.4,29.55,29.3143,29.5,3123866,0.0
2021-05-24,29.66,29.725,29.43,29.45,2271160,0.0
2021-05-25,29.45,29.53,29.1,29.11,3515730,0.0
2021-05-26,29.11,29.22,29,29.16,2721938,0.0
2021-05-27,29.27,29.28,29.03,29.06,3687961,0.0
2021-05-28,29.21,29.26,28.975,29.12,2644405,0.0
2021-06-01,29.15,29.25,28.88,29,3185597,0.0
2021-06-02,29,29.1,28.82,28.96,3962338,0.0
2021-06-03,28.88,29.16,28.81,29.02,3294202,0.0
2021-06-04,29.07,29.1,28.95,28.99,3007978,0.0
2021-06-07,29.07,29.16,29.01,29.08,3217484,0.0
2021-06-08,29.08,29.15,28.75,28.91,5324240,0.0
2021-06-09,28.48,29.09,28.42,28.99,6214407,0.0
2021-06-10,29.08,29.28,28.965,29.08,5160585,0.0
2021-06-11,29.11,29.37,29.01,29.34,4809871,0.0
2021-06-14,29.33,29.44,29.13,29.265,3956794,0.0
2021-06-15,29.27,29.49,29.105,29.31,2526550,0.0
2021-06-16,29.37,29.38,28.66,28.69,3262186,0.0
2021-06-17,28.66,28.83,28.465,28.6,3855886,0.0
2021-06-18,28.44,28.458,27.59,27.59,6789380,0.0
2021-06-21,27.73,28.15,27.6699,28.11,3803504,0.0
2021-06-22,28.13,28.245,27.98,27.99,3121875,0.0
2021-06-23,27.94,27.99,27.72,27.79,3545409,0.0
2021-06-24,27.85,27.98,27.72,27.92,2644843,0.0
2021-06-25,27.81,28.315,27.81,28.31,3077369,0.0
2021-06-28,28.35,28.43,28.155,28.25,2634262,0.0
2021-06-29,28.2,28.35,27.68,27.77,3385383,0.0
2021-06-30,27.75,28.025,27.75,27.96,3088856,0.0
2021-07-01,28.01,28.37,27.88,28.27,3849012,0.0
2021-07-02,28.23,28.3,28.09,28.26,2088651,0.0
2021-07-06,28.31,28.38,27.71,28.165,2970318,0.0
2021-07-07,28.02,28.2,27.8791,28.16,2275756,0.0
2021-07-08,28.01,28.18,27.9145,28.15,2191677,0.0
2021-07-09,28.22,28.44,28.125,28.44,2607842,0.0
2021-07-12,28.34,28.44,28.12,28.365,2366844,0.0
2021-07-13,28.32,28.35,27.9,27.93,3013294,0.0
2021-07-14,27.92,28.25,27.755,28.07,2852130,0.0
2021-07-15,27.97,28.28,27.96,28.21,3824150,0.0
2021-07-16,28.26,28.74,28.17,28.58,3774877,0.0
2021-07-19,28.39,28.6,27.74,28.01,4397315,0.0
2021-07-20,28.03,28.475,27.99,28.2,3659484,0.0
2021-07-21,28.31,28.46,28.09,28.09,2539378,0.0
2021-07-22,28.1,28.18,27.915,28.07,2410937,0.0
2021-07-23,28.07,28.325,28.05,28.25,2032388,0.0
2021-07-26,28.26,28.46,28.2,28.38,2426955,0.0
2021-07-27,28.31,28.815,28.18,28.75,3603926,0.0
2021-07-28,28.76,28.86,28.36,28.58,3605139,0.0
2021-07-29,28.52,28.72,28.495,28.59,2616415,0.0
2021-07-30,28.62,28.845,28.265,28.38,4810086,0.0
2021-08-02,28.45,28.65,28.365,28.46,2851688,0.0
2021-08-03,28.46,28.57,28.26,28.56,3676737,0.0
2021-08-04,28.43,28.5,28.15,28.41,3388451,0.0
2021-08-05,28.55,28.87,28.5,28.87,3682301,0.0
2021-08-06,28.93,29.47,28.83,29.22,5185030,0.0
2021-08-09,29.25,29.2942,28.895,29.04,3278247,0.0
2021-08-10,29.07,29.14,28.91,28.92,3843672,0.0
2021-08-11,29,29.23,28.9037,29.21,2931336,0.0
2021-08-12,29.09,29.23,29.025,29.08,2076798,0.0
2021-08-13,29.1,29.47,29.02,29.42,3002594,0.0
2021-08-16,29.47,29.745,29.275,29.36,2727910,0.0
2021-08-17,29.21,29.36,29.01,29.35,2840390,0.0
2021-08-18,29.35,29.355,29.065,29.18,2806645,0.0
2021-08-19,29.18,29.56,29.12,29.19,3767803,0.0
2021-08-20,29.16,29.78,28.98,29.73,5145291,0.0
2021-08-23,29.75,29.78,29.08,29.19,4675279,0.0
2021-08-24,29.26,29.32,29.035,29.23,3665038,0.0
2021-08-25,29.11,29.395,28.94,29.22,4661594,0.0
2021-08-26,29.19,29.265,29.03,29.07,3197083,0.0
2021-08-27,29.08,29.315,29.06,29.22,3298644,0.0
2021-08-30,29.25,29.32,29.12,29.17,2689524,0.0
2021-08-31,29.15,29.45,29.07,29.35,3892873,0.0
2021-09-01,29.69,30.09,29.58,30.04,5439408,0.0
2021-09-02,30.09,30.42,29.99,30.42,3560000,0.0
2021-09-03,30.38,30.395,30.07,30.09,4726741,0.0
2021-09-07,30.09,30.345,29.94,30.12,4833665,0.0
2021-09-08,30.11,30.715,30.03,30.46,4863431,0.0
2021-09-09,30.06,30.23,29.77,29.79,4688429,0.0
2021-09-10,29.82,29.94,29.6,29.61,3829602,0.0
2021-09-13,29.88,29.91,29.48,29.54,3353488,0.0
2021-09-14,29.66,29.7,29.285,29.37,5006587,0.0
2021-09-15,29.3,29.69,29.28,29.46,3562259,0.0
2021-09-16,29.44,29.51,29.055,29.11,3958441,0.0
2021-09-17,28.96,29.14,28.66,28.685,5656116,0.0
2021-09-20,28.51,28.89,28.33,28.62,3977505,0.0
2021-09-21,28.71,28.895,28.4,28.42,4421924,0.0
2021-09-22,28.53,28.7,28.38,28.475,3377133,0.0
2021-09-23,28.48,28.765,28.41,28.55,3381264,0.0
2021-09-24,28.58,28.75,28.39,28.41,1840334,0.0
2021-09-27,28.39,28.82,28.35,28.36,3264351,0.0
2021-09-28,28.4,28.54,28.125,28.22,4480348,0.0
2021-09-29,28.24,28.66,28.22,28.47,4430061,0.0
2021-09-30,28.48,28.52,27.87,27.88,6069237,0.0
2021-10-01,28.15,28.2,27.84,27.97,4966270,0.0
2021-10-04,27.94,28.39,27.92,28.3,4738858,0.0
2021-10-05,28.35,28.53,28.2,28.26,3278172,0.0
2021-10-06,28.13,28.57,27.985,28.54,5417305,0.0
2021-10-07,28.58,28.81,28.335,28.39,4244071,0.0
2021-10-08,28.38,28.615,28.31,28.36,3385041,0.0
2021-10-11,28.32,28.425,28.13,28.18,2952402,0.0
2021-10-12,28.18,28.44,28.12,28.26,2682049,0.0
2021-10-13,28.26,28.51,28.035,28.48,2724119,0.0
2021-10-14,28.51,28.78,28.47,28.71,2222324,0.0
2021-10-15,28.76,28.93,28.685,28.85,3472652,0.0
2021-10-18,28.57,28.775,28.465,28.55,2543370,0.0
2021-10-19,28.71,28.92,28.66,28.89,2816366,0.0
2021-10-20,29,29.33,28.97,29.22,3327369,0.0
2021-10-21,29.09,29.215,28.98,29.01,2153438,0.0
2021-10-22,29.09,29.24,29,29.13,2011910,0.0
2021-10-25,29.13,29.195,28.945,29,2036583,0.0
2021-10-26,29,29.325,28.98,29.09,2626900,0.0
2021-10-27,29.2,29.225,28.93,29.01,2853512,0.0
2021-10-28,28.97,29.12,28.86,29.065,2145436,0.0
2021-10-29,29.04,29.17,28.67,28.81,2065217,0.0
2021-11-01,28.85,29.31,28.72,29.31,4141343,0.0
2021-11-02,29.35,29.405,29.01,29.25,3881046,0.0
2021-11-03,29.21,29.405,29.12,29.31,3698144,0.0
2021-11-04,29.12,29.42,28.685,28.9,3735252,0.0
2021-11-05,28.99,29.32,28.685,28.73,4998097,0.0
2021-11-08,28.79,28.83,28.52,28.68,3357704,0.0
2021-11-09,28.67,28.84,28.555,28.75,2864072,0.0
2021-11-10,28.75,29.055,28.73,28.77,4026625,0.0
2021-11-11,28.6,28.92,28.57,28.77,4050318,0.0
2021-11-12,28.78,28.82,28.555,28.59,3131544,0.0
2021-11-15,28.78,28.87,28.6636,28.84,2687617,0.0
2021-11-16,28.84,28.92,28.685,28.69,2344693,0.0
2021-11-17,28.58,28.7,28.44,28.5,3882875,0.0
2021-11-18,28.46,28.575,28.17,28.27,3200109,0.0
2021-11-19,28.19,28.42,27.97,28.4,4288863,0.0
2021-11-22,28.34,28.635,28.11,28.51,4763680,0.0
2021-11-23,28.63,28.8452,28.41,28.73,3052060,0.0
2021-11-24,28.75,28.79,28.56,28.66,2045466,0.0
2021-11-26,28.27,28.49,28.15,28.2,2594607,0.0
2021-11-29,28.29,28.56,28.19,28.43,2836319,0.0
2021-11-30,28.26,28.42,27.75,27.82,6660081,0.0
2021-12-01,28.08,28.5,27.87,27.87,5478672,0.0
2021-12-02,28.03,28.515,28,28.24,5724549,0.0
2021-12-03,28.4,28.815,28.35,28.66,4651532,0.0
2021-12-06,28.97,29.535,28.875,29.21,6195551,0.0
2021-12-07,29.19,29.465,29.08,29.33,4124032,0.0
2021-12-08,29.32,29.425,29.12,29.17,4188282,0.0
2021-12-09,28.83,28.83,28.405,28.6,3668386,0.0
2021-12-10,28.72,28.78,28.57,28.73,3037819,0.0
2021-12-13,28.59,28.99,28.57,28.96,1998311,0.0
2021-12-14,29,29.06,28.665,28.83,3710035,0.0
2021-12-15,28.91,29.43,28.84,29.27,4374526,0.0
2021-12-16,29.33,29.765,29.27,29.47,3591923,0.0
2021-12-17,29.45,29.76,29.38,29.55,6357444,0.0
2021-12-20,29.23,29.57,29.035,29.49,3326774,0.0
2021-12-21,29.69,29.89,29.28,29.42,3595678,0.0
2021-12-22,29.39,29.56,29.26,29.41,3836685,0.0
2021-12-23,29.46,29.64,29.31,29.42,1907486,0.0
2021-12-27,29.42,29.59,29.27,29.54,1630102,0.0
2021-12-28,29.52,29.78,29.49,29.78,1663428,0.0
2021-12-29,29.79,29.9,29.73,29.785,2085126,0.0
2021-12-30,29.89,30,29.76,29.95,2007200,0.0
2021-12-31,29.91,30.1499,29.82,30.06,1957942,0.0
2022-01-03,30.15,30.21,29.615,30.14,4242834,0.0
2022-01-04,30.13,30.34,29.94,29.99,3839055,0.0
2022-01-05,30.04,30.33,29.83,30.04,3433197,0.0
2022-01-06,30.05,30.18,29.88,30.01,2205785,0.0
2022-01-07,29.93,30.435,29.8,30.26,2412665,0.0
2022-01-10,30.27,30.395,30.115,30.23,2473282,0.0
2022-01-11,30.31,30.385,29.82,29.96,3496750,0.0
2022-01-12,29.98,30.215,29.83,29.96,3303636,0.0
2022-01-13,29.95,30.18,29.835,30.005,3213109,0.0
2022-01-14,29.96,30.065,29.79,29.96,2774453,0.0
2022-01-18,29.92,30.045,29.6,29.89,3246601,0.0
2022-01-19,29.99,30.085,29.78,29.82,2318332,0.0
2022-01-20,29.94,30.215,29.64,29.71,6012804,0.0
2022-01-21,29.85,29.92,29.565,29.66,3863133,0.0
2022-01-24,29.55,29.67,28.9131,29.56,5816789,0.0
2022-01-25,29.29,29.76,29.15,29.54,5497751,0.0
2022-01-26,29.62,29.79,29.085,29.28,4577733,0.0
2022-01-27,29.45,29.755,29.215,29.35,3686175,0.0
2022-01-28,29.3,29.69,29.18,29.69,4023323,0.0
2022-01-31,29.45,29.7,29.36,29.68,3505092,0.0
2022-02-01,29.59,29.77,29.41,29.51,3050646,0.0
2022-02-02,29.53,29.77,29.45,29.71,4132590,0.0
2022-02-03,29.7,29.87,29.57,29.68,2398633,0.0
2022-02-04,29.52,29.69,29.18,29.4,2601167,0.0
2022-02-07,29.35,29.42,29.14,29.299,3121580,0.0
2022-02-08,29.42,29.62,29.34,29.53,2466905,0.0
2022-02-09,29.61,29.68,29.4,29.53,2272731,0.0
2022-02-10,29.31,29.465,28.72,28.79,3348211,0.0
2022-02-11,28.81,29.09,28.58,28.66,3458628,0.0
