Date,Open,High,Low,Close,volume,trade_count,vwap
2020-12-31,119.6,120.265,118.71,119.61,377783,6667,119.786019
2021-01-04,120.07,120.64,116.02,118.18,710615,13186,118.309688
2021-01-05,118.06,119.87,117.365,118.51,490316,9062,118.783023
2021-01-06,118.03,121.125,117.02,119.0,1352024,17897,119.436975
2021-01-07,119.76,125.53,119.76,125.45,706125,11640,123.864967
2021-01-08,125.82,129.26,125.82,127.94,1010310,13044,127.470075
2021-01-11,126.27,129.87,126.26,129.16,945989,10179,129.022331
2021-01-12,130.11,130.95,128.0,128.5,519538,10479,128.956279
2021-01-13,128.93,128.95,124.48,124.51,613455,9894,125.492074
2021-01-14,124.16,124.85,123.53,124.6,475888,9478,124.197943
2021-01-15,124.73,125.11,122.72,124.12,416096,7107,123.968524
2021-01-19,125.32,126.64,124.01,125.55,795160,10378,125.412336
2021-01-20,127.0,130.53,126.28,130.39,935145,11925,129.491054
2021-01-21,131.64,132.33,128.46,129.56,746677,10750,129.695586
2021-01-22,129.48,131.27,128.01,130.88,540885,8521,129.86588
2021-01-25,132.37,132.83,127.78,130.88,633237,11029,130.624938
2021-01-26,131.19,131.95,128.34,129.52,698737,10041,129.579397
2021-01-27,127.0,128.442,120.83,120.83,1065029,16167,122.874091
2021-01-28,133.9,141.67,131.0,138.33,3847704,33448,136.551782
2021-01-29,137.67,137.67,131.97,132.91,918029,14418,134.559332
2021-02-01,133.8,138.89,132.93,137.0,880621,14178,136.814916
2021-02-02,138.0,140.49,137.05,138.01,760967,11338,138.256965
2021-02-03,138.0,139.93,137.0,138.13,579250,10586,138.54875
2021-02-04,139.1,141.13,138.18,139.29,544133,10208,139.126501
2021-02-05,140.01,142.915,140.01,142.73,739144,10368,141.931456
2021-02-08,144.31,144.83,141.89,142.92,617978,10413,143.165211
2021-02-09,143.74,144.9,142.955,144.05,569623,9751,144.157057
2021-02-10,144.67,146.63,143.64,144.73,554003,10191,145.227988
2021-02-11,145.28,145.7855,142.77,143.65,672561,9202,143.911973
2021-02-12,143.5,143.93,142.08,142.72,566130,10228,142.697642
2021-02-16,143.0,146.43,143.0,146.13,701146,11541,145.221814
2021-02-17,144.95,144.95,142.2564,144.19,459100,9053,143.925535
2021-02-18,142.37,144.61,139.38,143.21,503015,9705,142.710077
2021-02-19,144.36,147.67,143.96,146.73,467905,10284,146.693186
2021-02-22,144.44,145.73,142.64,142.95,473882,9599,143.742721
2021-02-23,139.04,140.68,134.545,140.13,761812,14054,138.371439
2021-02-24,139.26,143.165,137.27,142.33,831302,10344,141.217525
2021-02-25,140.68,141.6,133.56,134.48,620928,12946,136.682547
2021-02-26,135.19,138.32,134.12,136.94,1150988,15772,136.627743
2021-03-01,139.56,142.58,139.04,142.21,656128,12189,140.979883
2021-03-02,143.12,143.49,136.41,136.51,843704,10064,137.215646
2021-03-03,135.94,137.49,131.64,132.34,607937,12267,133.585047
2021-03-04,131.42,133.15,124.87,126.43,826974,16106,127.551978
2021-03-05,127.24,127.31,117.975,125.51,1154529,17429,122.453388
2021-03-08,124.97,126.87,118.8,118.85,769295,13092,121.876309
2021-03-09,122.33,128.84,122.0,127.55,705971,12400,126.809679
2021-03-10,129.3,132.1,128.69,130.99,782434,14949,130.616338
2021-03-11,134.37,137.67,134.04,135.84,1086542,14472,136.144856
2021-03-12,135.35,135.35,131.07,132.19,476582,8611,132.338256
2021-03-15,132.82,137.25,132.55,137.09,612578,10463,135.091805
2021-03-16,139.12,139.26,134.4,135.56,415240,8642,136.342312
2021-03-17,134.76,135.98,129.815,132.23,961236,16129,132.807112
2021-03-18,129.01,131.09,125.73,127.03,1045996,15314,127.733369
2021-03-19,128.54,130.5,126.51,129.66,1192382,12217,129.447171
2021-03-22,130.15,132.38,130.06,130.14,472261,9123,130.797723
2021-03-23,130.51,133.41,129.29,129.81,607264,11262,130.840246
2021-03-24,130.87,130.87,126.7,126.84,549911,9908,128.183393
2021-03-25,125.52,128.45,122.97,128.0,617414,11622,126.393332
2021-03-26,128.42,135.6,128.42,135.43,905707,13425,132.601662
2021-03-29,134.73,135.91,131.43,131.7,926657,12174,132.940607
2021-03-30,130.68,133.77,130.1101,132.0,407030,8308,132.386097
2021-03-31,133.33,139.84,133.33,137.65,923470,13532,138.136774
2021-04-01,139.7,144.88,139.7,143.87,837541,15436,143.292296
2021-04-05,145.0,146.53,143.34,145.98,635128,11005,145.569394
2021-04-06,145.76,146.91,144.02,144.31,766385,11154,145.135
2021-04-07,143.866,144.98,142.59,143.22,398960,8220,143.349069
2021-04-08,145.54,149.265,144.39,146.63,839565,12838,146.965503
2021-04-09,144.9484,146.47,144.46,146.04,389339,7680,145.647665
2021-04-12,144.88,147.39,144.42,146.54,228281,7087,146.20985
2021-04-13,146.7,148.28,145.07,147.23,276339,7856,146.643968
2021-04-14,146.83,149.24,146.15,146.56,381460,9963,147.380613
2021-04-15,148.26,149.21,146.2,147.61,463938,10941,147.506664
2021-04-16,148.62,148.62,144.46,146.17,1485201,23063,146.572982
2021-04-19,144.91,146.875,137.93,139.77,14580829,34617,139.85951
2021-04-20,139.99,142.37,138.92,142.1,1113946,18562,140.655946
2021-04-21,141.43,144.07,141.06,144.02,494674,10654,142.92848
2021-04-22,143.43,146.85,142.83,145.27,701063,12494,145.513043
2021-04-23,146.2,148.08,145.94,147.34,501480,8450,147.273695
2021-04-26,147.76,149.49,147.2669,148.84,659150,8496,148.764995
2021-04-27,148.41,149.5,146.06,147.79,628841,7889,147.573908
2021-04-28,147.5,148.43,146.65,148.29,628998,9511,147.883554
2021-04-29,141.54,144.725,133.06,133.42,1965096,32385,135.632732
2021-04-30,133.07,133.97,130.52,130.94,1054564,18184,131.752632
2021-05-03,132.03,132.03,129.09,130.25,1265543,14253,130.253108
2021-05-04,129.73,130.14,126.99,129.99,853219,15067,128.904639
2021-05-05,130.51,132.77,129.02,130.9,767601,13449,131.214166
2021-05-06,129.63,130.235,126.96,129.97,579601,12606,128.858574
2021-05-07,131.99,133.37,130.5,131.16,657612,11968,131.896645
2021-05-10,130.43,131.6,129.12,129.14,576119,11619,130.191988
2021-05-11,125.96,130.95,125.06,130.16,499063,12352,129.485626
2021-05-12,127.64,128.6,124.93,125.3,901884,14260,126.100862
2021-05-13,126.99,127.57,123.06,125.4,691996,12189,125.49144
2021-05-14,127.27,129.88,125.76,129.01,738680,12316,128.576437
2021-05-17,127.54,128.77,126.14,127.66,558172,10515,127.181681
2021-05-18,127.62,130.045,126.89,127.84,743037,13105,128.697499
2021-05-19,125.89,127.2,124.63,127.12,558128,12097,126.253791
2021-05-20,128.24,131.43,128.0,130.7,539902,11952,130.689814
2021-05-21,132.15,133.065,130.33,130.77,764373,11500,131.042302
2021-05-24,132.5,133.59,131.51,132.82,512651,9633,132.771453
2021-05-25,134.41,135.22,132.8,133.03,482876,10284,133.604531
2021-05-26,133.28,134.13,132.18,132.89,453516,10003,132.878379
2021-05-27,133.12,133.52,130.645,133.07,687114,9935,132.972083
2021-05-28,134.09,135.46,133.67,134.14,482530,9706,134.47799
2021-06-01,135.49,135.695,131.8,131.9,502982,9689,132.619153
2021-06-02,131.83,131.83,129.36,130.76,619318,13726,130.554406
2021-06-03,130.76,131.37,128.26,129.58,477489,9162,129.604491
2021-06-04,131.0,134.82,131.0,132.54,256555,6943,132.32621
2021-06-07,134.86,134.92,131.96,132.57,585795,11089,132.907203
2021-06-08,133.94,135.72,133.31,134.95,445548,8013,134.757098
2021-06-09,135.35,136.58,134.49,134.74,328889,8763,134.998692
2021-06-10,135.0,136.45,134.51,136.37,336162,8235,135.794286
2021-06-11,136.98,137.15,135.41,136.42,368967,7362,136.195357
2021-06-14,136.84,138.06,136.84,137.66,263007,7305,137.517469
2021-06-15,138.0,138.35,136.08,136.46,285700,7765,136.892401
2021-06-16,135.39,136.4664,132.39,134.68,555692,12434,134.557251
2021-06-17,134.31,135.5,133.711,134.27,476359,9970,134.561312
2021-06-18,134.01,134.66,130.5,131.75,1002109,14479,132.027055
2021-06-21,131.46,134.84,130.23,134.65,639493,12185,134.026447
2021-06-22,134.65,135.44,133.57,135.19,434047,10118,134.841542
2021-06-23,135.59,136.63,134.61,135.71,407363,9794,135.939003
2021-06-24,137.0,138.48,136.25,137.74,526370,9401,137.75622
2021-06-25,138.0,139.24,137.13,138.69,630324,9440,138.459676
2021-06-28,139.99,141.16,139.45,140.1,562043,10210,140.035039
2021-06-29,140.1,142.115,139.34,141.76,431877,9970,140.985215
2021-06-30,141.39,142.4,140.378,141.26,482135,10682,141.438258
2021-07-01,140.88,143.26,140.5,142.97,587395,13571,142.622518
2021-07-02,143.35,144.2,142.39,143.98,424217,9511,143.593929
2021-07-06,144.36,145.71,143.57,145.58,605539,8990,145.052843
2021-07-07,146.0,147.07,143.445,144.12,723332,11140,144.808259
2021-07-08,142.04,143.8682,139.38,142.86,436007,8192,142.609252
2021-07-09,142.86,145.53,142.79,145.14,462570,9111,144.339027
2021-07-12,145.5,145.65,142.5,142.88,504227,11327,143.185946
2021-07-13,142.88,143.88,141.42,143.06,345612,8924,142.934358
2021-07-14,144.13,144.13,141.77,142.57,355300,8063,142.782974
2021-07-15,141.92,142.6289,139.83,141.28,384767,7299,141.223259
2021-07-16,141.99,142.74,139.73,140.2,468561,7953,140.616427
2021-07-19,138.31,138.31,135.345,136.71,696961,16798,136.434339
2021-07-20,137.31,143.52,136.72,142.96,805237,13016,141.087543
2021-07-21,143.24,146.66,142.82,146.5,634959,11515,145.396264
2021-07-22,146.78,148.82,146.78,148.28,478627,9038,148.065712
2021-07-23,148.95,153.73,148.29,152.69,943027,16094,151.93045
2021-07-26,152.0,152.0,148.95,151.32,592239,12263,150.693318
2021-07-27,150.42,150.42,142.44,143.6,889203,18681,144.501042
2021-07-28,144.0,146.43,142.92,145.25,663956,13501,144.72978
2021-07-29,136.56,137.5,130.05,133.03,1725788,27236,133.409041
2021-07-30,133.12,135.5,131.19,135.45,1027846,18360,134.530716
2021-08-02,135.68,135.79,130.8,131.07,673557,15528,132.661281
2021-08-03,131.07,133.27,130.6692,132.41,620703,12477,132.042181
2021-08-04,132.87,135.73,131.9,135.3,871102,12099,133.792929
2021-08-05,135.48,137.19,134.381,135.55,905473,13407,135.905485
2021-08-06,135.88,136.33,134.45,135.37,501724,8199,135.241963
2021-08-09,135.55,136.1,134.66,135.18,283353,6398,135.324436
2021-08-10,136.18,137.67,135.17,135.78,482107,8928,136.392575
2021-08-11,136.74,136.74,133.6,134.49,302820,6556,134.578798
2021-08-12,134.35,134.35,133.05,133.68,486790,9199,133.68598
2021-08-13,133.86,134.08,131.7,132.01,807240,13813,132.157746
2021-08-16,131.62,131.62,129.32,130.16,891015,14063,130.160615
2021-08-17,129.3,129.3,125.94,127.98,992368,15126,127.248467
2021-08-18,127.22,128.07,126.43,126.57,467917,9240,127.156363
2021-08-19,124.98,126.47,124.18,126.25,577666,11733,125.460372
2021-08-20,126.44,128.5,126.03,128.29,472323,9742,127.67228
2021-08-23,128.95,130.1,128.8,129.9,623605,10263,129.515177
2021-08-24,130.66,132.49,130.59,131.26,344713,9880,131.444632
2021-08-25,131.1,132.48,130.55,131.72,348581,7288,131.737622
2021-08-26,131.28,131.9,129.28,130.18,590818,10494,130.16616
2021-08-27,130.5,132.9,130.49,131.98,600585,10187,132.192162
2021-08-30,132.47,133.0,131.87,132.47,346548,7954,132.541835
2021-08-31,133.0,133.0,131.1,131.66,584408,10071,131.797099
2021-09-01,132.6,134.685,132.6,133.11,684836,9393,132.976218
2021-09-02,133.87,134.6,131.44,131.84,355660,8496,132.385184
2021-09-03,131.57,133.45,131.25,132.99,354822,8039,132.880294
2021-09-07,133.0,133.65,129.53,129.77,527241,9690,130.372752
2021-09-08,129.39,130.85,127.7075,129.79,470788,8952,129.639516
2021-09-09,130.11,130.67,127.33,127.39,2542409,16993,128.20711
2021-09-10,127.89,128.775,125.48,125.62,1051798,15956,127.007203
2021-09-13,125.62,126.41,122.05,122.81,1727899,19828,123.774815
2021-09-14,123.94,125.07,121.87,122.44,1018864,16475,123.114313
2021-09-15,122.85,125.35,121.65,125.2,1190829,15334,123.537402
2021-09-16,125.0,125.64,122.98,125.5,633943,11334,124.74446
2021-09-17,125.16,125.58,122.53,123.14,772697,10303,123.558389
2021-09-20,120.28,121.385,118.61,120.74,640959,13866,119.888929
2021-09-21,121.45,121.47,119.49,119.93,536321,9855,120.228374
2021-09-22,120.29,122.63,119.85,121.09,766764,13247,121.338141
2021-09-23,121.89,125.335,121.29,123.84,523925,11884,124.087329
2021-09-24,122.44,124.15,122.29,123.52,346904,7462,123.53764
2021-09-27,123.05,124.72,121.83,124.08,626595,9997,124.086969
2021-09-28,122.52,123.34,118.87,121.0,752278,12534,120.788814
2021-09-29,121.56,122.7,119.6,120.0,548384,13541,120.691847
2021-09-30,120.62,121.755,119.325,119.79,806137,15011,119.96041
2021-10-01,120.4,121.3,119.71,120.51,470679,10616,120.479188
2021-10-04,119.99,120.195,114.65,117.51,1070909,18199,116.795327
2021-10-05,117.8,120.01,116.93,119.87,1367901,17600,119.206168
2021-10-06,118.02,120.16,117.195,119.59,611753,11430,119.146123
2021-10-07,120.71,122.945,119.69,120.2,542940,9975,120.337227
2021-10-08,120.49,121.44,119.61,120.04,543175,10356,120.256498
2021-10-11,119.83,121.115,117.65,117.94,465825,8928,119.063629
2021-10-12,118.8,119.94,117.01,117.15,471303,9497,117.98268
2021-10-13,118.16,121.26,118.16,120.68,618739,12069,120.214427
2021-10-14,122.56,124.45,122.48,122.83,549702,10404,123.256514
2021-10-15,123.74,123.93,122.71,123.5,559494,9907,123.477786
2021-10-18,122.51,125.21,122.15,124.96,632946,9182,124.457147
2021-10-19,126.24,129.26,125.7,129.01,786702,16704,128.286916
2021-10-20,129.41,129.68,126.95,129.48,640759,13024,128.752784
2021-10-21,128.75,129.37,126.05,127.99,677517,11214,127.60782
2021-10-22,128.66,128.96,126.77,128.11,423656,8374,127.914213
2021-10-25,128.5,130.36,127.53,129.36,412149,11092,129.492724
2021-10-26,129.98,129.98,127.445,127.6,399659,9407,128.170661
2021-10-27,127.61,128.54,124.86,125.01,783926,12407,126.099612
2021-10-28,125.49,128.64,124.6,126.87,869615,11188,125.921628
2021-10-29,126.11,128.98,126.09,127.35,955036,10189,127.290969
2021-11-01,127.56,128.81,125.41,126.8,622092,12277,126.858618
2021-11-02,126.68,127.1,124.95,126.41,768456,14171,126.179112
2021-11-03,125.84,130.57,125.12,129.85,955307,16169,129.218602
2021-11-04,136.0,136.0,117.3,120.93,2614512,33807,122.492305
2021-11-05,121.91,127.64,121.72,125.94,1047441,18571,125.161625
2021-11-08,125.09,126.91,123.5036,126.43,728194,15157,125.575083
2021-11-09,126.02,127.61,121.75,122.37,754560,14595,122.896335
2021-11-10,122.0,122.605,119.63,120.18,769117,14813,120.531205
2021-11-11,120.97,121.07,119.55,119.79,896953,14011,120.096807
2021-11-12,120.79,121.94,119.84,121.83,578915,9155,121.105883
2021-11-15,122.0,122.36,119.31,120.05,550750,13701,120.184456
2021-11-16,119.5,123.73,118.9,122.79,911411,15588,121.77126
2021-11-17,122.47,123.885,119.63,119.64,541066,12795,121.63147
2021-11-18,119.81,120.48,116.9,117.45,564885,11975,117.808604
2021-11-19,118.21,118.655,117.29,117.33,516622,9469,117.762715
2021-11-22,117.49,118.35,114.53,115.93,680028,12080,116.415238
2021-11-23,111.0,111.595,107.63,109.72,2214787,31448,109.859736
2021-11-24,108.2,110.13,106.72,110.0,1493130,20068,108.897215
2021-11-26,108.74,110.17,105.51,105.94,618845,11403,106.848793
2021-11-29,107.87,111.84,107.0,110.32,1142997,21658,109.595621
2021-11-30,109.68,110.99,105.49,109.58,1880852,23234,108.679575
2021-12-01,111.44,112.01,108.405,108.84,1129459,21316,109.345446
2021-12-02,108.57,111.29,108.12,110.91,677611,16706,110.287679
2021-12-03,111.19,113.58,109.95,112.89,1838530,26129,112.034386
2021-12-06,113.0,117.05,111.565,116.64,1006548,19251,115.596764
2021-12-07,118.52,120.85,117.88,120.2,865392,15556,119.982435
2021-12-08,120.01,121.5899,117.08,120.74,800833,14013,120.32921
2021-12-09,120.22,122.31,119.88,119.96,694141,13077,120.579952
2021-12-10,120.86,121.86,119.01,120.57,774152,14655,120.322919
2021-12-13,120.1,123.46,119.94,122.52,793237,15490,122.541586
2021-12-14,117.74,119.795,115.09,117.31,1152244,21395,117.343349
2021-12-15,117.06,119.22,113.685,118.67,1283755,21968,116.895542
2021-12-16,119.11,119.32,115.41,115.52,1101437,20664,116.251201
2021-12-17,115.7,121.59,113.93,120.75,2044461,21071,120.170759
2021-12-20,118.9,121.22,117.725,119.92,871392,17650,119.959004
2021-12-21,120.76,121.3,119.89,120.73,736894,12569,120.611919
2021-12-22,120.81,122.52,119.75,121.08,484078,10290,120.929926
2021-12-23,121.39,121.71,120.08,120.51,443910,10568,120.58572
2021-12-27,120.56,122.67,120.26,122.6,403923,9734,121.96339
2021-12-28,123.15,123.5,121.9207,122.34,370284,8718,122.49321
2021-12-29,122.34,122.65,121.35,122.13,259658,7815,122.016003
2021-12-30,122.88,123.44,121.885,122.04,297627,8418,122.64417
2021-12-31,122.1,122.14,120.95,121.15,313733,7561,121.431755
2022-01-03,121.32,123.46,118.77,122.98,579910,10002,122.384421
2022-01-04,122.78,123.0,120.6,122.6,449416,11726,121.972408
2022-01-05,122.17,123.425,118.14,118.37,686406,15496,120.675565
2022-01-06,117.57,119.0662,115.565,117.14,463321,12179,117.617337
2022-01-07,116.4,118.825,115.05,115.08,456885,11136,115.88453
2022-01-10,113.08,114.59,110.53,114.54,821036,17501,112.783893
2022-01-11,114.63,119.52,112.065,119.27,611965,13180,118.302837
2022-01-12,120.11,121.74,118.28,120.05,473173,12043,119.801925
2022-01-13,120.35,121.14,114.63,115.2,672140,13818,116.436947
2022-01-14,114.24,116.64,112.93,115.88,513626,9776,115.176135
2022-01-18,114.44,117.365,113.77,116.07,1099518,15661,115.777697
2022-01-19,116.07,121.7,115.99,117.36,675891,15257,118.972244
2022-01-20,118.1,120.26,115.61,115.77,604341,12649,117.765385
2022-01-21,115.08,118.28,113.89,116.06,1186111,25404,116.621471
2022-01-24,113.84,117.62,111.43,117.6,1340123,27798,114.857716
2022-01-25,113.91,116.53,112.5608,114.63,861851,18354,114.479819
2022-01-26,116.0,117.99,112.5,113.48,1176211,23520,115.308379
2022-01-27,107.7,112.165,106.0,109.78,2060966,31373,110.040367
2022-01-28,109.92,113.52,106.885,113.41,843208,16386,110.740325
2022-01-31,113.86,116.53,112.57,116.26,728571,16923,115.608598
2022-02-01,116.43,117.12,114.605,116.15,713359,14669,116.0163
2022-02-02,116.15,116.99,114.615,116.4,493294,11745,116.021347
2022-02-03,114.5,115.41,113.12,113.63,652784,12430,113.907433
2022-02-04,113.56,116.37,113.01,115.76,526559,13503,115.454907
2022-02-07,116.53,117.8,114.885,115.17,463351,9552,115.957599
2022-02-08,114.93,115.69,113.46,114.63,591188,13780,114.488727
2022-02-09,116.22,120.21,115.25,120.11,491309,12236,118.997101
2022-02-10,117.31,120.56,116.955,118.33,559206,14488,119.123789
2022-02-11,118.84,119.14,113.64,114.15,461911,10834,115.336153
2022-02-14,113.65,114.94,111.23,111.91,477026,12059,112.57594
2022-02-15,113.55,114.46,111.43,113.2,555233,14411,112.541329
2022-02-16,112.42,114.78,111.33,114.65,546861,10892,113.635808
2022-02-17,112.8121,113.86,109.24,109.54,577016,13703,109.989703
2022-02-18,109.83,110.91,107.785,108.86,949208,15017,108.875985
2022-02-22,108.01,109.8,106.565,107.05,689846,13450,107.511667
2022-02-23,107.85,108.573,106.46,106.54,1068175,15894,106.899074
2022-02-24,104.31,109.92,103.4404,109.85,804974,15977,108.077818
2022-02-25,110.08,111.53,107.83,111.52,484270,12722,110.169137
2022-02-28,110.47,112.5,107.52,111.28,854469,10615,111.087127
2022-03-01,111.7,113.44,109.3,110.13,472829,12029,110.489483
2022-03-02,110.63,113.315,109.055,111.76,503639,10858,111.292346
2022-03-03,112.49,113.03,108.35,109.0,551829,12215,109.789191
2022-03-04,107.1043,109.2,106.23,107.99,451050,11922,107.535908
2022-03-07,108.17,109.45,104.83,104.86,751333,16611,106.204791
2022-03-08,104.23,106.13,101.645,104.45,683414,14986,104.221977
2022-03-09,106.92,109.62,106.62,109.3,572952,12918,108.85941
2022-03-10,107.21,108.16,105.49,106.82,288122,9188,106.712
2022-03-11,107.72,107.375,103.87,103.94,344089,9555,104.867197
2022-03-14,104.14,105.2125,100.602,101.51,356931,9449,102.2118
2022-03-15,102.42,106.14,101.7095,105.95,642261,13655,104.982169
2022-03-16,107.03,109.96,105.58,109.74,704429,14661,108.671605
2022-03-17,109.51,111.95,109.135,110.73,641289,13748,110.751537
2022-03-18,110.32,112.01,109.7,111.42,869147,11981,111.315741
2022-03-21,110.75,111.14,109.09,110.67,531812,10143,110.419015
2022-03-22,110.53,111.86,109.84,111.59,641311,13066,111.300356
2022-03-23,110.88,110.88,107.135,107.15,517024,12216,108.074019
2022-03-24,107.97,108.66,106.28,108.01,427216,9601,107.941527
2022-03-25,108.69,108.84,106.7,107.32,557472,9735,107.29021
2022-03-28,107.28,108.475,106.21,107.95,852717,16185,107.515999
2022-03-29,109.5,111.945,109.45,111.89,948414,18918,110.799177
2022-03-30,111.09,111.785,108.81,109.19,374568,9425,109.600569
2022-03-31,109.23,109.72,107.495,107.72,624282,13773,108.166848
2022-04-01,108.55,109.32,105.49,106.77,552891,11757,106.965696
2022-04-04,107.28,109.47,106.85,108.75,522664,10400,108.713184
2022-04-05,108.54,108.76,104.64,105.03,573126,12703,106.047423
2022-04-06,103.18,104.71,100.73,100.98,679131,14554,101.51869
2022-04-07,100.64,104.2,100.64,104.0,809664,15245,103.059575
2022-04-08,103.46,104.42,101.79,103.5,726470,12491,103.607097
2022-04-11,102.77,104.26,101.14,101.36,719266,15562,102.54503
2022-04-12,102.77,104.32,100.33,100.56,486986,12942,101.765605
2022-04-13,100.32,102.56,99.69,101.57,802722,13345,101.296732
2022-04-14,102.25,102.33,98.6,98.71,541879,12285,99.638148
2022-04-18,98.44,100.13,97.0,99.31,547565,10807,99.071387
2022-04-19,99.38,100.78,98.82,99.92,476937,11365,99.960238
2022-04-20,101.23,104.96,100.25,102.45,997255,20849,103.085979
2022-04-21,103.73,105.66,100.48,101.45,838931,17801,102.204561
2022-04-22,100.83,102.525,99.05,99.12,975228,18681,100.244857
2022-04-25,99.06,101.0595,98.98,99.9,852203,21349,99.81081
2022-04-26,99.57,100.3635,96.93,97.88,803417,17018,97.987187
2022-04-27,98.01,100.1,96.55,97.62,1373747,29980,98.054316
2022-04-28,116.19,118.49,109.0,114.39,2677472,41423,113.33299
2022-04-29,114.1,116.81,112.07,114.21,1465180,26733,114.546139
2022-05-02,113.99,115.94,111.75,114.87,1123105,24552,114.187323
2022-05-03,114.62,116.66,114.035,114.59,1156848,21546,115.029135
2022-05-04,114.68,118.18,112.4,118.01,1098446,19821,115.376773
2022-05-05,116.44,117.47,111.02,112.15,891508,17639,113.399047
