Date,Open,High,Low,Close,Volume,OpenInterest
2020-05-26,154.12,154.55,146.29,147,17801096,0.0
2020-05-27,145.48,146.4,140.02,145.93,8609029,0.0
2020-05-28,144.73,151.945,144.51,148.68,7632350,0.0
2020-05-29,150.5,155.29,148.93,155.24,15377394,0.0
2020-06-01,154.9,155.97,153.05,154.53,9959942,0.0
2020-06-02,156,157.6,154.61,157.51,5399977,0.0
2020-06-03,157.49,158.271,155.12,156.78,11785686,0.0
2020-06-04,156.7,159.4799,153.635,154.58,6849462,0.0
2020-06-05,152.98,156.2,150,156.12,14092327,0.0
2020-06-08,154.28,156.1,153.11,156.05,9170586,0.0
2020-06-09,155.79,158.21,155.5949,157.01,10918671,0.0
2020-06-10,157.6,160.89,157.6,159.879,10056648,0.0
2020-06-11,158.34,159.5,153,153.08,7223988,0.0
2020-06-12,157.06,157.21,154.31,154.31,1879516,0.0
2020-06-15,152.63,157.92,152.22,157.62,4330304,0.0
2020-06-16,160.19,162.83,158.3,161.29,10853250,0.0
2020-06-17,162.84,164.9597,161.66,163.78,9497940,0.0
2020-06-18,164.72,168.83,164.31,168.1,6734045,0.0
2020-06-19,170.6,171.12,164.01,164.431,8364134,0.0
2020-06-22,165.58,170.9,165.55,170.32,6226863,0.0
2020-06-23,172,175.4,170.4,172.71,6657057,0.0
2020-06-24,170.595,173.48,164.29,168.08,7971640,0.0
2020-06-25,169,172.78,168.19,172.51,5728963,0.0
2020-06-26,173.71,173.71,168.6,170.87,5509013,0.0
2020-06-29,171.48,171.48,165.56,168.45,4763187,0.0
2020-06-30,170.7,174.69,169.41,174.2,5239140,0.0
2020-07-01,174.625,178.2348,172.56,177.46,5836704,0.0
2020-07-02,179.69,179.8,176.72,177.23,5099999,0.0
2020-07-06,180.29,181.24,174.46,176.2,7178230,0.0
2020-07-07,177.69,179.95,176.31,177.16,4689896,0.0
2020-07-08,178.89,182.64,178.5,181.6,5558752,0.0
2020-07-09,183.4,183.99,179.15,183.25,4809932,0.0
2020-07-10,181.63,182.52,177.13,178.39,6533025,0.0
2020-07-13,180.42,180.66,170.74,171.51,9253182,0.0
2020-07-14,168.75,172.6,164.33,172.26,9455181,0.0
2020-07-15,172.99,173.36,169.01,171.99,5848348,0.0
2020-07-16,169.9,171.34,166.4998,169.65,5601502,0.0
2020-07-17,171.5,174.56,169.54,173.95,5364003,0.0
2020-07-20,174.65,179.64,172.68,178.75,4507596,0.0
2020-07-21,179.25,179.46,174.32,175.63,4922520,0.0
2020-07-22,176.16,179.49,175.73,178.37,4143468,0.0
2020-07-23,178.15,180.75,172.88,173.86,3563014,0.0
2020-07-24,171.08,173.6,169.08,172.56,5397250,0.0
2020-07-27,173.92,178.46,172.39,178.01,5999672,0.0
2020-07-28,178.01,179.58,176.0102,176.27,5674742,0.0
2020-07-29,178.45,185.44,178.27,184.54,12130567,0.0
2020-07-30,191.81,198.6599,189.1314,192.53,15690756,0.0
2020-07-31,193.05,196.35,191.69,196.26,8394869,0.0
2020-08-03,198.25,199.4,195.22,197.06,5325202,0.0
2020-08-04,196.35,199.1,195.5206,197.41,4983777,0.0
2020-08-05,199,204.23,198.09,202.92,6223177,0.0
2020-08-06,202,204.16,198.88,204.09,5119416,0.0
2020-08-07,203.71,203.9509,196.7,198.58,5524022,0.0
2020-08-10,195.505,196.09,191.69,193.32,7236795,0.0
2020-08-11,192,193.535,186.52,188.93,8546843,0.0
2020-08-12,190,192.51,189.4,191.32,6952492,0.0
2020-08-13,192.1,195.13,191.48,193.07,9387758,0.0
2020-08-14,195.19,195.4687,190.51,191.46,4117853,0.0
2020-08-17,193.92,197.42,193.25,196.29,5373718,0.0
2020-08-18,197.73,198.75,194,194.57,4761558,0.0
2020-08-19,195.06,196.84,191.92,192.39,4912423,0.0
2020-08-20,192.06,198.7,191.51,198.27,5263343,0.0
2020-08-21,197.93,199.0999,196.22,196.71,4642876,0.0
2020-08-24,200,201.0988,196.57,198.94,4760794,0.0
2020-08-25,198.49,201.96,196.24,201.71,3893475,0.0
2020-08-26,202.53,205.35,200.25,203.53,4572164,0.0
2020-08-27,206.81,207,202.3,204.34,5167778,0.0
2020-08-28,205.4159,205.4159,202.42,204.48,3722557,0.0
2020-08-31,203.7,205.2523,202.2984,203.95,4541288,0.0
2020-09-01,205.59,209.8799,205.145,208.92,5344347,0.0
2020-09-02,211.6222,212.45,204.6,210.82,6467777,0.0
2020-09-03,205.69,206.59,194.95,205.07,14251722,0.0
2020-09-04,200.985,201.84,182.85,191.97,15991060,0.0
2020-09-08,184.7,191.75,184.7,186,8255888,0.0
2020-09-09,191,195.75,187.3,194.6,6510541,0.0
2020-09-10,197.15,198.22,187.84,190.08,4465463,0.0
2020-09-11,191.462,192.1,180.93,184.16,7167057,0.0
2020-09-14,186,188.6,184.38,186.95,5462045,0.0
2020-09-15,190.05,190.45,184.18,186.02,6967671,0.0
2020-09-16,187.095,189.34,180.67,180.91,7534672,0.0
2020-09-17,176.63,178.74,173.79,175.83,10593265,0.0
2020-09-18,176.7,178.25,171.63,176.08,9042124,0.0
2020-09-21,174.84,183.45,174.08,183.21,11190601,0.0
2020-09-22,186.79,188.06,182.185,187.71,7367697,0.0
2020-09-23,188.39,188.47,181.1,181.57,5714383,0.0
2020-09-24,180.17,184.9,179.6,182.22,6531106,0.0
2020-09-25,182.4,187.92,180.13,187.25,5831706,0.0
2020-09-28,190.9996,192.47,188.09,192.01,6013629,0.0
2020-09-29,192.64,195.78,191.11,194.48,5825577,0.0
2020-09-30,194.14,198.72,193.311,197.03,6131789,0.0
2020-10-01,199.26,201.27,196.2205,196.88,5990185,0.0
2020-10-02,192.73,196.21,189.25,191.97,5387028,0.0
2020-10-05,194.06,196.91,192.16,196.85,4341794,0.0
2020-10-06,196.19,197.37,190.88,191.6151,4773294,0.0
2020-10-07,193.91,195.71,193.33,194.62,3408393,0.0
2020-10-08,196.75,196.87,192.67,193.07,4949557,0.0
2020-10-09,194.36,197.35,192.6,197.27,5459421,0.0
2020-10-12,199.87,204.08,196.6323,201.5,8963835,0.0
2020-10-13,202.44,208.95,200.11,207.73,6623496,0.0
2020-10-14,208.2035,208.948,200.5,203.66,7646051,0.0
2020-10-15,199.99,203.48,198.128,203.17,6221691,0.0
2020-10-16,204.44,207.47,202.22,204.54,8781299,0.0
2020-10-19,205.64,207.23,199.1,200.05,4796828,0.0
2020-10-20,201.14,205.47,200.31,201.96,4080299,0.0
2020-10-21,208.3,215.83,206.02,213.06,14663254,0.0
2020-10-22,211.9,212.34,202.1403,203.88,11002662,0.0
2020-10-23,206.24,206.24,201.21,203.04,5828718,0.0
2020-10-26,200.66,203.89,195.05,197.21,6117053,0.0
2020-10-27,198.79,201.32,197.72,200.44,3462757,0.0
2020-10-28,196.96,198.39,191.5,192.31,6684834,0.0
2020-10-29,194.08,197.59,192.31,195.05,6246059,0.0
2020-10-30,193.29,195.33,182.92,186.35,10318260,0.0
2020-11-02,189.01,192.705,185.05,187.88,9625499,0.0
2020-11-03,177.94,188.75,174.81,179.66,29090449,0.0
2020-11-04,186.76,195,184.1102,194.21,14621064,0.0
2020-11-05,202.3,204.92,199.37,204.59,12618928,0.0
2020-11-06,204.6,204.92,198.55,202.72,7075679,0.0
2020-11-09,195.74,196.07,184.44,184.72,16430889,0.0
2020-11-10,184.98,186.71,178.6,183.31,11599718,0.0
2020-11-11,187.4981,193.1,186.4,192.34,7959087,0.0
2020-11-12,193.95,194.9,188.43,189.09,5716107,0.0
2020-11-13,191.1069,191.7299,186.85,188.7358,4003454,0.0
2020-11-16,185.19,192.38,183.54,191.96,9178675,0.0
2020-11-17,192.13,194.63,190.63,192.3,5380428,0.0
2020-11-18,192.59,192.95,189.54,190.12,6961251,0.0
2020-11-19,190.82,192.75,189.57,190.88,8652714,0.0
2020-11-20,192.47,194.73,190.96,192.62,10621737,0.0
2020-11-23,194.53,202.16,193.92,200.82,10519696,0.0
2020-11-24,204,207.0791,198.86,206,13072036,0.0
2020-11-25,206.29,216.07,206.23,214.38,11779276,0.0
2020-11-27,213.2,213.84,208.62,211.32,4806373,0.0
2020-11-30,212.51,215.83,207.09,214.2,8992681,0.0
2020-12-01,217.15,220.57,214.3401,216.52,9148174,0.0
2020-12-02,215.6,215.75,210.5,212.66,6414746,0.0
2020-12-03,213.33,216.93,213.11,214.68,6463339,0.0
2020-12-04,214.88,218.553,213.01,217.77,5386812,0.0
2020-12-07,217.39,219.32,216.31,217.9,3843471,0.0
2020-12-08,216.325,218.72,215.57,216.87,4571497,0.0
2020-12-09,217,218.94,209.25,210.55,6384153,0.0
2020-12-10,208.36,216.23,206.65,215.34,5764141,0.0
2020-12-11,213.39,215,210.4203,214.14,3639176,0.0
2020-12-14,215.95,223.16,215,220.79,8669456,0.0
2020-12-15,221.93,222.31,217.12,221.71,5451517,0.0
2020-12-16,224.8,231.15,224.61,230.2,8809504,0.0
2020-12-17,234.51,238.1,232.4,235.54,7003031,0.0
2020-12-18,236.66,237.17,232.28,236.45,7177135,0.0
2020-12-21,232.62,239.7514,232.2013,237.71,6274143,0.0
2020-12-22,240.165,243.68,238.09,243.6,5316886,0.0
2020-12-23,243.6,244.25,238.33,239.3,5345790,0.0
2020-12-24,240.36,242.12,238.09,238.64,2845854,0.0
2020-12-28,243.5,243.5,235.25,235.75,6244567,0.0
2020-12-29,236,236.25,229.68,231.01,7817365,0.0
2020-12-30,232.19,233.84,230.02,231.43,5183663,0.0
2020-12-31,232,234.69,229.69,234.31,3907538,0.0
2021-01-04,237.8,237.9969,227.5348,231.92,6781195,0.0
2021-01-05,230.47,235.64,229.8,234.84,3747047,0.0
2021-01-06,228.94,232.49,225.7021,226.92,7834098,0.0
2021-01-07,229.46,235.6,229.22,235.04,6042808,0.0
2021-01-08,237.43,242.91,236.0687,242.52,5998289,0.0
2021-01-11,238.04,240.84,234.09,237.54,4162127,0.0
2021-01-12,237.62,238.8,233.83,237.63,3677466,0.0
2021-01-13,236.57,247.44,236.54,244.9,6419870,0.0
2021-01-14,246.87,249.85,241.54,242.01,5757075,0.0
2021-01-15,242.25,244.5632,235.0341,239.79,6600442,0.0
2021-01-19,243.3,248.74,241,247.24,5690793,0.0
2021-01-20,248.85,249.65,244.14,244.19,5068278,0.0
2021-01-21,246.67,250.37,243.58,248.64,8671933,0.0
2021-01-22,246.65,254.39,246.2,252.21,7103094,0.0
2021-01-25,253.8,254.39,242.22,247.75,7431131,0.0
2021-01-26,246.9,248.76,240.03,241.06,7109204,0.0
2021-01-27,234.7,235.4,225,229.93,10692924,0.0
2021-01-28,235,241.555,232.21,237.81,7141701,0.0
2021-01-29,238.65,240.87,232.66,234.455,8302249,0.0
2021-02-01,238.37,244.14,235.4,241.76,6408491,0.0
2021-02-02,243.61,250.19,240.53,249.2,6260642,0.0
2021-02-03,253.96,254.315,247.39,251.9,10063326,0.0
2021-02-04,265.34,274.94,260.85,270.625,22548571,0.0
2021-02-05,268.61,270,264.71,269.44,6844004,0.0
2021-02-08,276.88,282.6989,274.6235,282.38,8766130,0.0
2021-02-09,280.38,286.89,276.51,284.2,7538319,0.0
2021-02-10,285.1,286.08,278.401,283.18,8328944,0.0
2021-02-11,287.33,302.1,281.6,284.91,20288517,0.0
2021-02-12,292.64,299.34,289.32,298.4,11090454,0.0
2021-02-16,306.4,309.14,298.18,304.79,12525685,0.0
2021-02-17,297.63,301.5,290.56,297.21,9058347,0.0
2021-02-18,291.13,292.97,285.03,290.81,8405441,0.0
2021-02-19,292.12,293.94,285.46,286.91,8187719,0.0
2021-02-22,281.42,285,273.29,273.82,11945415,0.0
2021-02-23,259.69,267.25,252.56,265,19353917,0.0
2021-02-24,266.105,268.6662,259.1001,266.05,9699987,0.0
2021-02-25,262.76,266,251.42,253.76,12076920,0.0
2021-02-26,257.45,261.86,253.1142,259.88,9238871,0.0
2021-03-01,268.895,274.54,265.72,273.65,9443152,0.0
2021-03-02,275.96,277.5,268.91,269.2,7410248,0.0
2021-03-03,265.02,267.6599,253.25,255.03,10032836,0.0
2021-03-04,251.76,254.8,232.27,239.03,17742768,0.0
2021-03-05,243.12,243.748,223.09,239.05,15737279,0.0
2021-03-08,239,241.33,225.65,226.09,12386281,0.0
2021-03-09,240.98,244.44,236.04,241.77,10269713,0.0
2021-03-10,249.31,249.96,241.27,242.07,8704524,0.0
2021-03-11,247.12,254.92,246.53,253.82,8312393,0.0
2021-03-12,249.49,251.548,244.3026,250.35,6600366,0.0
2021-03-15,251.4182,252,246.79,250.06,5809006,0.0
2021-03-16,253.42,254.78,247.55,249.41,6809689,0.0
2021-03-17,245.84,254.4611,242.9,251.595,4931119,0.0
2021-03-18,246.46,247.27,237.8,238.35,8497679,0.0
2021-03-19,239.63,243.15,237.13,241.09,8047084,0.0
2021-03-22,242.03,246.95,240.85,244.41,4463592,0.0
2021-03-23,245.55,246.84,242.25,243.77,4034311,0.0
2021-03-24,244.83,244.97,233.76,234.23,5287731,0.0
2021-03-25,232.63,235.34,227.52,234.24,7939380,0.0
2021-03-26,233.67,241.31,232.3,241.19,6520923,0.0
2021-03-29,241.4,243.2,233.61,235.82,6629510,0.0
2021-03-30,236.88,238.36,232.6301,236.58,5216291,0.0
2021-03-31,238.07,245.23,237.27,242.87,6171577,0.0
2021-04-01,248.04,252.6492,246.04,247.54,6076858,0.0
2021-04-05,250.97,251.76,245.7,251.02,4675572,0.0
2021-04-06,251.91,255,249.5,253.16,4869969,0.0
2021-04-07,253.41,259.22,251.07,255.6,6523163,0.0
2021-04-08,260.46,265,258.17,264.65,7953413,0.0
2021-04-09,263.35,266.94,261.38,266.78,5679715,0.0
2021-04-12,265.79,270.33,262.59,269.03,5869928,0.0
2021-04-13,271.04,276.87,271,275.44,6331680,0.0
2021-04-14,275.68,277.86,266.2,267.35,7445136,0.0
2021-04-15,271.12,276.12,270.16,274.04,6503450,0.0
2021-04-16,273.16,274.15,268.59,269.85,4774802,0.0
2021-04-19,267.2,268.5,263.9,268.05,4521243,0.0
2021-04-20,269.88,272.58,262.24,264.43,5265645,0.0
2021-04-21,260.18,266,259.27,264.86,3970864,0.0
2021-04-22,265.13,268.16,259.4,262.27,5115550,0.0
2021-04-23,261,267.79,260.9,266.03,4696253,0.0
2021-04-26,266.65,271.75,265.92,271.72,4306027,0.0
2021-04-27,272.13,273.82,268.03,268.7,3729440,0.0
2021-04-28,268.75,275.25,267.17,271.25,4934498,0.0
2021-04-29,273.35,273.87,263.53,267.85,4838382,0.0
2021-04-30,265,266.1499,261.6,262.42,5173954,0.0
2021-05-03,265.15,265.8,256.18,259.09,6781365,0.0
2021-05-04,255.67,256.8,246.6501,250.16,7584702,0.0
2021-05-05,254.6,254.93,246.245,247.54,7066790,0.0
2021-05-06,255.89,256.3094,245.11,252.05,16869746,0.0
2021-05-07,255.48,258.64,251.64,253.36,9423860,0.0
2021-05-10,252,252.41,243.45,243.64,7915220,0.0
2021-05-11,234.89,250.5553,233.61,248.59,8541951,0.0
2021-05-12,240.62,246.5,238.82,240,7565611,0.0
2021-05-13,241.88,245.68,237.8,240.78,6109356,0.0
2021-05-14,243.5,247.11,242.27,246.2,5133893,0.0
2021-05-17,245.15,246.24,240.6,244.37,4324593,0.0
2021-05-18,243.69,247.435,242.655,243.21,3851953,0.0
2021-05-19,235.88,245.34,235.11,244.63,6226470,0.0
2021-05-20,246.63,252.93,245.35,251.53,6229522,0.0
2021-05-21,253.8008,255.21,250.41,250.74,4873077,0.0
2021-05-24,254,257.6,252.43,257.17,4504706,0.0
2021-05-25,258.55,260.37,257.2801,258.69,4212672,0.0
2021-05-26,259.58,262.32,259.16,261.38,3661156,0.0
2021-05-27,259.86,260.64,256.28,259.73,4341709,0.0
2021-05-28,261.33,263.15,259.87,260.03,3602304,0.0
2021-06-01,261.05,263.42,256.52,259.39,5200448,0.0
2021-06-02,260.48,264.7799,259.58,262.18,5627770,0.0
2021-06-03,258.39,260.98,256.15,257.77,4283310,0.0
2021-06-04,259.26,263.46,259.15,263.05,3509929,0.0
2021-06-07,262.5,262.94,260.19,260.56,3350716,0.0
2021-06-08,261.74,264.55,260.565,263.14,3914120,0.0
2021-06-09,265.01,268.1994,263.26,263.55,4076545,0.0
2021-06-10,263.01,269.65,261.69,269.42,5422737,0.0
2021-06-11,268.97,271.8999,268.4,271.45,3772204,0.0
2021-06-14,271.8,274.97,270.6,274.93,4418732,0.0
2021-06-15,274.73,274.73,270.68,271.89,4477919,0.0
2021-06-16,271.9,275.1603,265.3099,268.82,5902777,0.0
2021-06-17,268.23,279.3718,268.46,278.04,6955545,0.0
2021-06-18,275.3,286.38,274.86,283.38,12326629,0.0
2021-06-21,282.2,284.305,276.725,283.17,5910324,0.0
2021-06-22,281.05,287.46,280.22,286.79,5359394,0.0
2021-06-23,286.33,288.55,284.78,288.12,4394739,0.0
2021-06-24,290.34,296.01,289.64,293.21,6414312,0.0
2021-06-25,292.79,292.87,287.8,289.62,4973982,0.0
2021-06-28,290.79,294.26,289.78,293.67,4099427,0.0
2021-06-29,293.23,295.18,291.53,292.73,3513443,0.0
2021-06-30,291.8,292.6999,289.51,291.43,3274174,0.0
2021-07-01,290.33,291.9,285.76,289.01,4881511,0.0
2021-07-02,290.95,292.4299,288.92,290.24,3322376,0.0
2021-07-06,290.21,294.526,289.52,292.71,4331791,0.0
2021-07-07,294.7,299.3087,291.91,297.13,6091845,0.0
2021-07-08,291.63,295.8651,289.46,295.06,5149249,0.0
2021-07-09,296.12,300.83,295,300.2,4879251,0.0
2021-07-12,302,303.5,298.56,302.96,4698144,0.0
2021-07-13,302.19,307.82,298.75,301.255,6624933,0.0
2021-07-14,303.08,304.81,299.3301,300.76,4323292,0.0
2021-07-15,301,301.18,294.14,296.6,4390822,0.0
2021-07-16,296.8,298.75,294.44,294.6,3740054,0.0
2021-07-19,292.04,295.0693,288.81,294.87,4664009,0.0
2021-07-20,296,300.03,291.57,298.07,4435907,0.0
2021-07-21,296.49,301.83,296.2,301.77,4473044,0.0
2021-07-22,301.99,304.57,301.87,303.69,2962374,0.0
2021-07-23,305.74,309.475,304.2,308.47,3435620,0.0
2021-07-26,309.66,310.16,305.23,306.82,3084731,0.0
2021-07-27,305.92,306.34,294.89,300.48,6163477,0.0
2021-07-28,301.49,302.43,296.78,301.98,5603926,0.0
2021-07-29,285.3,289,281.6,283.17,17038193,0.0
2021-07-30,280.28,280.5,274.21,275.52,10771980,0.0
2021-08-02,276.88,276.885,270.4302,270.99,9261049,0.0
