Date,Open,High,Low,Close,Volume,OpenInterest
2020-12-04,83,83.75,80.43,82.695,8338456,0.0
2020-12-07,82.25,82.44,80.3,81.63,5400897,0.0
2020-12-08,80.67,83.85,80.51,82.86,3931191,0.0
2020-12-09,83.91,84.97,80.8714,82.37,6343998,0.0
2020-12-10,80.75,82.62,80.35,80.68,4225640,0.0
2020-12-11,80.99,81.46,76.26,76.435,5800105,0.0
2020-12-14,78.81,79.43,73.95,74.05,5827791,0.0
2020-12-15,74.65,74.71,70.75,74.05,7005213,0.0
2020-12-16,74.06,74.64,72.35,73.68,3279788,0.0
2020-12-17,74.02,74.48,72.61,73.94,3053560,0.0
2020-12-18,73.74,74.49,71.5801,72.29,3497433,0.0
2020-12-21,69.01,72.24,68.75,71.82,4394504,0.0
2020-12-22,71.82,71.88,68.57,69.67,4251355,0.0
2020-12-23,70.15,72.87,70.11,71.39,3616886,0.0
2020-12-24,71.75,71.85,70.07,70.67,1567574,0.0
2020-12-28,71.9,73.99,71.2,72.89,3773539,0.0
2020-12-29,74.06,74.4,70.86,71.6,3282995,0.0
2020-12-30,71.6,74.07,71.19,73.77,4203544,0.0
2020-12-31,73.5,75.75,71.2,74.65,6077394,0.0
2021-01-04,74.8,75.24,69.89,70.72,5364997,0.0
2021-01-05,70.5,73.27,70.425,72.61,3730478,0.0
2021-01-06,72.7,74.07,71.14,72.26,3351321,0.0
2021-01-07,72.64,75.44,72.64,74,3679531,0.0
2021-01-08,74.91,75.49,71.96,72.99,2918351,0.0
2021-01-11,71.3,73.1,70.85,72.11,2267080,0.0
2021-01-12,72.14,72.71,70.81,72.46,5378166,0.0
2021-01-13,71.78,72.51,70.7737,72.25,4802470,0.0
2021-01-14,73.59,76.53,73.37,75.87,5060906,0.0
2021-01-15,75.04,76.29,72.87,72.91,2987466,0.0
2021-01-19,74,74.67,72.46,73.46,2207983,0.0
2021-01-20,74.04,75.16,72.27,72.83,2229567,0.0
2021-01-21,72.5,73.51,71.02,72.65,2976975,0.0
2021-01-22,71.67,72.28,70.66,71.95,2482379,0.0
2021-01-25,70.73,70.86,66.91,68.433,7453560,0.0
2021-01-26,69,69.09,66.48,66.52,4484502,0.0
2021-01-27,65.43,68.525,64.34,66.18,4411589,0.0
2021-01-28,69.285,70.58,67.45,69.04,4472786,0.0
2021-01-29,68.65,69.33,64.75,65.04,3741411,0.0
2021-02-01,65.95,66.55,64.66,65.75,3277052,0.0
2021-02-02,67.17,68.91,65.84,68.69,3608830,0.0
2021-02-03,69,70.03,68.31,69.42,2692565,0.0
2021-02-04,70.4,71.87,69.88,70.86,3388200,0.0
2021-02-05,71.67,72.99,71.03,71.54,2882474,0.0
2021-02-08,72.5,72.5,70.5801,70.7,2586302,0.0
2021-02-09,70.75,70.75,68.31,68.88,2883862,0.0
2021-02-10,69.25,70.69,68.535,68.78,4245173,0.0
2021-02-11,69,69.83,67.41,68.02,3106611,0.0
2021-02-12,66.66,68.3,66.65,67.63,2869430,0.0
2021-02-16,69,74.76,68.38,74.19,8901380,0.0
2021-02-17,73.36,76.65,72.49,75.08,5501057,0.0
2021-02-18,74.31,75.98,72.9,75.16,3390861,0.0
2021-02-19,76.62,79.73,76.5,78.84,5425105,0.0
2021-02-22,79.57,88.75,79.01,86.23,14626305,0.0
2021-02-23,87.31,90.47,82.77,90.05,9952985,0.0
2021-02-24,91.67,97.08,91.62,96.69,9479680,0.0
2021-02-25,98.01,99.24,88.51,91.57,9906529,0.0
2021-02-26,91,94.23,89.27,93.28,4866265,0.0
2021-03-01,92.78,93.119,89.71,91.37,12816246,0.0
2021-03-02,92.7,95.5,91.99,93.58,14129258,0.0
2021-03-03,94.03,97.3591,93.93,94.41,6933139,0.0
2021-03-04,96.14,96.38,87.89,91.59,6118431,0.0
2021-03-05,89.91,90.55,80.55,86.51,9315822,0.0
2021-03-08,87.99,89.61,85.24,87.89,4654849,0.0
2021-03-09,89,90.25,85.4,89.521,3540965,0.0
2021-03-10,90,92.0944,86.46,87.3,5295389,0.0
2021-03-11,88.56,89.67,86.3,87.99,4396029,0.0
2021-03-12,87.73,90.32,87.65,90.22,3742049,0.0
2021-03-15,92.25,96.9,92,94.53,7482390,0.0
2021-03-16,93.51,94,88.34,89.52,5249179,0.0
2021-03-17,89.56,91.45,87.92,91.42,3474726,0.0
2021-03-18,91.63,92.1584,88.22,88.43,3711870,0.0
2021-03-19,88.76,91.04,86.53,90.68,4944520,0.0
2021-03-22,89.46,90.26,87.85,88.97,3490408,0.0
2021-03-23,87.39,88.06,83.04,83.9,5749603,0.0
2021-03-24,85.99,89.1,80.56,81.58,8402508,0.0
2021-03-25,80,84.25,78.86,83.43,4571113,0.0
2021-03-26,85.1,86.3299,81.68,84.58,2950035,0.0
2021-03-29,84.45,85.2,81.6,82.93,2295916,0.0
2021-03-30,83.14,85.97,83.06,85.32,2425684,0.0
2021-03-31,85.13,86.84,84.44,85.65,2493057,0.0
2021-04-01,86.5,87.82,85.48,86.66,2198412,0.0
2021-04-05,89.59,91.3,88.72,89.16,4513258,0.0
2021-04-06,89.15,92.3,88.576,90.72,3262451,0.0
2021-04-07,93,95.3,90.9,91.05,5172314,0.0
2021-04-08,91.4,90.93,87.43,89.82,3571117,0.0
2021-04-09,89.62,90.47,88.67,89.84,2111615,0.0
2021-04-12,88.94,89.03,85.73,87.07,3332209,0.0
2021-04-13,84.88,86.85,83.6,86.52,3024939,0.0
2021-04-14,86.67,88.73,86.36,86.57,2079289,0.0
2021-04-15,87.07,87.08,83.85,84.49,3181828,0.0
2021-04-16,85.35,86.82,84.7,85.42,2216943,0.0
2021-04-19,85.18,85.74,83.41,83.82,2314137,0.0
2021-04-20,82.98,83.14,79.0265,81.06,3802027,0.0
2021-04-21,81.15,84.72,80.05,84.67,3021741,0.0
2021-04-22,84.4,86.55,83.611,84.17,2759512,0.0
2021-04-23,84.59,85.96,83.28,85.79,2254970,0.0
2021-04-26,87.07,88.84,86.665,86.92,1996707,0.0
2021-04-27,87.01,88.22,85.823,87.57,1916446,0.0
2021-04-28,87.26,88.43,86.59,87.45,1804157,0.0
2021-04-29,90.06,92.45,84.715,84.8301,6137130,0.0
2021-04-30,84.15,87.47,83.81,87.02,3361559,0.0
2021-05-03,87.46,88.6922,86.6901,87.85,2446059,0.0
2021-05-04,87,87.1,82.9305,84,4444980,0.0
2021-05-05,84.08,84.8,82.4,82.99,2876465,0.0
2021-05-06,83.11,83.87,79.02,80.69,5188979,0.0
2021-05-07,81.16,84.5599,80.45,84.28,3419179,0.0
2021-05-10,84,84.86,83.03,83.9695,3352168,0.0
2021-05-11,81.83,82.97,79.825,81.27,3419155,0.0
2021-05-12,80.1,81,77.8,78.02,3368211,0.0
2021-05-13,78.84,79.99,76.1339,78.44,3463001,0.0
2021-05-14,79.71,84.49,79.55,84.26,4101470,0.0
2021-05-17,84.25,84.76,82.71,84.56,2154157,0.0
2021-05-18,84.86,87.27,83.95,84.96,3300611,0.0
2021-05-19,82.91,84.05,81.56,84,2475237,0.0
2021-05-20,84.49,84.97,82.93,84.66,2916637,0.0
2021-05-21,85.4,85.88,82.68,82.81,3381847,0.0
2021-05-24,83.47,86.11,82.28,85.88,3753039,0.0
2021-05-25,86.85,90.64,86.99,89.01,6845264,0.0
2021-05-26,89.88,92.56,89.56,92.5,5520992,0.0
2021-05-27,92.75,95.13,92.71,94.8069,4224970,0.0
2021-05-28,94.68,94.73,92.13,93.29,3444474,0.0
2021-06-01,94.84,97.535,94.905,96.3,3623236,0.0
2021-06-02,96.5,97.72,95.35,97.01,3375558,0.0
2021-06-03,96,96.11,93.92,94.73,3065985,0.0
2021-06-04,95.75,95.83,93.3,94.11,2527735,0.0
2021-06-07,94.95,96.17,94.24,94.46,2773428,0.0
2021-06-08,94.95,95.98,93.94,94.94,3059446,0.0
2021-06-09,95.52,95.47,92.56,92.78,2346653,0.0
2021-06-10,92.9,93.005,89.59,90.61,3942609,0.0
2021-06-11,88.42,90.73,88.1,90.1,3625716,0.0
2021-06-14,90,90.36,87.39,87.95,2830073,0.0
2021-06-15,88.42,88.9571,86.685,86.96,2243549,0.0
2021-06-16,87.79,89.05,86.95,88.52,2979897,0.0
2021-06-17,88.27,89.82,85.97,86.42,3163808,0.0
2021-06-18,85.41,86.63,84.5,85.6,3092569,0.0
2021-06-21,86.21,87.53,84.96,87.42,2569156,0.0
2021-06-22,87.14,86.94,84.52,85.65,2912062,0.0
2021-06-23,85.71,86.83,85.71,86.18,1730624,0.0
2021-06-24,87.27,88.07,85.97,86.95,3314192,0.0
2021-06-25,87.24,89.89,86.74,89.22,4367034,0.0
2021-06-28,88.61,88.36,82.85,83.4599,9176803,0.0
2021-06-29,83.73,84.77,82.4301,83.02,5117098,0.0
2021-06-30,83.43,85.39,82.8,85.3,3169648,0.0
2021-07-01,85.52,87.1,85.33,85.88,2413539,0.0
2021-07-02,86.36,86.36,84.97,86.05,2062462,0.0
2021-07-06,87.5,87.82,82.58,82.97,4497079,0.0
2021-07-07,82.51,83.43,80.3,80.48,4910158,0.0
2021-07-08,78.45,80.52,77.115,79.46,4213322,0.0
2021-07-09,80.37,82.54,79.79,82.33,2630039,0.0
2021-07-12,81.23,81.99,80.02,81.555,2213657,0.0
2021-07-13,80.7,80.63,78.43,78.52,2696565,0.0
2021-07-14,79,79.9,75.97,76.21,3812295,0.0
2021-07-15,75.1,75.62,72.38,74.21,6292580,0.0
2021-07-16,75.71,76.48,72.015,72.39,4766463,0.0
2021-07-19,68.83,70.83,66.9,69.51,9771729,0.0
2021-07-20,69.6,75.31,69.35,74.89,7221327,0.0
2021-07-21,75.65,79.16,75.63,78.89,6971393,0.0
2021-07-22,78,78.355,76.3,77.76,4581750,0.0
2021-07-23,78.04,78.86,76.96,77.73,4425834,0.0
2021-07-26,77.16,80.89,77.0871,80.88,4350680,0.0
2021-07-27,79.96,80.92,78.99,80.58,3561517,0.0
2021-07-28,81.13,81.77,78.07,80.09,2658379,0.0
2021-07-29,80.94,82.12,79.93,80.04,3038757,0.0
2021-07-30,78.73,79.47,76.405,76.91,5455913,0.0
2021-08-02,76.97,79.33,75.08,75.48,4816482,0.0
2021-08-03,75.19,75.17,71.79,74.49,5667775,0.0
2021-08-04,73.15,74.2304,70.74,72.66,7350648,0.0
2021-08-05,72.6,78.43,72.5723,78.09,6291916,0.0
2021-08-06,78.59,79.08,76.52,78.95,3899769,0.0
2021-08-09,78.8,78.46,75.79,77.4,2990290,0.0
2021-08-10,77.64,81.35,77.22,80.76,3584484,0.0
2021-08-11,79.85,82,78.6101,81.8,3916147,0.0
2021-08-12,81.62,81.6494,78.85,80.36,2385204,0.0
2021-08-13,80,80.39,78.22,78.89,2708454,0.0
2021-08-16,78.27,78.74,76.05,78.43,2498311,0.0
2021-08-17,77.05,77.39,75.19,76.03,2580001,0.0
2021-08-18,76.1,78.59,74.4,77.21,3650991,0.0
2021-08-19,76,76.53,73.51,76.5,4894005,0.0
2021-08-20,76.4,78.375,76.01,78.22,3292315,0.0
2021-08-23,79.17,80.97,78.85,80.25,4200146,0.0
2021-08-24,81,83.54,81,82.859,4425528,0.0
2021-08-25,82.95,84.225,81.2,83.4,3508124,0.0
2021-08-26,82.89,83.3,80.18,80.82,3110694,0.0
2021-08-27,81.04,83.7,80.77,83.26,3022691,0.0
2021-08-30,83.92,83.7999,81.19,81.89,2586655,0.0
2021-08-31,81.56,83.42,81.45,82.73,2369671,0.0
2021-09-01,83.35,83.79,81.89,82.26,3262523,0.0
2021-09-02,82.61,83.95,80.77,82.94,3859692,0.0
2021-09-03,82.51,82.89,78.685,79.44,4847162,0.0
2021-09-07,78.14,81.71,77.42,81.46,3936370,0.0
2021-09-08,81.48,82.68,79.7716,80.3,2103921,0.0
2021-09-09,80.15,82.94,79.88,81.66,2629056,0.0
2021-09-10,82.4,83.29,81.47,81.57,2898466,0.0
2021-09-13,82.35,84.69,80.13,83.86,3810987,0.0
2021-09-14,83.54,84.92,81.97,82.44,2369874,0.0
2021-09-15,82,83.55,80.73,83.28,2006602,0.0
2021-09-16,83.06,83.749,82.29,82.55,1975341,0.0
2021-09-17,82.52,84.96,82.52,83.79,4044402,0.0
2021-09-20,81.69,83.38,80.75,82.97,3004978,0.0
2021-09-21,83.77,84.89,82.225,82.86,2624677,0.0
2021-09-22,83.3,86.19,83.3,85.33,4504630,0.0
2021-09-23,86.46,89.23,86.27,88.1584,4894204,0.0
2021-09-24,88.16,91.32,87.795,90.69,5251676,0.0
2021-09-27,91.97,95.24,91.81,92.39,6045052,0.0
2021-09-28,92.08,94.62,91.68,91.94,3744878,0.0
2021-09-29,92.36,92.9321,90.1526,90.69,3021913,0.0
2021-09-30,90.32,90.52,88.27,88.9,2901592,0.0
2021-10-01,92.31,93.92,91.425,92.33,4785860,0.0
2021-10-04,92.03,93.19,90.39,91.03,3035791,0.0
2021-10-05,91.75,92.55,90.41,91.02,2071994,0.0
2021-10-06,89.33,90.72,88.43,90.08,2123124,0.0
2021-10-07,90.52,90.89,88.53,88.79,2834915,0.0
2021-10-08,89.17,90.05,87.591,87.73,2396903,0.0
2021-10-11,87.51,88.72,86.5,87.32,2145266,0.0
2021-10-12,87.45,89.24,87.027,88.66,2654978,0.0
2021-10-13,88.5,88.6,86.44,86.73,2509109,0.0
2021-10-14,87.33,88.14,86.74,86.88,1839669,0.0
2021-10-15,87.575,88.6,86.27,86.35,2898622,0.0
2021-10-18,86.19,86.6199,84.59,85.905,2028714,0.0
2021-10-19,85.98,85.98,84.1,84.48,2724579,0.0
2021-10-20,84.5,85.42,83.62,83.91,2155943,0.0
2021-10-21,84.11,84.92,83.2112,83.71,1662461,0.0
2021-10-22,83.24,84.87,82.86,84.63,2120832,0.0
2021-10-25,84.6,85.6,84.04,84.93,1633295,0.0
2021-10-26,86,86.75,84.38,84.42,1837259,0.0
2021-10-27,84.7,85.13,83.41,83.5,1794536,0.0
2021-10-28,83.5,84.77,82.52,84.24,1662502,0.0
2021-10-29,84.19,86.31,83.53,84.45,2872856,0.0
2021-11-01,84.43,88.42,83.95,88.29,2922871,0.0
2021-11-02,87.74,88.56,86.4,87.83,1966952,0.0
2021-11-03,87.17,90.34,86.75,89.77,2528141,0.0
2021-11-04,90.26,90.88,88.2,88.7,1644891,0.0
2021-11-05,93.69,98.05,93.39,96.6686,9494127,0.0
2021-11-08,97.34,98.27,93.23,93.73,4462634,0.0
2021-11-09,91.79,93,90.435,91.36,3495630,0.0
2021-11-10,90.06,91.5,87.85,88.76,2475769,0.0
2021-11-11,88.46,88.8203,86.17,86.32,2508326,0.0
2021-11-12,86.34,86.64,83.47,84.57,3556791,0.0
2021-11-15,85.1,86.93,85.01,85.28,2705202,0.0
2021-11-16,85.19,85.06,82.8,83.35,3139427,0.0
2021-11-17,83.07,84,82.02,83.29,2239055,0.0
2021-11-18,83.75,83.9569,82.08,82.94,2115193,0.0
2021-11-19,82,82.02,78.7,80.49,3984753,0.0
2021-11-22,81.17,81.82,78.9,79.24,2895660,0.0
2021-11-23,79.96,80.475,78.245,78.83,2092602,0.0
2021-11-24,78.18,79.95,77.1,78.34,1867857,0.0
2021-11-26,71.02,71.53,67.92,67.98,10026569,0.0
2021-11-29,72.2,72.52,68.06,69.8875,7197123,0.0
2021-11-30,68.8,70.1,66.88,69.9,6649150,0.0
2021-12-01,71.11,72.38,64.2,64.21,9116382,0.0
2021-12-02,66.19,69.3,64.25,68.9,6252111,0.0
2021-12-03,68,69.11,66.17,66.77,4312983,0.0
2021-12-06,68.7,74.43,67.7218,72.27,7649263,0.0
2021-12-07,72.94,74.45,71.0602,71.65,4869874,0.0
2021-12-08,73.37,77.5,72.6501,75.37,6485670,0.0
2021-12-09,73.45,75.42,73.24,74.7,2464502,0.0
2021-12-10,75.7,75.99,73.48,75.49,2878242,0.0
2021-12-13,73.89,74.0955,70.89,72.455,2813680,0.0
2021-12-14,71,73.3,71.08,71.6,3100333,0.0
2021-12-15,71.23,71.405,68.174,70.66,4171086,0.0
2021-12-16,71.12,72.35,68.37,68.78,4671918,0.0
2021-12-17,68.49,73.24,68.6,72.41,6453938,0.0
2021-12-20,70.11,74.56,69.655,72.62,5291328,0.0
2021-12-21,74.3,77.21,74.16,76.57,6285669,0.0
2021-12-22,76.36,79.96,75.57,79.47,3937492,0.0
2021-12-23,80.42,80.57,77.83,79.525,3564139,0.0
2021-12-27,76.85,78.78,75.55,78.47,2710228,0.0
2021-12-28,77.97,80.05,77.53,78.26,2197713,0.0
2021-12-29,77.39,78.78,76.3601,78.2201,2365721,0.0
2021-12-30,78.08,79.94,76.71,77.37,5124670,0.0
2021-12-31,76.64,78.186,76.23,76.9,2796829,0.0
2022-01-03,77.57,81.75,77.57,80.83,4250652,0.0
2022-01-04,82.15,83.53,81.73,82.39,4142284,0.0
2022-01-05,84,84,79.91,80.59,3094460,0.0
2022-01-06,81.34,82.87,77.47,77.9162,5512738,0.0
2022-01-07,78.83,82.5,78.4,81.04,4742724,0.0
2022-01-10,81.5,81.76,77.19,79.94,3473961,0.0
2022-01-11,79.45,82.33,78.57,81.72,2565990,0.0
2022-01-12,82.04,82.67,80.65,82.3,2201493,0.0
2022-01-13,82.47,85.32,82.35,83.48,3816881,0.0
2022-01-14,83.25,84.24,81.82,84.14,2346664,0.0
2022-01-18,83.03,84.3336,81.92,82.33,2406910,0.0
2022-01-19,82.31,82.8,80.71,81.63,2818681,0.0
2022-01-20,81.59,85.15,80.9233,81.19,4579330,0.0
2022-01-21,80.4,80.96,77.55,79.09,4751458,0.0
2022-01-24,77.75,78.9,73.47,78.74,4924563,0.0
2022-01-25,77.44,80.66,75.89,80.18,3643048,0.0
2022-01-26,81.5,83.93,80.39,81.11,3875696,0.0
2022-01-27,81.88,82.28,75.49,75.97,3721779,0.0
2022-01-28,75.665,76.4499,71.91,74.53,4928305,0.0
2022-01-31,74.25,77.95,72.75,77.8,3562829,0.0
2022-02-01,78.5,81.83,77.77,81.22,3923260,0.0
2022-02-02,80.74,81.96,79.72,81.22,3045805,0.0
2022-02-03,80.68,81.23,78.99,79.34,4393713,0.0
2022-02-04,78.14,78.69,74.91,75.6187,7531420,0.0
2022-02-07,76.72,82.88,76.72,81.975,6519451,0.0
2022-02-08,83.34,86.57,82.02,86.27,5775931,0.0
2022-02-09,87,89.6,86.98,88.07,5371961,0.0
2022-02-10,87.51,90.55,86.76,87.86,4841551,0.0
2022-02-11,88.13,89.49,83.78,83.94,4882138,0.0
