Date,Open,High,Low,Close,volume,trade_count,vwap
2020-12-31,60.58,61.48,60.45,61.43,2417546,18545,61.107368
2021-01-04,61.38,61.49,58.95,59.36,4774326,39618,59.590204
2021-01-05,59.53,59.97,59.27,59.75,3905408,34263,59.694244
2021-01-06,60.06,61.6,59.845,61.21,4102514,36674,61.061032
2021-01-07,61.38,61.55,60.81,61.14,4690462,39032,61.227655
2021-01-08,61.07,61.705,60.77,61.57,3965950,30573,61.418411
2021-01-11,61.19,61.72,60.75,61.21,2873270,26839,61.205811
2021-01-12,61.05,61.15,58.5,58.82,7012201,54492,59.136327
2021-01-13,58.86,59.975,58.85,59.71,3949453,32736,59.635688
2021-01-14,59.58,59.69,58.98,59.04,3776673,32785,59.238979
2021-01-15,58.85,59.85,58.46,59.66,4108127,28199,59.375488
2021-01-19,60.31,61.14,59.89,61.06,6270348,38996,60.845338
2021-01-20,60.78,61.13,60.16,60.65,5151218,45985,60.620371
2021-01-21,60.0,60.59,59.61,59.88,3530800,26048,59.935923
2021-01-22,59.72,60.54,59.63,60.14,3079351,29408,60.206442
2021-01-25,59.87,61.04,59.58,61.02,4013097,30557,60.556568
2021-01-26,60.89,60.94,59.69,59.69,3222806,30783,59.9279
2021-01-27,59.5,59.68,58.13,58.54,5062734,55194,58.824961
2021-01-28,58.75,60.27,58.65,59.04,2764762,28828,59.57432
2021-01-29,58.5,59.27,58.21,58.92,3464470,32876,58.82741
2021-02-01,59.04,59.77,58.63,59.11,3257430,31566,59.258684
2021-02-02,59.3,60.7,58.94,59.64,3395672,32111,60.077346
2021-02-03,59.65,59.89,59.31,59.45,3165014,24111,59.536682
2021-02-04,59.6,60.47,59.45,60.34,3223653,26733,60.238431
2021-02-05,60.63,61.235,60.34,60.88,3087239,24389,60.952061
2021-02-08,60.94,61.28,60.63,60.73,3550736,29922,60.826361
2021-02-09,60.89,60.89,60.4127,60.64,2077450,20696,60.670891
2021-02-10,61.0,61.22,60.58,60.93,3022420,23514,60.918411
2021-02-11,60.98,61.52,60.6,61.29,4502599,29726,61.235402
2021-02-12,60.45,60.7,59.51,60.1,4867064,29547,60.057492
2021-02-16,60.01,60.1,59.29,59.3,3039556,28422,59.473715
2021-02-17,59.37,59.43,58.93,59.27,2933302,31529,59.181439
2021-02-18,59.32,60.3419,59.25,59.85,4531528,39128,59.904737
2021-02-19,59.82,59.87,59.08,59.31,3194778,27475,59.446079
2021-02-22,59.52,59.57,58.4402,59.29,4076099,37232,59.031992
2021-02-23,59.72,60.29,58.91,58.92,3990657,40053,59.338165
2021-02-24,58.77,58.93,58.14,58.38,5076918,37567,58.44474
2021-02-25,58.24,58.65,57.62,57.76,4064334,40772,57.948677
2021-02-26,58.05,58.34,56.69,56.72,6092382,45905,57.537245
2021-03-01,57.42,58.58,57.27,57.78,3210688,31189,57.979436
2021-03-02,57.81,58.325,57.11,57.83,3574314,32602,57.845293
2021-03-03,57.5,57.78,57.06,57.59,3859497,36177,57.387498
2021-03-04,57.81,58.6859,57.02,57.41,4843419,47034,57.676992
2021-03-05,57.57,58.64,57.06,58.35,4435186,38483,57.938491
2021-03-08,59.15,59.87,58.61,59.61,7440076,55684,59.468682
2021-03-09,59.75,59.96,59.24,59.41,4703201,41224,59.515414
2021-03-10,59.41,60.2,59.29,59.78,4075740,35231,59.804047
2021-03-11,59.57,60.145,59.25,59.28,3350984,27522,59.585836
2021-03-12,59.58,60.22,59.3272,59.84,4062939,27916,59.819969
2021-03-15,60.0,61.13,59.855,60.98,3472489,30088,60.707622
2021-03-16,60.78,61.45,60.62,61.25,4410463,31058,61.178899
2021-03-17,61.25,61.28,60.67,60.7,3850348,34863,60.900992
2021-03-18,60.71,60.91,59.82,60.4,4042901,38332,60.400626
2021-03-19,60.07,60.28,58.53,59.7,8892144,52975,59.634949
2021-03-22,59.5,59.89,59.28,59.69,3026976,26117,59.628078
2021-03-23,59.76,60.97,59.5188,60.63,3601548,33114,60.421955
2021-03-24,60.28,61.29,60.19,60.69,3486847,31265,60.839797
2021-03-25,61.0,61.81,60.72,61.38,4303724,38195,61.374339
2021-03-26,61.26,61.74,60.87,61.66,2929155,28039,61.40745
2021-03-29,61.66,62.6,61.58,62.32,4505552,36784,62.262882
2021-03-30,61.89,62.03,61.153,61.54,3008359,27941,61.489085
2021-03-31,61.58,62.28,61.5,62.16,4346915,29344,61.996036
2021-04-01,62.19,62.33,61.58,62.33,3386936,31171,62.04733
2021-04-05,62.2,62.97,62.2,62.66,3090215,28211,62.640496
2021-04-06,62.45,63.145,62.26,63.11,2871367,27989,62.914732
2021-04-07,63.14,63.3567,62.595,62.8,2282701,24327,62.842225
2021-04-08,62.94,63.33,62.68,62.86,3698704,25065,62.888154
2021-04-09,62.97,63.14,62.68,62.73,2630052,21610,62.805738
2021-04-12,62.82,63.22,62.63,62.89,3220458,30366,62.881135
2021-04-13,62.5,63.86,62.5,63.56,4353608,38155,63.39501
2021-04-14,63.38,63.925,63.26,63.89,3394271,29240,63.778505
2021-04-15,63.92,64.61,63.68,64.49,4734699,38525,64.226479
2021-04-16,65.0,65.26,64.59,65.01,5185758,39138,64.968131
2021-04-19,65.02,65.14,64.4,64.92,3521409,29222,64.834949
2021-04-20,64.91,66.395,64.82,66.09,4845753,40932,66.005003
2021-04-21,66.18,66.4,65.39,65.73,3327937,29519,65.753003
2021-04-22,65.63,65.94,65.05,65.1,3959533,34507,65.383334
2021-04-23,65.18,65.64,65.05,65.33,3884142,33992,65.378611
2021-04-26,65.46,65.46,64.5242,64.66,3914929,31796,64.731629
2021-04-27,64.58,64.65,64.18,64.33,2939265,26753,64.415409
2021-04-28,64.39,64.625,64.09,64.34,3592971,32020,64.315406
2021-04-29,64.19,65.34,64.1,65.16,4983481,38536,64.9526
2021-04-30,65.37,66.23,65.01,66.17,5381173,37262,65.847903
2021-05-03,66.18,66.7,65.825,66.05,3752692,33309,66.225403
2021-05-04,66.22,66.71,65.85,66.42,3763982,36066,66.294191
2021-05-05,66.21,66.3,64.87,65.45,4240438,35106,65.387333
2021-05-06,65.59,66.17,65.2343,66.05,3300376,29450,65.783787
2021-05-07,65.92,66.505,65.8,66.26,3600049,33006,66.253166
2021-05-10,66.45,66.93,66.29,66.31,3732507,35983,66.558731
2021-05-11,66.3,66.46,65.425,65.8,4038305,39016,65.734625
2021-05-12,65.65,65.73,64.31,64.36,3738822,37719,64.823817
2021-05-13,64.51,66.155,64.4,65.73,3437214,33142,65.587526
2021-05-14,65.16,65.56,65.05,65.11,3831587,33628,65.284422
2021-05-17,65.11,65.67,64.4,64.44,4450050,39489,64.82766
2021-05-18,64.45,64.7757,64.1,64.16,4956047,42839,64.365915
2021-05-19,63.72,64.0,63.02,63.98,4758930,42468,63.623434
2021-05-20,64.0,64.565,63.79,64.06,3558295,30909,64.160921
2021-05-21,64.26,64.59,63.85,64.38,6245488,34806,64.259499
2021-05-24,64.63,64.78,64.22,64.42,2566248,27642,64.480068
2021-05-25,64.4,64.425,63.725,64.08,3634738,31947,64.037445
2021-05-26,63.99,64.06,63.6,63.72,2895566,26291,63.806611
2021-05-27,63.94,63.97,63.53,63.66,5675372,33816,63.675445
2021-05-28,64.0,64.135,63.725,63.92,3754724,26525,63.936607
2021-06-01,64.13,64.18,63.31,63.43,4191529,28371,63.553536
2021-06-02,63.63,64.38,63.31,63.9,3012637,28362,63.885224
2021-06-03,63.95,64.68,63.57,64.46,3245133,28808,64.366246
2021-06-04,64.66,64.77,64.31,64.35,2950215,27568,64.450723
2021-06-07,64.5,64.925,64.29,64.67,5523792,41058,64.684357
2021-06-08,64.8,64.8,63.4,63.44,4757418,42478,63.724618
2021-06-09,63.42,63.72,63.07,63.63,4454780,37972,63.451113
2021-06-10,63.74,63.94,63.48,63.88,3151424,30813,63.79897
2021-06-11,63.76,63.965,63.485,63.85,3115076,25375,63.781039
2021-06-14,63.77,64.135,63.54,63.79,3297740,24797,63.745794
2021-06-15,63.9,64.675,63.82,64.32,3151281,27754,64.275462
2021-06-16,64.37,64.58,62.96,62.98,4176446,34856,63.410828
2021-06-17,63.01,63.635,62.73,63.35,4377196,34801,63.359584
2021-06-18,63.09,63.09,61.38,61.45,6511948,38971,62.007535
2021-06-21,61.72,62.9181,61.535,62.5,4284547,34898,62.439631
2021-06-22,62.36,62.74,62.035,62.08,3603776,31255,62.28186
2021-06-23,61.93,62.055,61.23,61.47,4479701,34297,61.553179
2021-06-24,61.54,61.575,60.925,60.98,4951124,39466,61.141456
2021-06-25,60.95,61.6,60.59,61.53,4692036,33621,61.265192
2021-06-28,61.75,61.92,61.335,61.49,2354584,21278,61.592756
2021-06-29,61.22,61.67,60.275,60.46,4092840,36597,60.758124
2021-06-30,60.45,60.69,60.115,60.51,4149129,33208,60.419476
2021-07-01,60.8,61.65,60.6,61.48,3624664,29961,61.331521
2021-07-02,61.51,61.61,61.25,61.53,2929461,22865,61.47916
2021-07-06,61.52,61.665,60.76,61.64,3026034,27277,61.360627
2021-07-07,61.5,61.77,61.19,61.69,2995848,25597,61.571417
2021-07-08,61.4,61.84,61.29,61.55,3463598,29098,61.591346
2021-07-09,61.66,61.78,61.055,61.47,3664163,28051,61.367644
2021-07-12,61.34,61.89,61.15,61.8,3117137,24303,61.658707
2021-07-13,61.72,61.84,61.12,61.34,2411305,21797,61.460501
2021-07-14,61.38,62.14,61.055,61.89,2950373,25877,61.777168
2021-07-15,61.56,62.72,61.56,62.67,3589264,27374,62.340775
2021-07-16,62.74,63.44,62.57,63.11,3655579,31183,63.13291
2021-07-19,62.93,63.625,61.81,62.79,6803002,59411,62.697599
2021-07-20,63.0,63.95,62.8,62.95,4537983,37358,63.144222
2021-07-21,62.93,63.605,62.75,62.82,3936147,32644,63.075645
2021-07-22,62.89,63.395,62.82,62.98,4380132,33254,63.089707
2021-07-23,63.07,63.975,63.0,63.86,2814367,24376,63.621072
2021-07-26,63.9,64.13,63.495,63.73,3955296,30176,63.748898
2021-07-27,63.58,64.83,63.24,64.54,5822419,39789,64.334359
2021-07-28,64.71,64.71,63.55,63.99,5085172,48050,63.997509
2021-07-29,63.79,64.69,63.68,64.46,4505567,41726,64.421838
2021-07-30,64.19,64.87,63.71,63.87,5174792,39489,64.065964
2021-08-02,63.99,64.415,63.745,64.08,3598553,33648,64.107376
2021-08-03,64.1,64.55,63.69,64.13,4104772,36529,64.142248
2021-08-04,63.89,64.16,63.14,64.03,4528452,37370,63.718673
2021-08-05,64.2,64.81,63.96,64.78,3789704,31362,64.392707
2021-08-06,64.83,65.0982,64.51,64.7,3321468,25926,64.816998
2021-08-09,64.84,64.91,64.4,64.85,2899789,26170,64.70728
2021-08-10,64.98,65.43,64.595,65.21,3478202,27141,65.117713
2021-08-11,65.28,65.995,65.21,65.63,3441893,32016,65.669667
2021-08-12,65.65,65.97,65.5239,65.72,5410805,34186,65.726273
2021-08-13,65.15,65.635,64.97,65.53,3628673,32653,65.4003
2021-08-16,65.63,66.86,65.56,66.38,5497332,44726,66.338066
2021-08-17,66.36,66.61,65.885,66.45,4994366,37102,66.34848
2021-08-18,66.44,66.52,65.775,66.01,3526716,33624,66.081155
2021-08-19,66.06,66.71,65.98,66.38,3976797,39134,66.453957
2021-08-20,66.37,67.46,65.96,67.32,4306185,37416,67.121934
2021-08-23,67.14,67.3235,66.61,66.67,4787608,33325,66.80443
2021-08-24,66.61,66.61,65.445,65.73,5059811,37542,65.868022
2021-08-25,65.62,66.16,65.4,65.87,3036563,24859,65.862752
2021-08-26,65.88,66.27,65.67,66.14,3367970,29822,66.024816
2021-08-27,66.27,66.42,65.83,65.99,3569457,31023,66.092946
2021-08-30,65.86,65.99,65.65,65.75,3254921,32453,65.7716
2021-08-31,65.65,65.96,65.385,65.73,4573527,37367,65.70658
2021-09-01,65.97,66.76,65.85,66.48,3563158,32732,66.442936
2021-09-02,66.6,66.98,66.53,66.85,3536946,29667,66.733368
2021-09-03,66.79,66.79,66.19,66.27,2889881,24392,66.461285
2021-09-07,66.87,67.105,66.065,66.19,6411056,52267,66.347455
2021-09-08,66.22,67.46,66.01,67.31,4728597,38518,67.128354
2021-09-09,67.26,67.54,67.09,67.18,4787131,38085,67.339166
2021-09-10,67.04,67.11,66.11,66.21,3811305,35702,66.377906
2021-09-13,66.64,66.87,66.03,66.33,3236000,33306,66.377015
2021-09-14,66.4,66.64,65.77,65.97,3242227,31653,66.061803
2021-09-15,65.76,66.3376,65.42,66.01,3028994,28208,65.965383
2021-09-16,66.13,66.34,65.21,65.38,4046584,31675,65.505361
2021-09-17,65.01,65.38,64.08,64.14,9446823,42567,64.546471
2021-09-20,64.08,64.5,63.29,63.96,4428642,34768,63.982787
2021-09-21,64.15,64.6801,63.8,63.81,3378600,28988,64.144721
2021-09-22,64.01,64.165,63.48,63.61,3462192,30408,63.779676
2021-09-23,63.62,64.08,63.315,63.4,2767209,28642,63.662734
2021-09-24,63.32,63.74,63.005,63.16,3435190,30585,63.25032
2021-09-27,63.15,63.71,62.4,62.44,3362538,31823,62.96084
2021-09-28,62.47,62.62,61.56,61.94,5060742,47330,62.009034
2021-09-29,61.97,63.125,61.81,62.64,3837719,36883,62.651052
2021-09-30,62.81,62.9099,61.925,61.97,4886047,34887,62.258066
2021-10-01,62.38,62.38,61.59,61.75,4633012,39461,61.996851
2021-10-04,61.56,62.63,61.495,62.43,6207290,52475,62.110029
2021-10-05,62.66,62.8452,61.92,62.06,4247256,34265,62.270958
2021-10-06,61.82,62.78,61.46,62.73,3313460,31655,62.16057
2021-10-07,63.0,63.48,62.5,62.67,2850930,30055,62.877804
2021-10-08,62.65,62.96,62.38,62.56,2601203,24784,62.661668
2021-10-11,62.38,62.48,61.75,61.92,3213109,27586,62.000364
2021-10-12,61.95,62.42,61.76,62.1,2570847,23185,62.15272
2021-10-13,62.05,62.56,61.51,62.51,3156198,26515,62.200041
2021-10-14,62.76,63.335,62.53,63.26,2838791,27843,63.093888
2021-10-15,63.25,63.7,63.01,63.13,2870775,24657,63.226043
2021-10-18,62.64,62.75,62.01,62.45,4123520,25011,62.446911
2021-10-19,62.72,63.15,62.535,62.97,2615122,25421,62.899312
2021-10-20,63.21,63.97,63.21,63.71,2655103,25802,63.712054
2021-10-21,63.85,64.18,63.76,64.16,2869766,22389,64.048269
2021-10-22,64.23,64.25,62.9,62.95,4969723,43229,63.238571
2021-10-25,62.8,63.21,62.62,62.81,2597395,23706,62.930262
2021-10-26,62.93,63.855,62.85,63.28,3630511,28769,63.354121
2021-10-27,63.23,63.44,62.58,62.64,2810722,27444,62.80059
2021-10-28,62.52,62.84,62.26,62.74,2674497,26157,62.605834
2021-10-29,62.71,63.09,62.0582,62.32,3675399,26742,62.419658
2021-11-01,62.4,62.75,62.18,62.48,3437166,24030,62.487564
2021-11-02,62.68,62.76,62.08,62.49,3801488,29770,62.398634
2021-11-03,62.3,62.7,61.914,62.55,4059097,35142,62.32602
2021-11-04,62.61,62.74,61.77,62.5,3797374,34742,62.344005
2021-11-05,62.73,63.36,62.56,63.1,3610120,34962,63.120379
2021-11-08,63.28,63.36,62.24,62.62,4724257,32599,62.788273
2021-11-09,62.71,63.57,62.51,63.35,5430829,44687,63.095914
2021-11-10,63.23,63.95,62.97,63.86,3745007,32954,63.580672
2021-11-11,63.64,63.81,62.7209,63.05,3772245,36071,63.074789
2021-11-12,62.19,62.43,61.63,61.89,4150850,29759,61.95911
2021-11-15,62.11,62.39,61.77,62.2,3470821,29563,62.14582
2021-11-16,62.35,62.645,61.97,62.0,4489993,29416,62.284504
2021-11-17,62.0,62.29,61.52,62.17,3725623,30769,61.990526
2021-11-18,61.99,62.04,61.48,61.63,3156412,29519,61.669506
2021-11-19,61.76,62.73,61.51,62.67,5357207,42630,62.336746
2021-11-22,62.59,63.225,62.28,63.12,3621106,34639,62.924933
2021-11-23,63.25,63.58,62.8,63.01,3384677,33909,63.154098
2021-11-24,63.11,63.24,62.725,63.1,2783319,24847,63.037193
2021-11-26,62.74,63.0955,61.95,62.04,2345253,24893,62.301522
2021-11-29,62.29,63.0,62.0,62.82,6717691,37004,62.745162
2021-11-30,62.63,62.675,60.99,61.1,6856135,53758,61.637272
2021-12-01,61.45,62.638,61.1,61.14,5731271,46067,61.679366
2021-12-02,61.35,62.74,61.31,62.01,5741974,58181,62.07001
2021-12-03,62.47,62.86,61.83,62.83,5939790,51175,62.465948
2021-12-06,63.93,65.905,63.65,64.66,8957634,69612,64.992998
2021-12-07,64.4,64.87,63.92,64.47,4265109,38364,64.540001
2021-12-08,64.52,64.91,64.26,64.75,4504393,40259,64.703782
2021-12-09,64.77,64.91,64.07,64.57,4830652,44903,64.590619
2021-12-10,64.89,65.44,64.57,65.08,4202679,37293,65.150557
2021-12-13,65.05,66.65,65.0,66.18,8117430,54823,66.070481
2021-12-14,66.17,66.46,65.67,65.97,4280293,42884,65.980335
2021-12-15,65.63,67.02,65.63,66.75,5206684,50009,66.583196
2021-12-16,66.73,67.66,66.56,67.55,4720263,43435,67.395808
2021-12-17,67.5,68.21,66.75,66.84,11020610,73242,67.230295
2021-12-20,66.14,67.25,65.73,67.12,4298217,45543,66.734158
2021-12-21,67.41,67.5,66.265,66.39,6796357,43130,66.586512
2021-12-22,66.26,66.74,66.26,66.65,2343212,29034,66.557868
2021-12-23,66.8,67.05,66.52,66.54,2123606,21948,66.71865
2021-12-27,66.7,66.98,66.37,66.96,1885177,21534,66.782568
2021-12-28,67.15,67.74,67.0,67.73,2148687,26179,67.532857
2021-12-29,67.75,68.12,67.66,68.07,2317400,27783,67.943605
2021-12-30,68.22,68.43,67.77,68.36,3202221,36416,68.151372
2021-12-31,68.26,68.875,68.16,68.58,3608325,36271,68.545342
2022-01-03,68.5,68.54,67.36,68.17,3613342,40865,67.997351
2022-01-04,68.02,69.12,67.93,68.17,5257871,50443,68.500599
2022-01-05,67.65,68.975,67.65,68.25,4525171,50635,68.417939
2022-01-06,68.33,68.7,67.81,68.17,3992538,42746,68.263464
2022-01-07,67.97,69.14,67.4747,68.64,4371887,46026,68.577379
2022-01-10,68.59,69.23,68.37,68.53,5553272,57062,68.761932
2022-01-11,68.53,68.68,67.225,67.65,4071862,40655,67.646079
2022-01-12,67.31,67.94,67.18,67.78,3045260,34322,67.714482
2022-01-13,67.87,68.53,67.54,68.35,3600190,38029,68.212613
2022-01-14,68.4,68.74,67.92,68.66,5686044,60370,68.521944
2022-01-18,68.29,68.49,67.32,68.01,4222803,48887,67.980576
2022-01-19,68.12,68.925,67.7547,68.33,3712530,40408,68.413771
2022-01-20,68.43,68.94,67.79,67.88,4191340,50606,68.33478
2022-01-21,68.53,68.71,67.655,67.81,5896099,59015,68.150276
2022-01-24,67.77,68.1,65.4,67.37,8575119,88704,66.793142
2022-01-25,66.94,67.8,66.705,67.25,7977654,88393,67.223404
2022-01-26,67.19,68.04,66.44,67.02,5947282,75354,67.059944
2022-01-27,67.35,68.69,67.481,68.03,6237125,72402,68.084887
2022-01-28,68.0,69.03,67.64,69.0,6109425,58528,68.461647
2022-01-31,68.43,69.765,68.29,69.49,14462669,79651,69.408144
2022-02-01,69.2,69.28,67.44,67.99,6610873,58973,68.139289
2022-02-02,68.05,68.94,67.59,68.81,6426432,67043,68.575518
2022-02-03,69.0,69.39,68.41,69.25,5630279,66177,69.140778
2022-02-04,68.65,69.28,68.14,68.69,6424692,58709,68.755859
2022-02-07,67.51,68.11,67.21,67.65,7731379,59271,67.662198
2022-02-08,68.18,68.27,67.6443,67.89,4115998,44171,67.925165
2022-02-09,68.33,68.39,67.705,68.08,3839620,39649,67.995664
2022-02-10,67.8,67.8,65.815,65.95,7432457,69810,66.543626
2022-02-11,66.23,67.16,66.1614,66.79,7635397,67394,66.729252
2022-02-14,66.9,67.06,65.18,65.85,6778040,59715,65.918337
2022-02-15,66.12,66.47,64.66,65.02,5844849,56350,65.29696
2022-02-16,65.07,65.47,64.305,64.87,7065233,67309,64.833903
2022-02-17,63.89,65.09,63.45,64.79,6895222,67623,64.543496
2022-02-18,63.8,64.31,63.41,63.77,8820545,77567,63.843557
2022-02-22,63.77,64.5437,63.17,64.29,6927747,66261,64.170323
2022-02-23,64.3,64.59,62.73,62.84,5668982,58662,63.332322
2022-02-24,62.5,62.97,61.77,62.88,8626472,97102,62.315739
2022-02-25,63.52,65.085,63.31,65.04,8166815,69673,64.510271
2022-02-28,64.46,64.9752,64.1,64.77,7513879,68684,64.616306
2022-03-01,64.73,65.06,62.97,64.1,6725771,70416,63.870413
2022-03-02,64.12,64.85,63.97,64.57,4581803,56719,64.539266
2022-03-03,64.97,66.74,64.84,66.4,6390154,74429,66.167091
2022-03-04,65.93,67.61,65.6625,67.58,6019784,68402,67.118078
2022-03-07,67.8,69.64,66.9,69.23,9548320,94043,68.642334
2022-03-08,68.92,69.49,67.73,67.82,6987551,72549,68.285542
2022-03-09,68.27,68.45,67.07,67.12,5437197,60918,67.467049
2022-03-10,67.01,68.745,66.8521,68.61,5439472,58473,68.104059
2022-03-11,68.33,69.15,68.37,68.69,4127147,48866,68.757216
2022-03-14,68.94,69.45,68.275,68.66,4289648,51504,68.68774
2022-03-15,69.39,69.5,68.34,68.66,4586338,51682,68.776192
2022-03-16,68.44,68.68,67.4756,68.52,4897199,61400,68.166391
2022-03-17,68.73,69.09,68.235,68.41,4861516,52853,68.678539
2022-03-18,68.56,68.82,67.61,68.03,6890488,55388,68.05608
2022-03-21,68.25,69.23,68.16,68.89,4508972,52110,68.886335
2022-03-22,68.96,69.03,68.22,68.82,3356879,46252,68.691617
2022-03-23,68.8,69.24,68.38,68.79,3634884,41278,68.794329
2022-03-24,68.76,69.58,68.73,69.3,3810972,39169,69.186339
2022-03-25,69.5,70.93,69.38,70.93,5824257,53699,70.482112
2022-03-28,70.99,71.17,70.3,71.0,3276761,45175,70.885107
2022-03-29,71.0,72.07,70.72,72.06,5422265,59449,71.529141
2022-03-30,72.0,72.5,71.7719,72.5,3956859,52641,72.253762
2022-03-31,72.49,73.18,72.3801,72.51,5664532,55802,72.72974
2022-04-01,72.36,74.19,71.965,74.12,5997775,67672,73.279161
2022-04-04,73.45,73.62,72.48,73.12,4644846,59122,73.017079
2022-04-05,73.42,75.14,73.32,74.35,6711318,71393,74.556263
2022-04-06,74.68,76.53,74.41,76.51,6859171,83007,76.020374
2022-04-07,76.05,76.26,75.04,75.76,6399540,66954,75.639959
2022-04-08,76.0,76.685,75.64,76.49,3719157,48517,76.386644
2022-04-11,76.49,76.87,74.36,74.48,8161930,88056,74.964716
2022-04-12,74.48,75.925,73.99,75.54,6046933,70586,75.268709
2022-04-13,75.55,75.64,74.555,75.36,4644789,52736,75.192347
2022-04-14,75.41,76.28,74.98,75.99,5918093,63531,75.846279
2022-04-18,76.0,76.57,75.46,75.83,3694849,47601,75.863383
2022-04-19,76.22,76.445,75.43,76.27,3748263,53446,76.058763
2022-04-20,76.91,77.08,76.395,76.5,4538512,52979,76.662896
2022-04-21,76.24,77.235,76.0997,76.46,4871470,54772,76.680561
2022-04-22,76.5,76.79,75.82,75.91,4845264,62546,76.297112
2022-04-25,76.14,76.32,73.94,74.97,7364986,71950,74.650699
2022-04-26,74.75,75.4209,73.72,73.74,6829735,63408,74.311126
2022-04-27,73.9,74.52,72.85,73.48,6377876,72133,73.852441
2022-04-28,74.64,76.14,73.9,75.58,5682018,60434,75.463321
2022-04-29,75.29,75.37,73.27,73.39,8179261,61704,73.696805
2022-05-02,74.04,74.27,72.13,73.21,6331157,78972,73.158539
2022-05-03,73.18,74.53,72.8557,73.12,4740674,60289,73.460347
2022-05-04,73.55,74.78,73.21,74.57,5637013,67896,74.281742
2022-05-05,74.25,75.14,73.43,74.06,4927522,69012,74.185425
