Date,Open,High,Low,Close,volume,trade_count,vwap
2020-12-31,217.67,219.34,217.2701,219.05,696448,12612,218.684368
2021-01-04,220.0,220.27,212.78,216.74,1202732,19478,216.273031
2021-01-05,216.33,217.8,215.625,216.89,1530363,21364,216.700884
2021-01-06,219.23,226.3233,219.0,223.72,1861672,26111,223.769756
2021-01-07,233.0,240.76,227.31,228.87,2537235,38516,232.575452
2021-01-08,230.14,232.47,225.26,230.21,1595373,29177,228.619194
2021-01-11,228.64,230.97,225.25,226.88,1099784,22314,227.505811
2021-01-12,227.0,231.0,226.01,228.09,1679055,21730,228.372967
2021-01-13,227.0,228.625,224.15,224.57,1542178,15790,225.264895
2021-01-14,224.5,226.535,222.65,223.9,1109888,17608,224.393689
2021-01-15,222.99,222.99,219.63,219.99,1068880,17290,220.785357
2021-01-19,221.26,224.47,219.17,222.91,1204807,19369,222.52288
2021-01-20,224.0,228.58,223.9,227.51,1124812,17310,226.634566
2021-01-21,226.98,228.9,225.84,228.69,944126,14101,228.055657
2021-01-22,226.35,228.68,225.75,226.91,757324,14457,227.278741
2021-01-25,225.53,227.0,220.1,222.17,1568102,22297,223.238683
2021-01-26,222.85,223.245,219.46,219.85,986180,15147,221.289884
2021-01-27,216.44,217.87,211.9,213.32,1815529,28995,214.291812
2021-01-28,213.83,218.46,210.76,216.85,1398273,18453,215.903512
2021-01-29,215.83,216.5299,210.79,210.93,1143667,18660,212.883303
2021-02-01,213.16,216.35,211.23,215.06,1260406,20015,214.066115
2021-02-02,217.97,219.78,216.14,217.73,1203272,18711,218.221789
2021-02-03,218.85,220.2871,215.23,216.3,1347464,20682,217.028782
2021-02-04,217.01,223.63,216.14,223.51,1449289,18823,220.662737
2021-02-05,225.1,228.07,224.535,227.93,1002496,16359,227.007029
2021-02-08,226.55,228.66,223.69,228.63,814491,15790,226.533164
2021-02-09,234.41,235.58,231.79,233.8,1396785,21729,233.933241
2021-02-10,238.02,241.49,236.2101,240.34,2061133,27519,239.534298
2021-02-11,240.22,241.422,233.11,236.39,1570228,22483,235.887353
2021-02-12,236.51,242.12,235.46,241.27,1301393,19816,240.155184
2021-02-16,242.2,242.62,230.19,232.0,1982578,27974,232.833462
2021-02-17,230.83,230.94,225.55,228.46,1162969,19988,228.993371
2021-02-18,226.51,229.57,225.09,226.18,971786,16076,226.578922
2021-02-19,225.91,228.17,223.0,223.21,1175172,18603,224.745349
2021-02-22,221.33,224.86,221.32,222.49,750070,15727,223.057094
2021-02-23,222.76,224.46,220.2,222.38,728716,17150,222.461118
2021-02-24,221.47,224.49,220.28,223.93,646990,14024,223.3532
2021-02-25,222.74,224.25,217.39,217.93,908912,18026,219.622415
2021-02-26,218.64,219.54,214.06,214.14,1365641,20758,215.705372
2021-03-01,217.04,219.97,216.76,217.75,892696,16537,218.39463
2021-03-02,217.69,219.6,217.65,218.15,968052,15106,218.44518
2021-03-03,217.37,219.03,216.03,216.06,704526,12921,217.310708
2021-03-04,215.46,217.2864,208.59,211.15,1285581,22028,212.400302
2021-03-05,212.94,217.74,208.72,217.01,942151,19812,213.788744
2021-03-08,219.19,222.91,217.68,220.63,1042022,21235,221.156475
2021-03-09,222.37,229.45,221.78,227.1,1553198,22619,227.124511
2021-03-10,227.9,229.93,225.72,227.06,1007605,16223,227.301678
2021-03-11,227.02,229.77,226.275,228.61,845800,14538,228.354224
2021-03-12,229.94,231.7,228.35,229.39,698026,13821,230.237623
2021-03-15,229.91,231.29,228.15,229.86,581032,11648,229.383594
2021-03-16,230.38,232.91,230.05,230.63,661427,14508,230.947363
2021-03-17,232.49,234.82,230.25,233.01,807835,13281,233.15292
2021-03-18,232.91,236.68,230.99,231.07,1026706,17265,233.799591
2021-03-19,232.33,236.54,231.28,234.7,1434749,19321,234.593025
2021-03-22,233.49,234.25,230.28,230.72,729035,14737,231.737613
2021-03-23,229.58,230.95,227.8,229.08,855013,15451,228.952977
2021-03-24,228.34,230.8,228.11,229.68,773659,13682,229.838977
2021-03-25,229.4,231.85,225.6927,231.16,644709,15383,229.385207
2021-03-26,232.79,235.41,229.74,235.31,840540,17642,232.883853
2021-03-29,233.68,236.94,232.6909,235.98,762626,13981,235.239297
2021-03-30,236.11,236.44,232.3,233.95,785383,14094,234.183862
2021-03-31,231.95,232.985,227.76,228.0,1266499,19901,229.548932
2021-04-01,228.03,230.16,226.46,229.62,1199276,20205,228.472866
2021-04-05,231.42,233.0,229.93,230.28,938604,17182,231.128532
2021-04-06,231.25,236.8925,230.97,236.3,1164398,18984,235.404726
2021-04-07,236.23,236.41,233.69,234.94,1346876,20375,235.127548
2021-04-08,222.68,226.765,220.98,224.21,4388218,63010,223.982142
2021-04-09,223.0,225.32,218.62,224.15,2957872,45286,222.039764
2021-04-12,224.72,227.37,223.81,226.31,1157996,19538,226.008192
2021-04-13,225.55,228.71,224.91,226.57,958881,16286,226.897973
2021-04-14,226.12,229.19,226.12,228.82,902545,16925,228.396526
2021-04-15,230.0,234.95,229.0101,234.6,1289966,20500,233.213117
2021-04-16,235.71,239.78,234.485,238.86,1256814,19771,237.94226
2021-04-19,239.53,240.015,236.57,237.6,768708,15905,238.135535
2021-04-20,237.42,240.4,236.295,238.31,941132,15935,238.416301
2021-04-21,238.72,243.44,238.72,241.13,734680,16029,241.430622
2021-04-22,240.34,240.9,237.19,238.33,816406,14814,238.65042
2021-04-23,241.63,242.91,239.59,240.58,649017,13573,241.516643
2021-04-26,240.0,241.02,237.98,238.51,647359,13404,238.754692
2021-04-27,239.51,239.63,237.58,238.35,692202,11705,238.294144
2021-04-28,238.0,239.12,237.185,237.9,681228,12484,237.997377
2021-04-29,238.51,242.47,237.55,241.6,793202,14148,240.96551
2021-04-30,240.68,240.99,238.57,240.32,847389,13377,240.050796
2021-05-03,240.25,244.75,240.0,243.02,971199,15311,242.76907
2021-05-04,242.29,242.6674,239.5,240.0,852749,16298,240.633849
2021-05-05,240.41,242.36,239.45,239.7,644536,13043,240.400382
2021-05-06,240.72,241.69,237.73,241.62,730885,17488,240.404532
2021-05-07,240.62,242.5,239.87,240.92,631502,12551,241.023065
2021-05-10,241.98,242.02,239.12,239.19,956859,18749,240.280099
2021-05-11,237.24,238.19,233.39,234.04,1488398,26808,234.807832
2021-05-12,232.97,234.01,229.57,229.75,1639457,27141,231.609648
2021-05-13,229.24,232.9,228.73,231.0,1801175,26004,231.112682
2021-05-14,232.27,235.49,231.81,234.44,2557916,32329,234.198411
2021-05-17,234.55,237.88,234.35,235.87,1934145,25621,236.107558
2021-05-18,236.45,236.96,234.1,234.11,996181,20169,235.250351
2021-05-19,232.26,233.15,230.53,232.38,1135417,20964,232.03625
2021-05-20,232.8,237.0,232.5501,236.1,1058008,20834,234.857789
2021-05-21,237.01,238.93,236.55,237.28,654225,14949,237.694465
2021-05-24,238.79,239.0,236.2,236.48,814554,14803,237.348565
2021-05-25,240.0,240.04,237.78,237.94,1069044,19149,238.764881
2021-05-26,237.94,238.69,236.63,237.19,1076706,16730,237.524617
2021-05-27,238.24,240.0,236.95,236.99,822638,15629,238.174799
2021-05-28,237.47,240.8,237.2676,239.72,805382,14904,239.62267
2021-06-01,242.4,242.47,236.79,237.35,1246960,24428,237.815323
2021-06-02,238.04,240.02,237.07,239.31,718931,16332,238.980847
2021-06-03,237.26,239.15,236.2635,238.65,866269,16786,238.049399
2021-06-04,240.32,240.6,238.56,239.25,430264,12029,239.237231
2021-06-07,238.37,239.105,236.89,239.08,806460,13445,238.062468
2021-06-08,240.0,240.1,237.435,238.37,727985,12759,238.354241
2021-06-09,237.66,238.54,236.65,236.67,573528,12300,237.32994
2021-06-10,237.05,238.17,236.5,237.17,538963,11432,237.49596
2021-06-11,237.99,238.2,236.57,237.89,463539,8941,237.454797
2021-06-14,237.18,237.345,235.6,236.37,713823,12178,236.355856
2021-06-15,237.44,237.7874,235.5,236.08,515208,11400,236.23713
2021-06-16,235.69,236.16,232.71,233.97,698512,14399,234.308883
2021-06-17,233.51,233.51,229.49,229.74,1122087,22996,230.576947
2021-06-18,226.0,227.18,220.95,221.25,1965208,31808,223.396868
2021-06-21,221.95,226.41,220.97,225.94,1183419,18448,224.717964
2021-06-22,226.03,226.725,224.59,224.7,903290,21062,225.377345
2021-06-23,223.59,225.31,222.0,224.25,1077152,17530,224.104409
2021-06-24,225.28,227.75,224.99,226.0,1009602,18469,226.242371
2021-06-25,225.94,228.9499,225.77,228.6,885129,15145,227.927724
2021-06-28,229.38,230.32,228.44,229.39,950332,17587,229.250286
2021-06-29,230.6,233.0,230.31,230.98,1297656,25058,231.277802
2021-06-30,235.5,238.64,233.82,233.89,2161288,31582,235.65327
2021-07-01,234.02,236.83,231.82,232.03,1144119,20941,233.26515
2021-07-02,231.79,234.18,231.31,231.42,930260,16328,232.303549
2021-07-06,230.12,230.404,227.13,229.46,1007801,19317,229.162194
2021-07-07,229.0,229.53,226.23,227.08,1078164,19914,227.261466
2021-07-08,225.0,228.5914,224.33,227.01,863033,18924,226.63056
2021-07-09,228.5,229.79,226.6,227.69,825000,16043,227.54041
2021-07-12,226.34,226.93,225.385,226.46,673536,15942,226.376856
2021-07-13,227.0,228.725,225.24,225.45,840587,16952,226.622081
2021-07-14,225.92,226.76,224.5628,225.78,578227,13217,225.868211
2021-07-15,225.21,225.33,223.16,224.96,629645,13881,224.573892
2021-07-16,226.6,226.606,223.57,224.01,562799,11288,224.816335
2021-07-19,220.95,222.98,219.77,222.02,1081255,19950,221.617553
2021-07-20,222.55,226.77,222.26,225.17,908460,17964,225.35446
2021-07-21,226.26,228.16,225.27,225.85,633011,12040,226.039159
2021-07-22,226.0,226.0,222.51,223.84,583032,12669,223.724264
2021-07-23,222.9,225.34,222.0,224.58,841915,14082,223.803939
2021-07-26,224.31,225.74,222.8,224.82,912837,16051,224.616203
2021-07-27,224.48,226.5,222.72,226.36,1175038,19976,225.066718
2021-07-28,225.6,227.18,225.6,226.42,728202,13158,226.524258
2021-07-29,227.74,227.9,224.25,224.57,936873,17572,225.153734
2021-07-30,224.32,225.95,223.23,224.34,743448,15277,224.260905
2021-08-02,224.91,225.3,222.22,222.79,764799,15793,223.020667
2021-08-03,222.8,223.58,220.32,221.34,1071336,18694,221.219005
2021-08-04,220.59,221.33,219.06,219.39,1167344,21032,219.589648
2021-08-05,220.61,222.02,218.83,219.51,1087107,15996,219.768289
2021-08-06,219.48,220.99,217.71,218.8,1392245,23796,218.92396
2021-08-09,218.18,219.89,217.01,217.19,935535,17106,217.990245
2021-08-10,217.48,219.54,217.24,218.06,1290197,20820,218.315112
2021-08-11,217.47,218.268,212.75,213.4,2648359,37251,214.285671
2021-08-12,213.85,215.17,211.016,211.94,1579006,27749,212.396961
2021-08-13,213.02,214.685,212.0,213.64,1109522,22173,213.758632
2021-08-16,213.0,214.96,212.96,214.05,1020461,19859,214.114617
2021-08-17,213.45,215.0,212.93,213.31,1421782,22778,213.790385
2021-08-18,212.62,216.23,212.34,214.43,1148462,20120,214.585408
2021-08-19,212.34,215.28,211.7334,213.88,893643,16885,213.491611
2021-08-20,213.56,215.21,213.12,213.83,958255,17606,214.189884
2021-08-23,214.82,217.06,214.01,216.01,996719,18161,215.856651
2021-08-24,216.44,218.025,215.2701,216.83,1334790,18437,217.149921
2021-08-25,216.69,216.69,212.7,214.98,1177910,19994,214.622954
2021-08-26,214.67,214.83,212.45,214.35,711384,16228,213.759634
2021-08-27,213.65,214.3,212.26,212.42,1400469,23933,213.154618
2021-08-30,212.2,212.93,211.36,211.79,754247,15245,212.264003
2021-08-31,211.3,212.24,210.57,211.14,1761687,24526,211.299026
2021-09-01,212.87,215.65,210.68,214.91,1153128,20145,214.064261
2021-09-02,215.38,215.8346,211.79,212.46,1189803,18355,212.755493
2021-09-03,211.9,212.635,210.96,211.83,699416,12740,211.804575
2021-09-07,210.91,211.2,207.35,209.28,1223356,22658,209.320126
2021-09-08,209.28,217.54,209.1,216.97,1559422,23758,215.445132
2021-09-09,215.05,216.44,214.13,216.01,1203661,20763,215.647256
2021-09-10,217.49,217.49,213.91,213.91,658994,13803,214.711061
2021-09-13,215.43,216.08,213.6,214.9,909640,17140,215.061216
2021-09-14,215.56,215.915,214.08,215.59,825555,17710,215.274209
2021-09-15,215.22,219.07,214.8,218.5,1107149,18535,218.152986
2021-09-16,216.71,218.23,214.28,215.45,1700964,24207,215.672435
2021-09-17,214.14,215.44,214.03,214.85,1754221,17845,214.81263
2021-09-20,211.49,212.47,207.85,210.13,1344480,26160,209.985708
2021-09-21,211.29,213.02,208.62,209.08,1069758,16344,209.898064
2021-09-22,210.23,212.61,208.795,211.3,1368333,20983,211.229358
2021-09-23,212.7,214.6,212.7,214.02,1120890,17416,213.98474
2021-09-24,213.72,214.24,212.1501,212.62,620683,13500,212.792136
2021-09-27,212.42,214.05,211.301,211.67,814493,13113,212.295586
2021-09-28,211.67,212.03,209.16,209.96,862661,18323,210.172039
2021-09-29,211.27,213.11,210.5,211.76,1413980,19711,212.129693
2021-09-30,215.17,215.79,210.46,210.69,1171458,20919,212.274824
2021-10-01,211.59,216.14,210.94,213.48,1327140,21087,213.351555
2021-10-04,214.0,215.56,212.4,213.02,1184804,22796,213.613182
2021-10-05,212.95,213.93,210.5886,213.06,1532400,19827,213.073648
2021-10-06,213.03,217.25,210.25,211.62,2222591,30598,212.569664
2021-10-07,213.49,218.53,212.55,216.51,2028080,29311,216.690785
2021-10-08,216.15,222.0,215.41,219.66,1660806,29308,219.375152
2021-10-11,220.68,222.34,219.3,219.7,1121340,19716,220.722331
2021-10-12,219.02,220.52,218.19,218.84,1016562,16611,219.163393
2021-10-13,221.99,222.39,218.0002,219.13,732316,14565,219.246522
2021-10-14,220.0,221.96,219.22,220.37,871679,15068,220.745114
2021-10-15,221.05,221.33,218.73,218.95,945135,12755,219.547268
2021-10-18,218.0,218.59,215.52,215.6,1023613,15794,216.62155
2021-10-19,215.79,216.71,213.46,216.24,929513,18707,215.085665
2021-10-20,216.66,219.34,215.95,218.15,675508,14427,217.591476
2021-10-21,218.09,218.68,216.65,218.41,1050766,12467,218.116515
2021-10-22,218.93,219.5,217.36,219.4,554302,9984,218.911605
2021-10-25,218.82,219.99,217.51,217.69,1001580,12342,218.099378
2021-10-26,218.09,219.78,217.36,218.21,560575,13200,218.534324
2021-10-27,218.39,218.39,214.7622,214.95,929089,17240,215.489659
2021-10-28,215.95,217.9,214.86,216.77,879551,15145,216.573973
2021-10-29,215.38,217.7,215.25,216.81,971692,12987,216.594969
2021-11-01,216.91,221.0,216.62,220.21,634795,13306,220.002887
2021-11-02,220.48,221.25,218.8,220.7,643451,13147,220.547414
2021-11-03,219.64,221.6,219.55,220.69,619052,13712,220.731416
2021-11-04,219.5,220.04,217.66,219.36,850360,18267,219.118997
2021-11-05,220.59,222.91,220.2781,222.69,870114,15254,222.135863
2021-11-08,222.68,222.68,219.5,221.78,997060,16552,221.304229
2021-11-09,221.65,222.5,219.62,221.64,706235,14741,221.498538
2021-11-10,222.37,223.54,221.485,222.34,882009,16557,222.556114
2021-11-11,221.53,224.98,220.64,224.75,943073,15393,224.102405
2021-11-12,225.04,227.85,224.59,226.41,911304,18704,226.467512
2021-11-15,227.27,229.57,226.47,228.82,930253,18949,228.428231
2021-11-16,229.0,231.92,228.24,231.13,1231308,21373,230.920527
2021-11-17,231.0,234.4,229.54,234.02,1491106,24901,233.03979
2021-11-18,234.46,237.25,232.96,237.01,1579617,27874,236.103548
2021-11-19,237.8,238.04,234.84,235.4,1676635,24865,235.952645
2021-11-22,240.0,240.05,228.72,234.3,1825755,26066,234.35323
2021-11-23,234.42,237.61,233.75,237.06,901150,16778,235.957559
2021-11-24,236.5,236.745,230.25,232.5,1189750,20182,232.18058
2021-11-26,229.02,230.0,227.01,229.32,740119,15070,228.727918
2021-11-29,230.56,230.598,224.42,226.97,1555991,26699,226.835951
2021-11-30,225.3,226.87,222.212,225.33,1778088,28665,225.446809
2021-12-01,227.16,229.19,223.11,223.19,948932,19969,226.255962
2021-12-02,224.39,226.17,222.8,225.26,1240234,22247,224.587901
2021-12-03,226.26,226.41,223.325,226.19,911932,20190,225.512229
2021-12-06,228.94,232.48,227.86,230.87,866081,20873,230.720838
2021-12-07,232.16,236.09,230.1346,233.83,1126010,21107,234.057643
2021-12-08,233.16,235.41,231.876,234.68,850697,19584,233.755994
2021-12-09,233.4,234.83,232.75,233.5,626757,13911,233.97717
2021-12-10,234.81,235.5,233.0,235.32,612713,14970,234.702995
2021-12-13,234.94,238.01,233.88,237.37,1077520,19805,236.842566
2021-12-14,236.54,237.95,235.0195,236.81,1043088,18581,236.880648
2021-12-15,237.17,241.25,235.8841,241.04,1096824,21339,239.123605
2021-12-16,242.26,243.41,240.41,241.61,977149,21284,241.858799
2021-12-17,239.9,243.0,237.9072,242.25,2630704,24559,241.771816
2021-12-20,240.86,241.1775,234.58,239.45,1364422,22112,237.828538
2021-12-21,241.0,242.99,239.49,241.32,1163332,20467,241.277478
2021-12-22,240.38,243.92,239.31,243.21,940883,16288,242.658502
2021-12-23,244.0,245.33,242.96,244.04,661631,11721,244.019385
2021-12-27,244.04,246.96,243.47,246.8,553747,12379,245.926889
2021-12-28,246.66,249.59,246.4114,248.99,533042,13807,248.918873
2021-12-29,248.72,250.25,247.43,249.78,620234,12320,249.358763
2021-12-30,249.27,250.489,248.9205,249.39,418257,11615,249.647208
2021-12-31,249.06,251.7,249.01,250.97,726596,13950,250.79423
2022-01-03,251.25,253.0388,249.17,252.82,979179,16535,251.645327
2022-01-04,253.27,255.94,253.11,254.6,1106909,24060,254.626284
2022-01-05,253.63,257.29,251.87,253.36,1556791,27072,254.491678
2022-01-06,256.86,257.9999,242.66,244.79,2046428,35303,247.795964
2022-01-07,242.46,248.67,242.0827,246.18,1267947,22319,246.562304
2022-01-10,246.42,247.48,242.06,247.08,1136566,24201,245.565357
2022-01-11,246.55,253.733,244.555,252.69,1171397,21883,251.350241
2022-01-12,251.3,252.0,247.73,248.12,811095,18203,248.65468
2022-01-13,249.08,249.61,246.14,247.03,724210,15321,247.549916
2022-01-14,246.37,249.21,245.21,248.64,797207,18440,247.80414
2022-01-18,246.05,247.51,243.37,243.44,1250693,22799,244.745624
2022-01-19,243.43,245.26,242.75,242.81,731423,16332,243.553463
2022-01-20,242.4,247.91,241.31,243.4,1052949,18882,244.331856
2022-01-21,244.37,245.46,240.25,241.01,984953,20599,242.119541
2022-01-24,240.3,241.245,235.0487,240.06,1539216,27733,238.37112
2022-01-25,236.5,239.68,233.33,236.47,1135164,22223,236.415471
2022-01-26,237.42,239.92,233.59,234.33,2098424,27100,235.657753
2022-01-27,237.16,238.94,232.87,234.77,1014467,23609,235.693858
2022-01-28,233.57,236.54,231.23,236.05,1374566,23744,235.228335
2022-01-31,235.62,238.551,234.442,237.75,996629,20073,237.288241
2022-02-01,238.25,238.5,233.445,235.66,1230403,26965,235.31994
2022-02-02,237.69,240.83,236.1,240.44,1005664,17800,238.886843
2022-02-03,238.52,240.12,235.69,237.86,574043,13406,238.19502
2022-02-04,236.88,238.97,235.69,237.33,734196,15305,237.507178
2022-02-07,238.27,238.27,236.31,237.62,529494,11449,237.514747
2022-02-08,237.29,239.85,236.355,238.9,575311,14004,238.895959
2022-02-09,240.22,241.84,240.2,240.71,541019,12640,240.874599
2022-02-10,238.35,241.12,236.5,237.3,637540,14264,238.194519
2022-02-11,237.74,239.7,234.72,235.94,608433,13510,236.657955
2022-02-14,235.93,236.135,233.01,233.85,532829,12957,234.142166
2022-02-15,234.15,234.67,219.0,219.55,2562310,44646,223.398703
2022-02-16,220.0,223.82,218.71,220.91,1871021,30346,220.834051
2022-02-17,220.15,220.79,216.83,218.87,1301156,20374,218.990102
2022-02-18,218.02,220.3,215.2,215.85,2141829,22885,216.487699
2022-02-22,213.81,217.235,213.5128,216.94,1138214,21536,216.06515
2022-02-23,218.73,219.4452,212.11,212.48,1011363,20020,214.699466
2022-02-24,208.74,215.065,207.5916,215.01,1473560,30488,211.856843
2022-02-25,216.2,217.98,213.94,217.04,1063477,21547,216.693693
2022-02-28,215.0,216.14,213.14,215.62,1476861,19607,215.014737
2022-03-01,215.3,216.9551,212.75,213.65,894470,16196,214.218919
2022-03-02,213.06,216.82,212.63,215.82,722700,14177,215.581088
2022-03-03,216.3,219.2,215.995,218.29,758345,14656,217.868233
2022-03-04,215.99,217.87,213.43,217.66,885016,17307,216.151526
2022-03-07,216.38,216.99,212.15,212.98,868508,16269,213.618284
2022-03-08,212.91,219.08,211.71,214.64,1218901,23539,215.003681
2022-03-09,217.92,219.015,214.55,214.72,775953,17097,215.636254
2022-03-10,212.72,214.24,209.7,213.64,995319,18610,212.519937
2022-03-11,214.77,215.9,212.28,212.39,512315,11751,213.555596
2022-03-14,215.22,220.52,214.21,219.69,865970,19744,219.110989
2022-03-15,221.51,223.31,218.84,222.13,760849,14736,221.417782
2022-03-16,223.39,225.115,217.98,222.34,795031,14369,222.029336
2022-03-17,222.14,224.5,221.21,221.77,625409,11773,222.227123
2022-03-18,222.3,226.66,221.16,225.93,1229868,15707,225.306459
2022-03-21,225.7,227.66,224.66,225.85,435547,11327,225.774289
2022-03-22,227.69,227.86,224.355,227.72,420371,10223,226.935059
2022-03-23,227.02,227.25,224.01,224.52,564892,11023,224.719721
2022-03-24,224.52,226.48,223.7801,226.46,448542,9666,225.926751
2022-03-25,228.25,230.23,227.5,229.41,496627,11245,228.895941
2022-03-28,228.7,229.67,227.37,229.37,503053,10780,228.905648
2022-03-29,231.13,232.32,229.09,231.75,534928,13073,231.090488
2022-03-30,230.99,233.1,229.7,233.08,599864,13647,232.190374
2022-03-31,233.14,233.5,230.23,230.32,696315,13501,231.277825
2022-04-01,230.5,233.88,228.445,233.71,589793,15901,232.377714
2022-04-04,236.1,236.8,228.2701,229.71,934928,20871,230.644028
2022-04-05,227.9,232.54,227.9,230.34,892923,16831,230.773985
2022-04-06,229.97,233.0499,228.17,231.81,996541,21676,231.088633
2022-04-07,236.5,246.5,235.815,242.5,2053157,41465,242.402951
2022-04-08,241.84,246.26,239.61,244.46,1268552,24055,243.942155
2022-04-11,244.24,249.07,244.24,247.51,1251906,27381,247.364708
2022-04-12,246.47,251.83,246.47,248.83,1092394,23683,249.499545
2022-04-13,247.37,250.46,247.34,248.63,775919,16990,248.898599
2022-04-14,250.0,253.86,249.95,251.42,778927,16863,252.066796
2022-04-18,251.42,254.8,251.19,252.82,764562,17195,253.090422
2022-04-19,252.85,256.0948,252.85,253.87,784920,17631,254.311897
2022-04-20,255.0,259.55,253.4,258.78,1041073,18941,257.911095
2022-04-21,259.65,261.525,253.75,254.21,1137185,23171,256.396916
2022-04-22,253.59,255.37,250.64,250.96,1093044,26387,252.823206
2022-04-25,251.44,251.82,246.2,248.74,1264641,23694,248.610943
2022-04-26,248.01,250.945,245.81,247.92,855994,19184,248.611656
2022-04-27,247.92,251.77,247.23,249.31,867414,17630,249.559199
2022-04-28,248.55,251.56,247.52,250.18,601724,16307,249.885764
2022-04-29,249.32,250.48,245.23,246.09,796641,14950,247.297795
2022-05-02,247.26,248.42,242.03,244.03,890698,22146,244.432257
2022-05-03,245.51,247.83,243.75,245.05,1026029,21525,245.61694
2022-05-04,244.17,254.0,243.134,253.6,1113496,21850,250.853237
2022-05-05,251.74,254.51,250.9886,251.91,1799798,36921,252.54233
