Date,Open,High,Low,Close,Volume,OpenInterest
2020-12-04,29.37,29.76,29.31,29.55,34528262,0.0
2020-12-07,29.78,29.78,29.52,29.64,27168749,0.0
2020-12-08,29.49,30.93,29.46,30.8159,65135214,0.0
2020-12-09,31,31.89,30.97,31.45,63435309,0.0
2020-12-10,31.07,31.11,30.48,30.69,39561569,0.0
2020-12-11,30.43,31.09,30.39,31.005,27431980,0.0
2020-12-14,31.23,31.27,30.4,30.55,33556223,0.0
2020-12-15,30.64,30.7,30.28,30.59,25630664,0.0
2020-12-16,30.53,30.59,30.24,30.29,27946998,0.0
2020-12-17,30.04,30.12,29.54,29.615,55931150,0.0
2020-12-18,29.52,29.68,29.26,29.38,53367837,0.0
2020-12-21,28.98,29.21,28.75,29.015,41444656,0.0
2020-12-22,29,29.01,28.32,28.395,53541033,0.0
2020-12-23,28.5,28.93,28.5,28.74,33789455,0.0
2020-12-24,28.73,28.76,28.5,28.7,15939136,0.0
2020-12-28,28.93,28.9591,28.5,28.55,37833798,0.0
2020-12-29,28.69,28.88,28.51,28.55,34321484,0.0
2020-12-30,28.54,28.68,28.43,28.49,32367517,0.0
2020-12-31,28.45,28.8,28.39,28.75,34449554,0.0
2021-01-04,29.39,29.49,29.02,29.45,57868623,0.0
2021-01-05,29.5,29.75,29.19,29.26,53456496,0.0
2021-01-06,29.41,30,29.365,29.82,45932096,0.0
2021-01-07,30.02,30.09,29.68,29.915,45262693,0.0
2021-01-08,29.14,29.21,28.75,29.025,50074529,0.0
2021-01-11,28.74,29.02,28.68,28.87,26921794,0.0
2021-01-12,28.87,28.87,28.51,28.75,77013196,0.0
2021-01-13,28.79,28.8,28.47,28.6,66744738,0.0
2021-01-14,28.65,29.765,28.53,29.29,58152510,0.0
2021-01-15,28.95,29.29,28.8208,29.19,37847454,0.0
2021-01-19,29.28,29.38,28.9,28.95,34953435,0.0
2021-01-20,29,29.01,28.74,28.95,28234230,0.0
2021-01-21,28.91,29.075,28.765,28.83,25235483,0.0
2021-01-22,28.81,29.05,28.571,28.93,31147062,0.0
2021-01-25,28.76,29.18,28.49,29.11,40081070,0.0
2021-01-26,29.1,29.84,29.07,29.7,47372274,0.0
2021-01-27,29.035,30.2,28.96,29.15,66158916,0.0
2021-01-28,29.03,29.72,28.78,28.79,49469750,0.0
2021-01-29,28.78,29.04,28.57,28.63,36931345,0.0
2021-02-01,28.94,28.975,28.33,28.64,41445584,0.0
2021-02-02,28.78,28.82,28.38,28.53,39872244,0.0
2021-02-03,28.51,28.6973,28.45,28.52,31439901,0.0
2021-02-04,28.52,28.89,28.465,28.88,28963343,0.0
2021-02-05,28.98,29.07,28.86,28.935,21544529,0.0
2021-02-08,28.97,28.99,28.62,28.77,28509765,0.0
2021-02-09,28.66,28.78,28.56,28.63,29225367,0.0
2021-02-10,28.64,28.655,28.48,28.56,38497351,0.0
2021-02-11,28.51,28.7,28.46,28.69,31932067,0.0
2021-02-12,28.6,28.84,28.59,28.8,26684901,0.0
2021-02-16,28.8,29.18,28.73,28.965,34665014,0.0
2021-02-17,28.82,29.74,28.8,29.56,48564037,0.0
2021-02-18,29.55,29.59,29.21,29.23,25091408,0.0
2021-02-19,29.29,29.33,28.98,28.99,27052417,0.0
2021-02-22,28.99,29.57,28.98,29.33,32187974,0.0
2021-02-23,29.65,29.81,29.1127,29.1799,45048838,0.0
2021-02-24,29.3,29.59,29.2,29.38,28504762,0.0
2021-02-25,29.16,29.26,28.59,28.63,54606587,0.0
2021-02-26,28.68,28.79,27.89,27.9,65816752,0.0
2021-03-01,28.16,28.45,28.02,28.09,40060623,0.0
2021-03-02,28.08,28.46,28.08,28.22,30686306,0.0
2021-03-03,28.18,28.93,28.18,28.725,50770050,0.0
2021-03-04,28.77,29.32,28.65,28.93,57078967,0.0
2021-03-05,29.01,29.74,28.98,29.62,53724606,0.0
2021-03-08,29.54,30.39,29.42,30,49294584,0.0
2021-03-09,29.9,30.14,29.61,29.635,42787893,0.0
2021-03-10,29.94,30.155,29.57,29.98,39488931,0.0
2021-03-11,29.91,30,29.5,29.53,33737317,0.0
2021-03-12,29.9,30.865,29.7188,29.805,64273705,0.0
2021-03-15,30.02,30.07,29.68,29.925,37734152,0.0
2021-03-16,29.75,30.04,29.69,29.99,30715884,0.0
2021-03-17,30.12,30.23,29.81,30.15,31605690,0.0
2021-03-18,30.07,30.5,29.99,30.01,28849781,0.0
2021-03-19,30.01,30.06,29.62,29.7433,44162205,0.0
2021-03-22,29.78,30.01,29.58,29.99,27137449,0.0
2021-03-23,29.94,30.265,29.81,29.99,30392725,0.0
2021-03-24,30.02,30.29,29.97,30,28726387,0.0
2021-03-25,30,30.185,29.81,30.085,32545119,0.0
2021-03-26,30.24,30.6,30.12,30.305,49148093,0.0
2021-03-29,30.4,30.6457,30.22,30.57,31855292,0.0
2021-03-30,30.62,30.73,30.395,30.73,30985956,0.0
2021-03-31,30.65,30.65,30.2,30.27,37087026,0.0
2021-04-01,30.24,30.48,30.03,30.465,29528987,0.0
2021-04-05,30.6,30.84,30.6,30.7,34261612,0.0
2021-04-06,30.74,30.98,30.69,30.975,30484829,0.0
2021-04-07,31.01,31.15,30.8,30.923,36731587,0.0
2021-04-08,30.34,30.34,29.93,30.005,43955311,0.0
2021-04-09,30.04,30.19,29.91,30.03,30359933,0.0
2021-04-12,30.02,30.16,29.9,29.97,21171163,0.0
2021-04-13,29.88,29.86,29.51,29.6257,33560764,0.0
2021-04-14,29.59,29.795,29.3,29.73,28048606,0.0
2021-04-15,29.76,29.84,29.68,29.75,22908174,0.0
2021-04-16,29.86,30.03,29.84,29.95,22090223,0.0
2021-04-19,29.99,30.075,29.81,29.995,21908062,0.0
2021-04-20,29.98,30.02,29.85,29.89,23742810,0.0
2021-04-21,29.95,30.235,29.905,30.1,29335205,0.0
2021-04-22,31.29,31.89,31.15,31.35,98249910,0.0
2021-04-23,31.48,31.71,31.4,31.41,33826705,0.0
2021-04-26,31.36,31.38,30.89,30.9051,34347712,0.0
2021-04-27,30.84,30.88,30.63,30.77,29707073,0.0
2021-04-28,30.97,31.15,30.9,30.97,24473953,0.0
2021-04-29,31.13,31.53,31.11,31.34,34711623,0.0
2021-04-30,31.34,31.43,31.05,31.42,24727286,0.0
2021-05-03,31.72,31.85,31.465,31.5066,32694422,0.0
2021-05-04,31.6,32.08,31.55,32.03,46905440,0.0
2021-05-05,32.01,32.18,31.81,32.025,25803554,0.0
2021-05-06,32,32.42,31.97,32.4,25800815,0.0
2021-05-07,32.26,32.36,32.06,32.15,25496679,0.0
2021-05-10,32.28,32.9,32.26,32.62,35164334,0.0
2021-05-11,32.5,32.67,32.08,32.26,29735381,0.0
2021-05-12,32.15,32.295,31.93,31.97,27707977,0.0
2021-05-13,31.83,32.355,31.66,32.205,23982603,0.0
2021-05-14,32.3,32.55,32.22,32.23,18737223,0.0
2021-05-17,33.5,33.88,31.24,31.3701,152929905,0.0
2021-05-18,29.88,30,28.89,29.55,229384776,0.0
2021-05-19,29.04,29.18,28.67,28.96,109700762,0.0
2021-05-20,29.01,29.7,28.91,29.6357,76473069,0.0
2021-05-21,30.01,30.24,29.86,30.02,62007120,0.0
2021-05-24,30.04,30.16,29.73,29.75,41664400,0.0
2021-05-25,29.75,29.75,29.23,29.525,53925578,0.0
2021-05-26,29.52,29.64,29.38,29.55,30538923,0.0
2021-05-27,29.59,29.9,29.57,29.75,31266999,0.0
2021-05-28,29.74,29.71,29.37,29.49,33652728,0.0
2021-06-01,29.48,29.525,29.22,29.32,34435966,0.0
2021-06-02,29.34,29.64,29.15,29.625,35310911,0.0
2021-06-03,29.46,29.565,29.19,29.23,40892232,0.0
2021-06-04,29.26,29.34,29.19,29.28,30921994,0.0
2021-06-07,29.28,29.33,29.01,29.09,29348187,0.0
2021-06-08,29.05,29.04,28.725,28.97,54131335,0.0
2021-06-09,28.95,29.18,28.88,29.02,25216370,0.0
2021-06-10,29.02,29.29,29,29.19,27956812,0.0
2021-06-11,29.22,29.35,29.13,29.3357,26466473,0.0
2021-06-14,29.23,29.275,28.96,29.1,23032271,0.0
2021-06-15,29.06,29.3,29.04,29.29,21252198,0.0
2021-06-16,29.28,29.34,28.99,29.0584,26436735,0.0
2021-06-17,29.04,29.1467,28.71,28.74,30418411,0.0
2021-06-18,28.66,28.765,28.41,28.65,43940879,0.0
2021-06-21,28.72,28.95,28.67,28.9102,24748513,0.0
2021-06-22,28.94,29,28.77,28.78,27234412,0.0
2021-06-23,28.8,28.92,28.64,28.65,20574762,0.0
2021-06-24,28.7,28.84,28.61,28.78,31651365,0.0
2021-06-25,28.74,28.95,28.66,28.89,20848595,0.0
2021-06-28,28.94,28.91,28.75,28.7775,23278493,0.0
2021-06-29,28.8,29.04,28.65,28.66,29636331,0.0
2021-06-30,28.68,28.86,28.65,28.77,23350154,0.0
2021-07-01,28.9,29.22,28.86,29.12,23700755,0.0
2021-07-02,29.1,29.35,29.1,29.24,25489215,0.0
2021-07-06,29.28,29.33,28.95,29.02,33435682,0.0
2021-07-07,29.06,29.07,28.86,28.94,28640950,0.0
2021-07-08,28.26,28.37,28.09,28.19,36502802,0.0
2021-07-09,28.25,28.5375,28.24,28.45,29400766,0.0
2021-07-12,28.36,28.58,28.23,28.48,21957361,0.0
2021-07-13,28.48,28.62,28.22,28.27,25770061,0.0
2021-07-14,28.23,28.36,28.16,28.27,29701908,0.0
2021-07-15,28.24,28.5,28.205,28.435,24180075,0.0
2021-07-16,28.46,28.63,28.3,28.34,21140913,0.0
2021-07-19,28.1,28.2,27.5,27.81,51715555,0.0
2021-07-20,27.7,28.18,27.65,27.92,30428804,0.0
2021-07-21,28.05,28.3,27.85,27.88,26747935,0.0
2021-07-22,28.25,28.35,27.74,28.01,33292085,0.0
2021-07-23,28.01,28.207,27.935,28.15,27935761,0.0
2021-07-26,28.08,28.24,28.01,28.19,32242673,0.0
2021-07-27,28.03,28.395,27.88,28.2,30455784,0.0
2021-07-28,28.15,28.29,27.86,28.02,27728748,0.0
2021-07-29,28.19,28.45,28.11,28.29,28329209,0.0
2021-07-30,28.35,28.4,28.01,28.06,26667382,0.0
2021-08-02,28.19,28.55,28.03,28.11,29647251,0.0
2021-08-03,28.14,28.25,27.91,28.2,26479912,0.0
2021-08-04,28.08,28.12,27.81,27.85,26647495,0.0
2021-08-05,27.88,28.01,27.86,27.93,19230828,0.0
2021-08-06,27.93,28.09,27.91,27.96,18827614,0.0
2021-08-09,27.98,28,27.81,27.85,19774246,0.0
2021-08-10,27.83,28.11,27.77,28.09,19401211,0.0
2021-08-11,28.07,28.22,28.02,28.16,17563465,0.0
2021-08-12,28.17,28.22,27.95,28.02,17007667,0.0
2021-08-13,28.02,28.26,28,28.2,18705430,0.0
2021-08-16,28.08,28.29,27.98,28.19,16467794,0.0
2021-08-17,28.11,28.27,28.0133,28.19,17898982,0.0
2021-08-18,28.14,28.1497,27.8,27.81,23944465,0.0
2021-08-19,27.8,27.85,27.5,27.53,34524997,0.0
2021-08-20,27.52,27.84,27.43,27.58,24587843,0.0
2021-08-23,27.65,27.72,27.5,27.52,24889285,0.0
2021-08-24,27.53,27.56,27.37,27.45,26516341,0.0
2021-08-25,27.47,27.52,27.34,27.43,19697072,0.0
2021-08-26,27.4,27.42,27.01,27.025,33896763,0.0
2021-08-27,27.04,27.195,26.88,27.12,29196172,0.0
2021-08-30,27.14,27.3,27.05,27.225,25407829,0.0
2021-08-31,27.22,27.495,27.12,27.425,29236034,0.0
2021-09-01,27.44,27.46,27.14,27.19,25821014,0.0
2021-09-02,27.2,27.87,27.16,27.65,57054315,0.0
2021-09-03,27.64,27.75,27.32,27.555,25033925,0.0
2021-09-07,27.44,27.55,27.365,27.42,21853381,0.0
2021-09-08,27.48,27.735,27.46,27.605,25291942,0.0
2021-09-09,27.57,27.67,27.41,27.42,25161744,0.0
2021-09-10,27.47,27.49,27.16,27.18,25858882,0.0
2021-09-13,27.34,27.75,27.33,27.52,35285559,0.0
2021-09-14,27.58,27.61,27.25,27.33,24963393,0.0
2021-09-15,27.37,27.65,27.31,27.56,29477889,0.0
2021-09-16,27.56,27.74,27.4441,27.58,23865082,0.0
2021-09-17,27.44,27.94,27.42,27.53,30997276,0.0
2021-09-20,27.33,27.37,26.94,27.26,43285259,0.0
2021-09-21,27.28,27.43,26.95,26.955,30574144,0.0
2021-09-22,27.02,27.2058,26.99,26.99,28031271,0.0
2021-09-23,27.09,27.29,27.0218,27.19,31141290,0.0
2021-09-24,27.15,27.38,27.1,27.13,21571178,0.0
2021-09-27,27.17,27.65,27.15,27.41,28706374,0.0
2021-09-28,27.44,27.74,27.19,27.25,28592757,0.0
2021-09-29,27.28,27.57,27.17,27.4,27509520,0.0
2021-09-30,27.47,27.51,27.01,27.015,37034744,0.0
2021-10-01,27.16,27.4,27.01,27.17,27239152,0.0
2021-10-04,27.24,27.455,27.09,27.26,36675476,0.0
2021-10-05,27.33,27.48,27.165,27.34,28551209,0.0
2021-10-06,27.28,27.335,26.97,27.31,51848968,0.0
2021-10-07,27,27.23,26.97,27.085,39464416,0.0
2021-10-08,27.07,27.119,26.75,26.77,34182894,0.0
2021-10-11,26.72,26.77,26.03,26.03,60301271,0.0
2021-10-12,26.03,26.0257,25.36,25.43,72291242,0.0
2021-10-13,25.32,25.46,25.01,25.305,53284618,0.0
2021-10-14,25.4,25.81,25.35,25.62,50289007,0.0
2021-10-15,25.69,25.94,25.65,25.7,42641022,0.0
2021-10-18,25.54,25.65,25.28,25.33,41414178,0.0
2021-10-19,25.47,25.6,25.265,25.58,32467130,0.0
2021-10-20,25.64,26.09,25.56,25.91,43878515,0.0
2021-10-21,26.13,26.29,25.6,25.75,49708339,0.0
2021-10-22,25.76,25.8,25.465,25.48,31364217,0.0
2021-10-25,25.46,25.66,25.32,25.64,40464168,0.0
2021-10-26,25.64,25.7,25.35,25.37,32874475,0.0
2021-10-27,25.4,25.475,25.04,25.065,36220300,0.0
2021-10-28,25.13,25.635,25.09,25.545,49366240,0.0
2021-10-29,25.36,25.52,25.15,25.25,41654453,0.0
2021-11-01,25.44,25.58,25.345,25.38,36260838,0.0
2021-11-02,25.41,25.48,25.13,25.23,29643612,0.0
2021-11-03,25.15,25.33,25.11,25.175,33292253,0.0
2021-11-04,25.13,25.25,24.54,24.807,59326851,0.0
2021-11-05,24.85,25.31,24.83,25.09,40355608,0.0
2021-11-08,25.06,25.13,24.73,24.87,41963383,0.0
2021-11-09,24.8,24.85,24.58,24.7137,42636847,0.0
2021-11-10,24.68,25.13,24.66,24.96,41855966,0.0
2021-11-11,24.95,25.1,24.88,24.91,26194642,0.0
2021-11-12,24.96,25.075,24.91,24.94,24158176,0.0
2021-11-15,24.96,25.05,24.74,24.8,36527519,0.0
2021-11-16,24.79,24.89,24.63,24.67,30969086,0.0
2021-11-17,24.63,24.72,24.56,24.665,26987073,0.0
2021-11-18,24.64,24.69,24.39,24.4,33369716,0.0
2021-11-19,24.33,24.34,23.96,24.13,46572305,0.0
2021-11-22,24.1,24.86,24.07,24.7,48919782,0.0
2021-11-23,24.69,24.99,24.69,24.76,38297938,0.0
2021-11-24,24.7,24.7184,24.43,24.47,30346697,0.0
2021-11-26,24.1,24.32,24.01,24.21,26412104,0.0
2021-11-29,24.25,24.26,23.85,23.885,47943262,0.0
2021-11-30,23.64,23.68,22.55,22.84,111281109,0.0
2021-12-01,22.99,23.195,22.22,22.22,74603024,0.0
2021-12-02,22.29,23.26,22.28,23.05,68895096,0.0
2021-12-03,23.02,23.53,22.91,23.465,59816373,0.0
2021-12-06,23.57,23.94,23.23,23.29,53499810,0.0
2021-12-07,23.295,23.37,22.97,23.09,55537485,0.0
2021-12-08,23.05,23.565,22.98,23.16,42605960,0.0
2021-12-09,23.03,23.07,22.68,22.95,44930076,0.0
2021-12-10,22.98,23.05,22.75,22.85,34772419,0.0
2021-12-13,22.73,22.8,22.285,22.45,40284510,0.0
2021-12-14,22.35,22.73,22.25,22.3,62144515,0.0
2021-12-15,22.3,22.4,22.02,22.15,59241407,0.0
2021-12-16,22.63,23.89,22.65,23.71,103621697,0.0
2021-12-17,23.79,23.84,23.28,23.78,67572323,0.0
2021-12-20,24.05,24.29,23.75,24.2,68630691,0.0
2021-12-21,24.32,24.8239,24.195,24.46,66325267,0.0
2021-12-22,24.46,24.835,24.24,24.7764,47422053,0.0
2021-12-23,24.84,25.02,24.809,24.8699,34564380,0.0
2021-12-27,24.89,25.09,24.625,24.7893,38282192,0.0
2021-12-28,24.71,25.12,24.69,24.84,35234028,0.0
2021-12-29,24.77,24.92,24.6,24.6444,30179117,0.0
2021-12-30,24.7,24.95,24.66,24.7937,37941216,0.0
2021-12-31,24.71,24.825,24.565,24.6,39506932,0.0
2022-01-03,24.75,25.575,24.775,25.43,50812380,0.0
2022-01-04,25.65,25.88,25.44,25.6498,49157563,0.0
2022-01-05,26,26.8199,26,26.21,84212835,0.0
2022-01-06,26.75,26.79,25.94,26.12,60845561,0.0
2022-01-07,25.9,26.515,25.77,26.295,65541420,0.0
2022-01-10,26.39,26.6353,26.2,26.47,52359595,0.0
2022-01-11,26.59,26.73,26.14,26.34,39504860,0.0
2022-01-12,26.3,26.51,26.15,26.46,31368026,0.0
2022-01-13,26.5,27.07,26.323,26.82,44840113,0.0
2022-01-14,26.61,27.23,26.465,27.19,49643400,0.0
2022-01-18,27.21,27.465,26.91,27.32,53234492,0.0
2022-01-19,27.43,27.48,26.78,27.31,46146435,0.0
2022-01-20,27.11,27.41,26.96,27.01,37681935,0.0
2022-01-21,26.84,27,26.445,26.62,54171625,0.0
2022-01-24,26.18,26.58,25.79,26.35,65853043,0.0
2022-01-25,26.16,26.61,25.7,26.48,78546197,0.0
2022-01-26,26.97,26.98,24.06,24.25,128135041,0.0
2022-01-27,24.09,24.525,23.56,24.115,79475101,0.0
2022-01-28,24.07,25.24,23.94,25.21,70517498,0.0
2022-01-31,24.97,25.54,24.62,25.49,50738274,0.0
2022-02-01,24.25,24.6,24.12,24.41,114836517,0.0
2022-02-02,24.21,24.7,24.07,24.54,60320688,0.0
2022-02-03,24.5,24.905,24.435,24.57,40685420,0.0
2022-02-04,24.51,24.5399,23.98,24.0895,44247567,0.0
2022-02-07,24.04,24.08,23.635,23.925,46857159,0.0
2022-02-08,23.89,24.115,23.8223,23.9301,28000316,0.0
2022-02-09,24.02,24.55,23.98,24.5,34798032,0.0
2022-02-10,24.49,24.65,24.21,24.25,36247152,0.0
2022-02-11,24.33,24.46,24.01,24.125,36622646,0.0
