Date,Open,High,Low,Close,volume,trade_count,vwap
2020-12-31,615.0,622.57,613.01,618.85,180344,5544,618.938417
2021-01-04,611.94,616.34,580.2156,587.67,388449,9346,590.914888
2021-01-05,592.87,609.46,590.17,599.22,172279,5525,598.180693
2021-01-06,600.9,613.45,595.66,598.9,198186,6468,602.794813
2021-01-07,604.72,618.74,599.9,605.18,214347,6916,607.363247
2021-01-08,604.13,614.73,604.13,613.26,201882,6946,611.644303
2021-01-11,607.18,614.71,607.18,612.92,161848,5064,612.609636
2021-01-12,612.0,619.76,612.0,617.91,128511,4959,617.093098
2021-01-13,616.15,617.1,604.37,611.01,160204,5522,611.423561
2021-01-14,610.21,616.815,604.03,606.07,243802,8023,610.773605
2021-01-15,605.56,605.56,584.5,584.99,212851,6513,589.389232
2021-01-19,594.27,594.51,572.365,573.41,343336,9791,577.620404
2021-01-20,573.41,585.15,571.774,577.49,262702,8974,578.106149
2021-01-21,574.28,577.41,566.73,573.98,213336,6452,572.34055
2021-01-22,571.89,578.775,569.79,576.4,179504,5766,576.15385
2021-01-25,573.64,573.64,555.91,560.11,686483,9761,554.59124
2021-01-26,563.63,568.89,543.49,544.22,263688,8951,553.548517
2021-01-27,532.9,546.66,517.37,518.59,551950,13780,527.358291
2021-01-28,527.44,560.22,525.39,555.73,451555,11740,551.920589
2021-01-29,555.14,560.8,537.84,553.28,460557,11854,551.926536
2021-02-01,559.46,573.09,555.5,570.31,347712,11674,566.7618
2021-02-02,579.45,595.765,577.13,589.4,417854,11913,588.166005
2021-02-03,585.75,601.06,585.75,599.31,422785,9023,596.290665
2021-02-04,603.54,610.6,600.06,610.0,350238,8688,607.794001
2021-02-05,616.82,617.4499,601.74,605.0,294883,6806,606.790648
2021-02-08,606.87,610.0,597.06,600.17,357575,7519,601.857989
2021-02-09,597.9,611.555,586.48,596.64,286028,9728,599.286896
2021-02-10,593.74,597.64,572.76,579.72,336812,9475,581.030551
2021-02-11,578.06,586.32,572.91,575.02,289972,8797,576.908655
2021-02-12,571.43,585.27,568.88,576.49,256922,6025,578.267799
2021-02-16,578.91,581.305,570.61,572.55,230473,7575,574.48208
2021-02-17,569.38,574.56,563.83,570.37,183513,6685,569.695191
2021-02-18,564.0,578.81,561.63,576.54,215300,7662,572.801431
2021-02-19,579.36,600.71,578.765,600.5,254978,7336,596.06707
2021-02-22,595.39,599.78,589.02,590.13,260265,8835,594.78036
2021-02-23,592.46,606.67,581.97,604.3,310148,9767,599.351719
2021-02-24,606.23,625.05,605.05,609.15,325887,9848,614.306862
2021-02-25,605.86,605.86,573.96,576.65,322583,10312,585.170647
2021-02-26,582.37,583.305,571.7,576.67,214016,7467,578.306958
2021-03-01,588.06,604.45,588.06,596.87,190736,7341,597.639135
2021-03-02,596.39,600.9785,591.83,596.75,193042,6906,597.536901
2021-03-03,594.91,604.15,589.49,590.11,208389,6952,596.485398
2021-03-04,587.23,592.7,564.46,572.27,365515,10115,575.871104
2021-03-05,578.61,598.17,562.75,596.93,424445,12644,582.857282
2021-03-08,602.29,611.83,596.58,606.3,277525,10595,605.701317
2021-03-09,610.19,610.2,589.47,589.48,325395,10390,597.183263
2021-03-10,591.44,603.9,585.2,599.37,138999,6573,596.177113
2021-03-11,597.68,606.28,594.95,597.29,234002,5931,599.487746
2021-03-12,600.01,620.02,600.01,619.89,283565,6804,615.927176
2021-03-15,621.05,626.0,612.38,617.46,226094,8284,618.696508
2021-03-16,616.63,616.63,602.47,606.78,206604,6855,607.671067
2021-03-17,609.16,615.59,604.35,610.45,182895,6219,609.897925
2021-03-18,608.13,613.66,595.81,597.61,174390,6305,603.045243
2021-03-19,594.02,608.77,587.86,601.52,311427,6712,600.425123
2021-03-22,601.53,602.1,590.755,597.36,156707,5304,597.30725
2021-03-23,591.02,594.86,580.01,582.95,206773,6623,586.03799
2021-03-24,585.95,602.595,585.95,592.82,246542,7679,597.686027
2021-03-25,590.31,590.35,575.78,586.22,292693,10904,585.715886
2021-03-26,590.63,590.63,575.475,586.44,276416,10175,582.92822
2021-03-29,586.47,592.7,575.36,579.18,220661,8370,580.191715
2021-03-30,580.51,587.05,576.67,584.63,169852,6514,584.372516
2021-03-31,590.75,594.78,583.01,587.92,406351,10171,588.46359
2021-04-01,590.36,605.3,588.375,603.71,301683,11036,600.254201
2021-04-05,609.16,615.75,600.06,603.77,280474,8316,606.641807
2021-04-06,597.89,619.05,597.89,614.38,216270,8831,614.157756
2021-04-07,613.07,613.07,601.18,606.45,147511,6357,605.648333
2021-04-08,603.44,616.89,600.69,616.1,157098,7366,612.472218
2021-04-09,614.43,615.56,607.6,615.24,139171,5908,613.074066
2021-04-12,613.45,623.65,611.0,623.64,131409,8905,619.600049
2021-04-13,618.99,625.57,613.34,618.33,206916,9047,621.218094
2021-04-14,621.27,633.04,615.7615,628.92,214469,7605,628.443975
2021-04-15,629.85,629.85,619.11,623.79,245156,10045,622.470566
2021-04-16,626.64,629.4,613.06,617.49,333210,8967,618.898703
2021-04-19,612.65,615.31,601.74,606.0,212643,10656,605.813086
2021-04-20,601.42,601.42,583.73,595.75,299810,9738,591.825548
2021-04-21,595.0,598.58,591.79,596.19,275099,9180,596.044238
2021-04-22,598.0,605.17,593.69,593.79,151472,6582,597.439985
2021-04-23,593.52,598.0,585.48,595.33,324744,8049,592.512894
2021-04-26,596.7,605.14,596.23,603.95,185476,6287,602.449376
2021-04-27,604.92,612.04,601.81,602.46,161521,5984,604.732451
2021-04-28,601.68,607.83,600.36,605.26,155968,5414,604.269488
2021-04-29,611.38,614.67,604.2,610.0,139575,6399,609.328993
2021-04-30,606.1,614.55,604.28,613.74,334162,9836,611.843388
2021-05-03,617.22,622.565,607.12,607.85,200744,7272,611.47777
2021-05-04,607.21,608.485,593.0,596.66,234817,8525,596.259415
2021-05-05,598.69,603.69,591.28,595.5,301110,8935,594.996337
2021-05-06,599.03,599.7,585.0,599.04,293996,8906,592.054832
2021-05-07,597.0,609.97,597.0,607.99,175630,7046,606.103419
2021-05-10,610.0,614.565,600.72,601.37,350413,11090,606.902998
2021-05-11,599.72,607.6,582.14,600.06,432183,11564,598.826245
2021-05-12,600.02,601.51,576.98,578.24,384201,11615,583.123346
2021-05-13,583.02,595.425,581.35,586.57,286342,9239,588.433772
2021-05-14,591.46,600.56,587.355,597.41,156111,6234,595.644314
2021-05-17,594.49,598.93,588.27,596.45,216978,7271,594.443441
2021-05-18,594.11,596.22,588.53,590.51,224305,7966,592.214945
2021-05-19,581.24,588.295,576.53,587.63,216482,10272,583.801092
2021-05-20,587.72,605.73,586.28,603.52,272893,9002,601.581825
2021-05-21,608.0,609.57,600.125,601.0,295404,6717,602.491392
2021-05-24,605.91,617.83,600.455,614.92,251822,8104,613.229471
2021-05-25,614.9,618.54,611.165,612.72,154685,6739,613.572218
2021-05-26,615.38,622.56,613.55,621.04,285059,9475,618.97118
2021-05-27,634.99,650.42,629.74,649.5,825646,21663,643.681879
2021-05-28,648.67,650.68,638.95,648.84,291283,8928,647.340709
2021-06-01,653.68,665.71,653.49,659.97,383039,11488,660.094384
2021-06-02,658.11,664.45,657.12,659.5,395322,11899,660.28277
2021-06-03,653.7,662.0,650.58,660.75,398264,10525,658.354246
2021-06-04,664.19,669.2399,664.19,665.3,467380,10592,666.869999
2021-06-07,664.71,667.26,660.275,662.55,674081,16979,664.762464
2021-06-08,663.42,672.44,663.42,669.0,317849,9822,666.789422
2021-06-09,669.05,669.77,662.285,664.0,260416,6501,664.133243
2021-06-10,668.39,668.39,657.25,660.0,195834,8294,660.694042
2021-06-11,663.72,665.62,656.57,661.94,209571,7263,660.28722
2021-06-14,660.27,669.08,660.27,668.91,335339,9715,667.14051
2021-06-15,669.56,676.64,666.1453,676.5,290191,8855,673.703849
2021-06-16,675.59,679.47,665.06,665.22,299638,9090,669.806975
2021-06-17,665.95,669.02,655.16,667.51,289045,10427,664.700253
2021-06-18,657.77,660.2,650.69,654.93,353890,12313,656.23661
2021-06-21,660.63,672.75,658.62,670.93,267206,8786,669.299018
2021-06-22,671.09,679.13,663.425,679.0,289596,8381,674.908848
2021-06-23,680.0,684.0,677.96,682.63,268892,8968,681.850488
2021-06-24,688.03,688.03,672.87,679.99,252397,7857,678.913018
2021-06-25,680.64,680.995,669.32,673.22,366439,10362,673.300692
2021-06-28,670.55,670.663,653.432,656.3,263899,9573,656.976316
2021-06-29,659.52,660.0,643.755,644.23,285181,11823,648.08756
2021-06-30,645.03,651.89,639.79,647.29,300766,8709,647.923693
2021-07-01,649.32,659.52,649.27,658.98,203277,7659,656.210486
2021-07-02,661.54,662.31,654.28,661.44,129674,5384,659.733341
2021-07-06,660.0,660.0,647.46,656.43,178539,7042,653.73285
2021-07-07,653.51,657.52,647.31,654.37,175972,7773,653.072128
2021-07-08,644.47,652.93,637.9,647.21,188088,8061,645.902696
2021-07-09,656.98,660.43,652.82,660.06,154359,5803,657.657033
2021-07-12,654.74,658.13,649.84,653.66,256110,7096,655.036886
2021-07-13,652.2,656.55,648.13,648.56,214652,5961,651.226513
2021-07-14,650.64,655.13,644.87,645.94,164902,6422,649.141009
2021-07-15,639.25,645.885,634.3875,636.56,167570,6450,638.682169
2021-07-16,640.7,643.28,631.42,633.58,195786,8298,637.283276
2021-07-19,618.34,618.34,593.815,607.66,484234,15022,603.322646
2021-07-20,609.66,638.63,608.62,636.68,295195,11526,633.043434
2021-07-21,643.46,651.275,636.21,648.85,144253,6074,647.451456
2021-07-22,645.68,648.3,640.58,647.23,102075,4346,645.565425
2021-07-23,654.99,654.99,645.56,647.64,130945,5359,648.541639
2021-07-26,647.49,650.78,642.75,650.64,132401,5912,648.631449
2021-07-27,646.95,650.98,643.685,648.51,110513,5190,647.399262
2021-07-28,654.01,656.08,646.695,648.52,148315,6735,649.707313
2021-07-29,653.86,659.16,648.54,654.89,128009,6491,656.132273
2021-07-30,650.35,653.005,638.465,641.09,173898,5793,642.584966
2021-08-02,648.85,650.73,634.68,635.3,198730,8182,641.00549
2021-08-03,636.41,636.41,622.95,631.96,206508,7594,628.446067
2021-08-04,624.31,628.5,615.54,616.11,174609,6375,618.35909
2021-08-05,618.38,630.125,618.38,624.55,163296,6815,624.600895
2021-08-06,630.31,636.32,627.4,629.11,164920,7086,630.299981
2021-08-09,626.0,633.29,618.885,628.51,258832,7866,627.944343
2021-08-10,631.66,636.85,620.25,621.0,279596,9414,625.394018
2021-08-11,621.38,626.775,611.88,624.05,434032,11875,619.928733
2021-08-12,625.04,627.86,604.59,614.37,241146,11072,611.555675
2021-08-13,613.73,615.49,605.05,605.97,159230,6502,607.908256
2021-08-16,601.97,607.37,597.59,603.84,209680,7349,603.76278
2021-08-17,597.19,603.78,595.345,603.45,145634,5465,600.74516
2021-08-18,603.15,609.75,596.4144,603.16,191442,6581,604.107293
2021-08-19,597.0,602.52,587.11,589.47,228210,6720,592.099221
2021-08-20,588.0,599.23,587.08,595.4,187302,6359,595.049922
2021-08-23,599.03,605.98,597.63,603.07,205040,5774,603.550795
2021-08-24,607.82,614.539,606.485,608.3,192409,5569,608.79935
2021-08-25,608.88,610.3,602.22,604.03,146694,5529,605.658697
2021-08-26,604.43,604.43,593.66,594.36,141943,6566,596.116442
2021-08-27,594.36,612.0,594.36,608.75,250590,7656,607.300738
2021-08-30,608.29,610.52,601.77,603.57,163373,6437,606.023542
2021-08-31,602.01,610.79,600.21,607.47,278358,7177,607.358229
2021-09-01,610.87,614.815,604.76,609.5,249284,7581,609.399891
2021-09-02,610.1,615.72,608.39,609.78,146158,6387,611.518962
2021-09-03,607.58,608.7775,597.81,602.27,220673,5988,602.461211
2021-09-07,603.62,604.99,590.02,590.94,374068,13700,594.400021
2021-09-08,591.95,595.45,583.86,585.02,206581,9702,586.714069
2021-09-09,584.57,602.85,581.03,598.07,330734,13329,595.714206
2021-09-10,600.3,608.16,595.295,599.56,283420,10143,601.72565
2021-09-13,606.86,614.3489,601.25,611.74,213967,10455,610.059533
2021-09-14,613.38,615.08,601.8801,614.0,282676,10703,610.494435
2021-09-15,613.99,615.885,602.17,612.96,301269,10303,611.166292
2021-09-16,612.12,613.77,603.83,604.6,175630,8183,606.742071
2021-09-17,598.53,612.87,597.27,609.94,762551,10246,608.658243
2021-09-20,602.58,616.35,599.35,614.86,278555,10242,610.01547
2021-09-21,615.75,620.13,610.05,613.75,197285,8426,615.194141
2021-09-22,618.8,633.57,618.33,629.09,252940,10088,627.981802
2021-09-23,632.5,640.16,629.74,638.19,281133,9523,636.978873
2021-09-24,634.88,645.16,630.81,644.42,213711,7848,640.718884
2021-09-27,648.74,654.32,644.98,648.82,348726,10736,650.221888
2021-09-28,649.44,649.54,631.19,638.29,236970,10255,637.714525
2021-09-29,644.12,648.66,633.77,634.5,197682,7963,639.555137
2021-09-30,636.42,636.42,623.78,624.57,367798,10925,626.896202
2021-10-01,630.96,656.57,630.08,652.93,438389,11598,649.395906
2021-10-04,653.61,653.61,636.57,644.01,220189,9025,643.731755
2021-10-05,646.46,651.45,642.105,645.28,180403,5803,646.786088
2021-10-06,636.75,651.63,631.12,650.59,188881,8005,644.155185
2021-10-07,656.09,658.2357,647.27,648.03,167397,6861,651.473843
2021-10-08,645.48,649.495,640.68,644.06,143718,4395,644.63431
2021-10-11,643.58,648.44,636.55,637.14,105798,4347,641.377777
2021-10-12,638.69,642.34,629.8,631.23,180166,6735,634.137018
2021-10-13,630.69,633.82,622.09,631.99,225946,7318,630.266421
2021-10-14,639.94,639.94,631.3417,635.74,273097,7567,635.981027
2021-10-15,641.97,644.24,639.26,639.47,255409,8144,640.887746
2021-10-18,633.63,640.215,628.82,639.99,162367,6195,636.712014
2021-10-19,645.41,650.335,638.87,647.04,214996,8423,645.728458
2021-10-20,640.52,648.355,638.33,643.35,179389,6621,643.332485
2021-10-21,640.81,650.01,639.82,650.0,181369,6965,644.305844
2021-10-22,654.41,655.91,644.73,648.23,162669,5682,649.105491
2021-10-25,645.38,645.38,632.47,636.1,198335,7443,636.540988
2021-10-26,637.57,647.92,635.705,642.94,240759,7398,642.481438
2021-10-27,645.62,646.93,628.62,629.22,202252,7715,635.113153
2021-10-28,627.96,631.79,624.49,628.39,228943,7922,628.023193
2021-10-29,626.79,630.51,617.98,623.82,253342,7920,624.008429
2021-11-01,624.09,631.93,623.935,630.54,188259,8538,628.892984
2021-11-02,631.56,636.265,625.86,629.75,200508,6922,630.722504
2021-11-03,626.47,628.735,618.29,623.0,214278,7570,623.195291
2021-11-04,623.53,630.03,621.02,629.18,213347,6924,627.194694
2021-11-05,641.54,665.98,634.95,665.14,374454,10699,657.325223
2021-11-08,667.12,675.03,660.13,674.58,356055,10084,670.733948
2021-11-09,675.49,685.22,670.6,685.0,239188,7478,680.473503
2021-11-10,682.16,686.06,672.755,677.25,308180,8661,678.952098
2021-11-11,676.61,676.61,656.18,656.21,166734,6971,660.577041
2021-11-12,654.67,661.33,635.39,643.0,355620,10485,645.535571
2021-11-15,648.45,656.59,641.75,653.74,250023,8783,650.444636
2021-11-16,657.0,672.21,645.98,647.09,301290,9691,656.860767
2021-11-17,647.11,662.145,639.22,658.93,277535,9641,652.216567
2021-11-18,660.55,665.13,655.0,660.61,269457,7470,661.374044
2021-11-19,658.45,658.45,626.28,631.84,406242,12856,635.346906
2021-11-22,632.28,642.28,628.92,629.63,294378,9466,635.191176
2021-11-23,642.12,642.93,619.69,625.25,560313,12026,628.098684
2021-11-24,624.02,628.68,615.665,618.0,482995,11092,619.611129
2021-11-26,582.0,586.21,558.92,561.29,1104812,18845,563.769988
2021-11-29,573.41,586.79,558.11,584.22,1271254,26024,573.056813
2021-11-30,577.91,587.345,568.32,578.05,788225,16710,577.437644
2021-12-01,592.61,593.87,552.715,553.37,647979,18244,570.991462
2021-12-02,562.87,582.94,558.405,581.99,481190,14473,577.846986
2021-12-03,581.23,584.29,573.455,583.9,302712,9582,578.902417
2021-12-06,594.51,610.57,587.89,601.62,375330,12728,604.35075
2021-12-07,608.27,616.655,601.5,603.36,386015,10830,608.061774
2021-12-08,606.03,616.43,605.43,612.57,189528,7061,612.260196
2021-12-09,604.4,610.94,603.82,605.64,150739,6222,606.957509
2021-12-10,610.25,610.25,600.36,605.31,169357,6448,604.403362
2021-12-13,601.01,601.82,578.29,591.9,350519,11800,587.793976
2021-12-14,589.73,597.3,581.47,583.74,221615,9577,586.002991
2021-12-15,583.89,588.48,568.09,582.59,308553,11280,578.9004
2021-12-16,592.24,593.52,576.59,576.64,234943,9874,581.98286
2021-12-17,579.54,592.0,568.785,583.88,362475,9577,583.036348
2021-12-20,571.65,584.165,571.05,581.06,227153,9044,579.167135
2021-12-21,587.9,609.99,587.64,609.29,259536,9239,605.853605
2021-12-22,605.36,616.23,603.665,614.7,190819,7745,613.679456
2021-12-23,620.0,634.79,616.19,628.0,201550,8009,629.22325
2021-12-27,627.2,630.78,623.17,627.5,153209,6072,626.903049
2021-12-28,625.22,636.53,625.22,630.5,110699,6359,630.413391
2021-12-29,625.72,631.97,625.44,630.51,108727,4754,629.024983
2021-12-30,629.26,642.24,629.26,634.41,168199,7262,637.239866
2021-12-31,633.11,640.475,631.01,636.28,150003,6068,636.768861
2022-01-03,638.92,643.72,631.62,641.59,305857,9150,639.466452
2022-01-04,650.0,651.05,636.46,644.03,305528,9846,642.800724
2022-01-05,646.39,657.39,642.34,647.84,418573,13832,650.398034
2022-01-06,653.5,659.07,644.41,644.76,365487,10750,648.170712
2022-01-07,651.28,669.03,651.28,654.21,313533,11314,659.223387
2022-01-10,652.76,655.495,633.16,644.0,237923,9437,641.940672
2022-01-11,644.51,654.05,637.5,653.43,163013,5893,648.471331
2022-01-12,656.15,662.69,654.93,658.59,156226,6557,659.460441
2022-01-13,663.52,666.21,642.13,650.6,376813,10015,651.777186
2022-01-14,644.43,647.13,633.715,645.38,272921,9067,642.422722
2022-01-18,637.66,639.99,626.55,630.74,381737,11019,631.593022
2022-01-19,633.01,643.41,626.71,630.25,205061,7696,634.161042
2022-01-20,631.26,643.18,627.75,629.09,236936,8342,633.745023
2022-01-21,629.01,630.27,609.63,616.62,284548,9651,620.162776
2022-01-24,600.27,621.86,590.1,621.27,305551,12826,606.078204
2022-01-25,609.07,621.09,596.345,614.6,311767,8602,612.915473
2022-01-26,621.4,633.275,604.16,612.59,216415,8776,618.994187
2022-01-27,621.12,625.76,590.11,593.88,256887,9153,601.697369
2022-01-28,590.01,604.27,575.03,604.15,346324,12739,592.191646
2022-01-31,599.0,616.87,599.0,616.19,211089,8696,611.530205
2022-02-01,615.82,627.4,610.38,624.48,231116,8303,621.965295
2022-02-02,620.4,629.81,612.26,628.07,213598,8786,624.421261
2022-02-03,625.25,626.29,614.5,619.32,192866,8580,621.058298
2022-02-04,613.7,626.49,610.22,619.63,339653,9670,619.044695
2022-02-07,623.07,637.83,621.835,633.24,402076,13652,633.215333
2022-02-08,609.2,649.17,609.2,645.82,453724,14763,637.619638
2022-02-09,650.0,665.66,648.57,650.25,354173,10995,652.705457
2022-02-10,645.4,661.74,643.98,649.24,294592,10820,651.974513
2022-02-11,651.09,655.02,633.14,638.33,325625,11601,642.518053
2022-02-14,642.69,646.75,626.86,630.74,235875,10455,634.457209
2022-02-15,639.16,656.43,636.08,656.21,304723,9641,652.871543
2022-02-16,657.66,670.63,652.63,667.97,241167,9504,663.489023
2022-02-17,664.06,664.06,652.69,657.8,235751,8195,657.48903
2022-02-18,658.59,661.27,648.375,648.96,225804,8371,652.506799
2022-02-22,650.01,654.5375,640.0,646.1,259825,10070,647.393271
2022-02-23,654.31,658.95,625.08,627.12,311850,10217,634.931716
2022-02-24,609.93,649.765,608.835,649.18,423820,15885,633.8368
2022-02-25,653.9,667.59,650.19,662.45,344936,11688,661.74161
2022-02-28,657.97,674.49,654.14,666.59,347478,14333,664.58914
2022-03-01,663.78,667.41,650.92,654.83,511306,18655,657.696034
2022-03-02,659.56,681.42,656.515,675.51,473876,16802,674.40554
2022-03-03,678.03,678.03,653.36,654.49,343764,11672,659.69173
2022-03-04,649.05,649.05,624.54,633.06,493965,17346,632.95732
2022-03-07,637.14,637.14,591.95,591.97,610595,21953,604.893045
2022-03-08,593.45,609.47,586.83,596.83,565080,19328,599.149246
2022-03-09,615.27,639.015,611.61,633.93,392672,14173,632.120098
2022-03-10,620.33,647.47,620.33,633.68,305511,14056,636.383022
2022-03-11,638.54,646.92,623.27,623.99,284217,10615,632.785943
2022-03-14,625.33,632.43,613.87,618.43,489000,13271,620.682203
2022-03-15,628.55,648.73,624.37,646.03,330377,12479,639.035194
2022-03-16,651.63,668.145,640.14,656.0,350692,13113,655.644212
2022-03-17,650.0,663.49,650.0,663.02,280320,10325,660.091016
2022-03-18,671.96,671.96,656.47,661.36,607836,11183,661.825809
2022-03-21,653.3,658.66,647.1001,655.29,260533,9442,654.024306
2022-03-22,658.31,674.47,656.08,671.68,302999,8993,669.998367
2022-03-23,665.64,674.17,659.67,660.84,164013,8072,664.314819
2022-03-24,663.49,676.12,662.365,675.7,224148,9470,673.300742
2022-03-25,677.43,684.62,671.96,675.53,192267,8505,677.310086
2022-03-28,674.24,676.58,659.92,668.62,219124,6857,667.220159
2022-03-29,677.35,684.71,669.26,684.29,275952,11456,680.277385
2022-03-30,683.0,684.72,667.97,672.31,345827,11828,675.055704
2022-03-31,670.59,673.98,651.15,651.54,622673,13616,660.943222
2022-04-01,656.3,667.32,648.735,667.04,485344,15135,661.289562
2022-04-04,668.52,670.32,660.67,669.39,243629,9292,667.653525
2022-04-05,668.16,678.08,650.07,651.43,303026,12865,655.368691
2022-04-06,645.32,651.295,640.585,647.99,306778,10960,646.891824
2022-04-07,645.98,654.94,639.39,651.39,215708,9026,648.401993
2022-04-08,653.08,655.69,640.32,640.82,160002,7017,644.978556
2022-04-11,638.25,647.32,633.36,633.53,177304,7768,638.256449
2022-04-12,635.99,648.05,633.25,636.51,222582,7735,639.072117
2022-04-13,639.74,643.28,633.37,636.17,224075,9040,636.991857
2022-04-14,640.23,648.255,637.049,638.48,324973,9272,639.833774
2022-04-18,639.12,639.12,625.52,633.19,444739,12075,632.449568
2022-04-19,633.19,647.15,633.19,643.74,160116,8337,643.929157
2022-04-20,646.96,649.88,642.22,643.34,144041,5859,645.19893
2022-04-21,658.26,658.26,632.05,634.16,236336,9308,641.491223
2022-04-22,632.0,641.45,623.4,624.01,282893,11556,629.504394
2022-04-25,618.29,627.02,613.52,626.64,301928,11379,622.356103
2022-04-26,619.79,627.0,613.79,613.79,213787,9069,618.536475
2022-04-27,611.4,619.8,603.4503,615.26,257812,12724,614.370229
2022-04-28,620.55,624.24,609.0248,618.83,204519,9592,618.314511
2022-04-29,614.55,617.8,593.605,594.81,281680,10127,601.261977
2022-05-02,594.99,607.41,586.15,602.88,422010,15625,598.731266
2022-05-03,607.75,613.04,597.29,604.22,339977,10955,606.410734
2022-05-04,602.79,624.185,596.58,621.73,279604,10104,611.383816
2022-05-05,616.76,617.46,591.54,597.64,310356,12432,599.562388
