Date,Open,High,Low,Close,Volume,OpenInterest
2020-06-02,364.01,364.01,354.01,359.99,297056,0.0
2020-06-03,364.7,369.42,361.5358,365.22,303174,0.0
2020-06-04,361.35,372.68,360.7725,372.55,382870,0.0
2020-06-05,378,385.07,374.13,376.9,320696,0.0
2020-06-08,378.83,383.45,374.71,380.45,525548,0.0
2020-06-09,370.06,371.74,360,366.16,394160,0.0
2020-06-10,366.01,367.165,358.06,362.21,533578,0.0
2020-06-11,346.59,356.06,341.48,341.82,439278,0.0
2020-06-12,354.34,355.82,342.33,342.33,67362,0.0
2020-06-15,321.54,337.79,320.51,335.72,843568,0.0
2020-06-16,347.54,347.54,333.28,337.97,663206,0.0
2020-06-17,340.48,341.19,328.88,332.2,537850,0.0
2020-06-18,329.54,331.885,325.72,327.83,721218,0.0
2020-06-19,330.9,332.78,319.44,321.14,1710004,0.0
2020-06-22,319.81,325.88,314,325.78,270526,0.0
2020-06-23,327.87,329.45,315.87,317.13,291618,0.0
2020-06-24,315.14,316.58,303.1,307.65,279637,0.0
2020-06-25,302.9,308.83,297.84,308.5,225741,0.0
2020-06-26,307.97,308.22,298.2,299.13,264391,0.0
2020-06-29,303.28,307.21,300.02,304.92,192428,0.0
2020-06-30,302.82,312.55,302.35,310.79,175483,0.0
2020-07-01,311.66,314.4787,300.68,304.19,162260,0.0
2020-07-02,306.63,306.955,298.01,298.5,310267,0.0
2020-07-06,304.57,305.18,300.52,304.67,185852,0.0
2020-07-07,303.26,304.975,296.48,296.94,186986,0.0
2020-07-08,299.3,302.53,296.27,302.2,286193,0.0
2020-07-09,301.09,301.09,289.19,290.87,168684,0.0
2020-07-10,290.56,297.49,289.78,296.24,310327,0.0
2020-07-13,299.09,304.385,294.86,295.68,217795,0.0
2020-07-14,294.25,303.34,292.411,303.2,205669,0.0
2020-07-15,314.72,323.68,312.29,321.78,274833,0.0
2020-07-16,321.01,327.72,319.51,322.94,194454,0.0
2020-07-17,325.42,326.94,322.28,326.35,182444,0.0
2020-07-20,324.85,327.215,322.2,325.14,134634,0.0
2020-07-21,326.92,331.85,326.61,329.76,148099,0.0
2020-07-22,329.08,341.19,329.08,337.23,289448,0.0
2020-07-23,338.88,339.01,320.82,321.91,254027,0.0
2020-07-24,317.27,318.64,307.48,309.29,218046,0.0
2020-07-27,308.91,309.46,305.28,307.28,127970,0.0
2020-07-28,304.62,308.31,302.3643,304.16,261896,0.0
2020-07-29,307.15,307.15,303.11,303.9997,348928,0.0
2020-07-30,301.57,306.2096,298.78,304.35,462523,0.0
2020-07-31,304.81,306.83,301.56,306.83,213889,0.0
2020-08-03,306.69,311.86,303.31,310.82,310176,0.0
2020-08-04,311.85,315.35,311.24,315.35,260522,0.0
2020-08-05,316.47,323.45,316.47,323.02,256082,0.0
2020-08-06,320.57,322.83,318.97,321.93,270954,0.0
2020-08-07,318.15,324.45,318.15,324.14,277999,0.0
2020-08-10,324.68,330.78,324.68,329.28,267644,0.0
2020-08-11,332.35,336.39,329.865,330.86,287428,0.0
2020-08-12,332.68,335.38,329.365,331.25,380774,0.0
2020-08-13,329.44,332.34,329.44,331.6,107929,0.0
2020-08-14,329,333.47,329,332.34,88727,0.0
2020-08-17,331.86,333.47,329.56,330.38,206358,0.0
2020-08-18,330.28,331.32,319.565,320.09,335874,0.0
2020-08-19,321.62,321.62,315.03,316.84,244552,0.0
2020-08-20,314.05,315.9275,310.7,313.24,321262,0.0
2020-08-21,312.39,314.175,306.83,309.795,217400,0.0
2020-08-24,315.5,316.55,312.36,316.5,176072,0.0
2020-08-25,318.95,320.15,315.32,318.59,305232,0.0
2020-08-26,316.94,322.0523,316.57,320.8,257569,0.0
2020-08-27,322.94,323.545,320.33,321.76,315238,0.0
2020-08-28,323,323.29,316.22,316.34,228198,0.0
2020-08-31,307.02,314.95,304.22,313.51,540908,0.0
2020-09-01,312.28,318.155,311.3,314.89,434504,0.0
2020-09-02,316.5,323.24,313.98,322.8,415310,0.0
2020-09-03,323.95,325.62,315.32,318.73,431952,0.0
2020-09-04,321.34,322.75,313.3,318.03,406324,0.0
2020-09-08,314.64,316.5,310,312.95,338860,0.0
2020-09-09,316.58,317.015,311.515,312.47,359915,0.0
2020-09-10,314.37,314.64,306.45,308.01,385316,0.0
2020-09-11,309.75,315.59,307.99,313.21,185402,0.0
2020-09-14,316.76,324.37,316.405,321.8,189688,0.0
2020-09-15,324.28,324.28,318.55,319.55,154514,0.0
2020-09-16,320.94,326.43,319.79,321.88,146482,0.0
2020-09-17,320.93,326.08,316.28,324.49,127431,0.0
2020-09-18,323.1,326.88,322.2,325.23,175005,0.0
2020-09-21,320.85,320.85,311.36,312.63,119791,0.0
2020-09-22,313.21,318.1,312.34,316.4,68894,0.0
2020-09-23,318.33,319.88,308.8,309.06,73217,0.0
2020-09-24,308.94,313.62,304.54,309.31,88806,0.0
2020-09-25,307.36,312.74,304.23,311.98,107963,0.0
2020-09-28,317.1,320.14,315.11,315.55,142944,0.0
2020-09-29,313.93,315.06,310.38,311.9,185628,0.0
2020-09-30,313.11,315.42,307.61,310.21,289756,0.0
2020-10-01,312.66,314.8,307.22,307.8,234911,0.0
2020-10-02,303.19,312.79,301.76,309.86,155971,0.0
2020-10-05,313.44,317.62,313.36,315.45,177782,0.0
2020-10-06,318.36,322.28,313.105,314.92,335860,0.0
2020-10-07,317.23,319.86,315.3,317.87,271301,0.0
2020-10-08,317.71,325.72,317.66,325.48,151713,0.0
2020-10-09,328.61,328.91,324.5,325.31,158482,0.0
2020-10-12,326.32,328.97,325.34,327.61,136568,0.0
2020-10-13,324.505,325.495,318.67,320.16,301101,0.0
2020-10-14,319.75,329.05,319.75,323.2,167881,0.0
2020-10-15,317.52,328.105,317.01,328,243166,0.0
2020-10-16,330,335.235,328.825,333.21,293160,0.0
2020-10-19,333.8,338.92,331.53,334.21,308336,0.0
2020-10-20,336.56,341.805,336.18,339.24,347495,0.0
2020-10-21,340,344.85,327.145,328.6,423344,0.0
2020-10-22,330.36,337.23,328.64,336.84,218543,0.0
2020-10-23,340.18,341.32,337.31,340.5,192288,0.0
2020-10-26,336.64,338.15,324.98,326.93,253016,0.0
2020-10-27,324.82,326.5,315.49,315.71,297488,0.0
2020-10-28,310.73,314.98,306.395,307.25,295385,0.0
2020-10-29,305.24,311.63,304.185,309.36,211114,0.0
2020-10-30,307.92,314,304.58,309.15,187524,0.0
2020-11-02,314.94,317.14,309.3,313.65,379999,0.0
2020-11-03,319.05,329.82,316.56,326.97,212480,0.0
2020-11-04,329.06,338.36,325.6,332.06,231850,0.0
2020-11-05,334.31,342.19,334.31,336.21,141062,0.0
2020-11-06,336,342.9,333.62,336.87,131169,0.0
2020-11-09,354.99,373.43,349.39,364.09,507166,0.0
2020-11-10,366.23,374.61,365.37,369.71,255967,0.0
2020-11-11,372.71,372.71,360.854,366.95,152584,0.0
2020-11-12,363.38,367.14,356.66,366.79,260386,0.0
2020-11-13,370.55,378.23,368.0001,375.545,175303,0.0
2020-11-16,388.66,393.02,381.3901,391.39,436206,0.0
2020-11-17,385.96,395.865,382.82,394.06,318749,0.0
2020-11-18,395.61,398.68,389.545,391.26,189170,0.0
2020-11-19,388.76,391.84,384.22,390.96,190487,0.0
2020-11-20,390.6,390.6,380.15,382.02,250850,0.0
2020-11-23,385.2,385.63,381.05,383.57,223354,0.0
2020-11-24,389.38,394.06,384.755,392.19,294816,0.0
2020-11-25,390.03,390.03,383.215,388.37,130660,0.0
2020-11-27,387.69,388.18,382.87,386.59,67586,0.0
2020-11-30,383.58,384.42,374.5,377.94,133164,0.0
2020-12-01,383.73,385.36,380.15,381.35,81833,0.0
2020-12-02,381.75,389.13,376.49,385.82,83851,0.0
2020-12-03,384.13,390.04,382.75,383.88,69744,0.0
2020-12-04,384.23,393.73,384.23,392.8,60009,0.0
2020-12-07,389.28,394.82,389.22,390.98,67905,0.0
2020-12-08,390.37,398.61,390.37,395.36,84332,0.0
2020-12-09,394.28,397.075,392.24,394.59,93591,0.0
2020-12-10,393,397.225,390.72,391.58,86176,0.0
2020-12-11,389.96,394.605,386.145,387.1,129141,0.0
2020-12-14,390.19,390.835,380.52,380.71,111375,0.0
2020-12-15,383.24,387.45,381.24,387.08,175195,0.0
2020-12-16,388.99,388.99,378.83,379.81,133036,0.0
2020-12-17,381.92,384.32,377.57,380.78,151117,0.0
2020-12-18,381.39,383.97,376.48,381.09,227841,0.0
2020-12-21,376.35,380.135,370.19,378.35,151351,0.0
2020-12-22,379.17,382.29,377.26,378.67,84205,0.0
2020-12-23,381.43,388.03,379.96,385.66,93112,0.0
2020-12-24,384.27,385.26,380.1,383.54,13254,0.0
2020-12-28,386.07,389.98,385.66,386.8,54331,0.0
2020-12-29,388.27,388.27,381.37,384.95,55036,0.0
2020-12-30,384.63,392.27,384.63,391.11,59888,0.0
2020-12-31,390.41,392.96,389.03,392.3,58927,0.0
2021-01-04,352.78,385,350.01,362.16,1369197,0.0
2021-01-05,362,376.42,356.01,375.4799,808151,0.0
2021-01-06,376.98,378.81,365.42,368.79,583963,0.0
2021-01-07,373.08,374.38,355.18,356.37,604847,0.0
2021-01-08,356.2,369.925,355.495,368.37,471886,0.0
2021-01-11,366.31,375.97,363.3,372.45,372001,0.0
2021-01-12,373.32,385.69,372.99,382.51,794144,0.0
2021-01-13,382.64,391.11,381,386.85,643622,0.0
2021-01-14,386.12,393.24,386.01,388.63,227858,0.0
2021-01-15,386.89,386.89,377.7301,382.57,330739,0.0
2021-01-19,387.01,390.665,384.805,387.11,280105,0.0
2021-01-20,387.75,390.95,386.35,387.75,279050,0.0
2021-01-21,385.68,390.065,383.32,387.68,248636,0.0
2021-01-22,384.42,390.52,384.27,388.85,198027,0.0
2021-01-25,386.28,389.32,383.14,386.1,234715,0.0
2021-01-26,389.34,390,383.2,383.6,250268,0.0
2021-01-27,383.58,392.3,379.095,387.37,355591,0.0
2021-01-28,389.83,391.905,366.13,367.97,363526,0.0
2021-01-29,367.9,369.4775,354.72,357.05,219928,0.0
2021-02-01,366,374.23,362.215,373.21,249169,0.0
2021-02-02,377.47,386.8,374.28,383.52,252644,0.0
2021-02-03,380.71,384.415,376.2669,378.43,175130,0.0
2021-02-04,378.77,387.46,378.77,387.44,195473,0.0
2021-02-05,387.36,390.98,383.01,385.51,235233,0.0
2021-02-08,386.05,388.66,383.3,387.57,123145,0.0
2021-02-09,385.93,390.53,384.3367,390.02,123210,0.0
2021-02-10,389.95,392.099,386.27,388.3,172389,0.0
2021-02-11,387.94,394.84,385.71,388.61,175748,0.0
2021-02-12,385.47,389.63,383.38,387.9,248579,0.0
2021-02-16,395.28,396.76,389.59,389.98,249551,0.0
2021-02-17,390.25,409.48,389.86,403.24,580624,0.0
2021-02-18,399.48,412.375,397.09,408.62,371607,0.0
2021-02-19,413.31,413.31,404.11,405.91,194160,0.0
2021-02-22,403.59,406.15,397.9,398.11,176908,0.0
2021-02-23,385.44,390.99,377.78,381.08,263465,0.0
2021-02-24,384.33,395.0161,383.105,391.3098,385842,0.0
2021-02-25,389.43,389.43,372.75,378.02,190276,0.0
2021-02-26,380.73,380.73,370.105,371.06,197598,0.0
2021-03-01,376.62,384.08,376.62,380.37,201738,0.0
2021-03-02,380.26,380.43,373.33,374.97,173353,0.0
2021-03-03,375.23,377.9,370.12,370.15,195437,0.0
2021-03-04,369.32,370.76,354.17,367.67,286036,0.0
2021-03-05,373.16,387.92,363.32,387.15,320131,0.0
2021-03-08,389.64,394.38,383.62,391.02,276903,0.0
2021-03-09,390.19,393.33,382.6525,383.94,270477,0.0
2021-03-10,387.98,392.3121,381.88,390.19,307536,0.0
2021-03-11,390.79,397.66,389.565,390.85,216188,0.0
2021-03-12,391.02,395.37,390,395.25,123564,0.0
2021-03-15,399.1,401.33,390.48,399.39,265581,0.0
2021-03-16,399.1,399.59,389.195,391.26,140065,0.0
2021-03-17,391.49,393.94,388.5,392.14,121917,0.0
2021-03-18,392.7,398.71,389.61,393.6,179009,0.0
2021-03-19,392.07,393.235,383.54,386.39,243516,0.0
2021-03-22,386.39,397.145,383.75,394.19,174117,0.0
2021-03-23,391.31,396.98,387.51,389.7,168167,0.0
2021-03-24,389.26,395.86,387.98,388.13,119509,0.0
2021-03-25,384.49,400.45,383.89,398.76,151357,0.0
2021-03-26,399.46,402.655,394.64,400.53,140143,0.0
2021-03-29,400.19,409.7,397.76,405.865,167881,0.0
2021-03-30,406.89,407.47,400.4199,404.36,150451,0.0
2021-03-31,405.25,418.67,405.25,413.49,373808,0.0
2021-04-01,416.12,424.05,414.34,417.62,430454,0.0
2021-04-05,421.72,423.1,417.15,420.24,227492,0.0
2021-04-06,419.98,422.58,417.21,418.81,217722,0.0
2021-04-07,419.3,419.3,412.25,414.89,187081,0.0
2021-04-08,414.29,420.17,411.475,419.26,124457,0.0
2021-04-09,420.59,420.59,416.23,419.72,151175,0.0
2021-04-12,420.55,428.63,419.07,427.46,191794,0.0
2021-04-13,426.66,427.035,423.1201,423.99,84021,0.0
2021-04-14,425.73,428.08,422.7,423.26,154349,0.0
2021-04-15,423.54,428.165,421.81,426.6,141806,0.0
2021-04-16,430.12,430.89,425.75,429.04,179413,0.0
2021-04-19,430.01,430.45,426.63,429.68,222193,0.0
2021-04-20,429.43,431.92,420.11,425.64,215190,0.0
2021-04-21,426.03,437.62,423.35,436.61,152629,0.0
2021-04-22,434.76,442.29,433.68,437.44,158282,0.0
2021-04-23,439.54,444.13,436.01,443.27,131130,0.0
2021-04-26,445.96,446.12,438.59,440.1,164737,0.0
2021-04-27,441.44,445.08,437.14,442.81,190910,0.0
2021-04-28,450.51,453.76,441.36,450.28,306921,0.0
2021-04-29,453.87,457.79,449.215,452.58,122936,0.0
2021-04-30,450.59,452.75,446.72,447.27,134280,0.0
2021-05-03,448.49,449.765,440.39,442.45,319220,0.0
2021-05-04,440.28,440.6,428.4,432.4,218782,0.0
2021-05-05,434.02,434.02,424.28,429.38,289172,0.0
2021-05-06,429.74,434.97,427.22,433.72,158619,0.0
2021-05-07,432.32,439.9775,430.01,435.95,167082,0.0
2021-05-10,434.62,438.745,431.51,431.98,465376,0.0
2021-05-11,428.25,428.25,418.25,423.28,201552,0.0
2021-05-12,422.12,424.11,412.42,412.42,294649,0.0
2021-05-13,414.48,417.21,408.84,409.6,494104,0.0
2021-05-14,413.28,428.35,412.63,425.74,276431,0.0
2021-05-17,423.38,426.17,415.53,416.3,329788,0.0
2021-05-18,414.66,417.74,408.61,409.43,336799,0.0
2021-05-19,405.99,405.99,398.44,402.94,223885,0.0
2021-05-20,403.43,415.55,400.28,406.44,255825,0.0
2021-05-21,409.18,411.0513,403.49,406.04,233386,0.0
2021-05-24,412.37,412.64,407,410.88,278117,0.0
2021-05-25,413.14,418.96,408.628,410.2,247928,0.0
2021-05-26,408.83,413.32,407.77,409.19,248321,0.0
2021-05-27,412,418.88,410.18,418.395,249011,0.0
2021-05-28,416.93,420.07,414.11,419.73,192028,0.0
2021-06-01,422.37,429.43,420.215,429.07,293910,0.0
2021-06-02,429.64,430.48,422.57,423.19,216830,0.0
2021-06-03,420.23,423.13,419.76,421.53,177468,0.0
2021-06-04,421.6,423.63,420.635,422.2,174521,0.0
2021-06-07,421.88,421.88,415.62,416.87,168290,0.0
2021-06-08,416.8,425.05,415.62,422.65,232373,0.0
2021-06-09,420.52,423.375,415.27,418.78,251994,0.0
2021-06-10,422.24,424.43,419.315,421.52,146467,0.0
2021-06-11,423.71,424.9,420.64,424.08,130002,0.0
2021-06-14,422.14,424.9,420.47,424.87,218116,0.0
2021-06-15,426.54,428.9458,421.975,427.05,194511,0.0
2021-06-16,427.23,431.78,425.22,429.47,195872,0.0
2021-06-17,430.29,432.25,423.651,426,195361,0.0
2021-06-18,421.64,427.38,421.64,422.69,262543,0.0
2021-06-21,425.53,434.61,425,433.515,124316,0.0
2021-06-22,432,433.015,428.7,429.76,178419,0.0
2021-06-23,429.63,430.73,421.06,422.35,164760,0.0
2021-06-24,424.87,425.25,420.11,423.88,158589,0.0
2021-06-25,423.82,428.87,423.2,427.66,204327,0.0
2021-06-28,424.69,426.32,418.89,421.33,179691,0.0
2021-06-29,421.68,424.42,416.175,418,147622,0.0
2021-06-30,416.29,422.01,415.845,418.32,111494,0.0
2021-07-01,419.63,421.31,417.22,421.08,94584,0.0
2021-07-02,423.09,424.43,420.28,422.26,91686,0.0
2021-07-06,421.97,422.42,414.66,422.02,167621,0.0
2021-07-07,421.72,427.23,419.62,427.23,93000,0.0
2021-07-08,416.74,425.299,416.74,418.195,117333,0.0
2021-07-09,421.67,426.99,421.94,426.9,82724,0.0
2021-07-12,424.3,427.22,422.95,426.86,103832,0.0
2021-07-13,424.06,439.57,424.06,436.87,397294,0.0
2021-07-14,438.83,438.895,430.69,434.09,170819,0.0
2021-07-15,431.51,438.595,430.31,436.94,126211,0.0
2021-07-16,439.8,439.8,433.23,434.71,117989,0.0
2021-07-19,429.52,427.92,417.315,419.74,153526,0.0
2021-07-20,421.6,438.85,421.37,436.48,168253,0.0
2021-07-21,438.27,442.39,433.97,442.39,140421,0.0
2021-07-22,442.48,442.98,439.57,442.09,139966,0.0
2021-07-23,445.73,447.21,443,445.65,128112,0.0
2021-07-26,445.8,447.4353,440.805,444.92,110371,0.0
2021-07-27,442.54,443.4,439.23,441.47,155974,0.0
2021-07-28,445.51,459.84,445.51,455.35,391672,0.0
2021-07-29,457.72,457.72,448.97,448.97,154609,0.0
2021-07-30,446.38,453.36,446.15,452.77,205729,0.0
2021-08-02,454.68,462.85,451.83,453.14,231969,0.0
2021-08-03,451.61,455.28,448.2721,454.09,147472,0.0
2021-08-04,453.07,457.32,450.27,453.73,184227,0.0
2021-08-05,457.28,460.8,453.91,453.95,185576,0.0
2021-08-06,457.27,460.315,456.12,458.4,113531,0.0
2021-08-09,456.69,459.46,454.99,455.51,117221,0.0
