Date,Open,High,Low,Close,volume,trade_count,vwap
2020-12-31,66.51,67.27,65.93,66.77,699174,6659,66.76909
2021-01-04,67.58,67.75,65.28,66.29,924457,12037,66.130306
2021-01-05,65.95,68.15,65.95,66.85,1427158,15703,67.166381
2021-01-06,69.35,69.47,67.51,68.41,1703846,18853,68.365393
2021-01-07,68.77,71.96,68.49,71.84,1175062,15890,71.267431
2021-01-08,73.38,74.0,71.315,72.32,990067,14655,72.457881
2021-01-11,70.95,73.15,70.35,73.08,878044,10319,72.579257
2021-01-12,72.99,73.9,71.79,71.91,1234405,13271,72.655695
2021-01-13,71.69,71.91,69.72,70.02,1462443,16216,70.228191
2021-01-14,70.89,72.5564,69.74,69.87,2026263,22689,70.575704
2021-01-15,69.55,70.21,68.22,69.46,1007069,14151,69.360255
2021-01-19,68.89,71.99,68.87,69.19,4082370,43772,69.783512
2021-01-20,70.26,71.67,69.24,71.42,53093954,48479,71.354053
2021-01-21,72.48,72.8,69.7101,70.31,2860820,30183,70.447509
2021-01-22,69.79,70.88,69.12,70.76,1511025,17747,70.255349
2021-01-25,71.82,72.41,69.98,70.86,1569761,18280,71.066388
2021-01-26,71.01,71.225,69.42,69.67,1072817,13533,69.961155
2021-01-27,68.04,68.48,65.65,66.65,1500269,21810,67.016537
2021-01-28,67.9,68.84,67.5,67.63,1895849,20895,68.01429
2021-01-29,67.52,67.64,65.37,65.91,2094800,21721,66.282877
2021-02-01,67.11,68.01,66.09,67.72,1292739,17182,67.414149
2021-02-02,72.22,72.2225,69.8802,70.81,1710832,24527,70.804594
2021-02-03,71.68,71.82,70.125,70.6,1273861,18736,70.758878
2021-02-04,70.92,71.85,70.5,71.43,1078169,18703,71.420136
2021-02-05,71.65,72.65,71.43,72.27,1263117,16287,72.105208
2021-02-08,73.11,74.0,72.85,73.99,1331603,20092,73.664723
2021-02-09,74.28,74.79,73.445,74.72,1097413,16635,74.367876
2021-02-10,75.01,75.7,73.77,73.99,1212133,19500,74.353787
2021-02-11,73.79,74.9,71.71,73.04,1641564,23975,72.896043
2021-02-12,72.48,74.05,72.12,73.97,1154644,16174,73.467045
2021-02-16,74.82,76.5,74.76,75.17,1477049,19001,75.530681
2021-02-17,74.54,74.77,71.93,72.48,1308742,17265,72.919107
2021-02-18,71.95,72.81,71.56,72.495,1388982,18593,72.321056
2021-02-19,73.25,74.35,72.8,72.99,1270863,16257,73.331535
2021-02-22,72.69,73.1629,71.85,72.52,1100778,15227,72.572949
2021-02-23,71.13,73.87,69.08,73.63,2490636,29020,72.306982
2021-02-24,73.0,76.27,72.72,76.05,1590430,21873,75.400726
2021-02-25,75.68,75.96,73.15,73.64,1552389,23960,74.608534
2021-02-26,73.81,74.73,72.96,74.14,1543987,19424,74.024241
2021-03-01,75.22,77.63,74.885,77.56,1428386,16777,76.824891
2021-03-02,76.96,77.69,75.53,75.57,1429784,16202,76.342947
2021-03-03,75.16,75.49,73.23,74.08,1203869,16769,74.354875
2021-03-04,73.4,73.94,68.75,70.37,2227199,30147,70.674457
2021-03-05,71.25,71.48,66.95,70.67,2659629,35926,69.035305
2021-03-08,71.11,71.735,69.42,69.54,1880360,27866,70.236213
2021-03-09,70.81,71.99,69.86,70.37,1838351,20245,70.78867
2021-03-10,70.79,71.98,70.46,70.87,1721716,21617,71.167052
2021-03-11,72.11,74.55,72.11,74.23,1125407,15983,73.948248
2021-03-12,73.05,74.0,72.6,73.87,779927,11218,73.477874
2021-03-15,74.65,75.48,74.03,75.48,979931,11324,75.129823
2021-03-16,75.82,76.38,75.1215,75.7,1274326,16691,75.715586
2021-03-17,74.97,76.77,74.425,76.69,1100212,14060,76.06228
2021-03-18,75.34,76.75,74.595,74.62,1520711,16417,75.209785
2021-03-19,74.55,75.34,73.6,74.68,2810394,19159,74.647765
2021-03-22,74.87,75.81,74.11,75.18,2159645,21309,75.128912
2021-03-23,75.0,75.21,70.77,71.19,1420686,17051,71.949958
2021-03-24,71.6,71.975,70.74,70.93,1196888,16653,71.107209
2021-03-25,70.44,72.68,69.29,72.29,1447812,19687,71.415706
2021-03-26,72.79,74.74,72.43,74.7,998488,13662,73.827861
2021-03-29,74.03,75.85,73.45,75.28,1784581,25527,75.108305
2021-03-30,76.35,77.64,75.5,76.04,1908868,24564,76.346068
2021-03-31,77.17,78.6699,76.84,77.79,1989111,25900,77.893009
2021-04-01,79.31,81.09,78.0,80.735,2964157,31388,79.691729
2021-04-05,83.03,84.76,82.22,83.74,3194234,31413,83.887608
2021-04-06,84.19,84.865,82.29,82.92,2789271,28876,83.036084
2021-04-07,82.76,82.83,79.66,79.74,1874467,22493,80.57477
2021-04-08,81.2,81.26,80.0695,80.4,2400524,27100,80.449324
2021-04-09,80.01,80.7846,79.71,80.4,1156601,15248,80.383213
2021-04-12,79.89,81.34,79.85,81.27,864210,16710,80.756805
2021-04-13,81.36,82.5,80.91,81.65,1093242,17666,81.47133
2021-04-14,81.36,82.675,80.84,81.18,733105,15616,81.506506
2021-04-15,81.49,82.96,81.35,82.02,1312209,21993,82.101495
2021-04-16,82.62,83.07,81.67,81.96,1177329,18002,82.504023
2021-04-19,81.29,82.07,80.33,80.93,877247,14800,80.94175
2021-04-20,80.56,80.75,78.6,79.4,742028,14490,79.342609
2021-04-21,79.06,81.05,78.91,81.0,694817,12369,80.570276
2021-04-22,80.85,82.35,80.32,81.34,992046,13624,81.469132
2021-04-23,81.71,82.99,81.71,82.54,781660,10691,82.510572
2021-04-26,83.0,84.34,82.74,84.12,1253108,17392,83.873798
2021-04-27,84.6,84.705,83.33,84.06,852332,10627,83.990684
2021-04-28,83.44,83.89,82.7,83.46,560965,10476,83.446586
2021-04-29,84.16,84.27,83.06,83.66,1455268,16047,83.735729
2021-04-30,82.88,83.43,81.53,82.0,1223086,18051,82.015645
2021-05-03,82.58,82.76,80.45,81.2,1429699,18316,81.247588
2021-05-04,80.5,80.5,78.58,79.93,1330364,21400,79.605795
2021-05-05,80.76,81.91,79.91,81.11,1616772,21221,81.079047
2021-05-06,79.01,79.68,75.1,75.9,2848921,39532,76.683678
2021-05-07,76.41,79.44,76.41,79.33,1900170,24218,78.789322
2021-05-10,78.75,79.16,77.42,77.74,1336123,20072,78.08207
2021-05-11,75.46,77.11,75.16,76.47,1706004,25089,76.411129
2021-05-12,75.18,76.19,73.79,73.84,1576598,26679,74.506944
2021-05-13,73.98,75.27,73.42,74.23,1295246,23372,74.352124
2021-05-14,75.0,76.69,74.59,76.31,1482580,19017,75.915443
2021-05-17,76.0,76.96,75.6,76.23,1027154,17412,76.248993
2021-05-18,76.31,76.63,75.43,75.46,1388104,19224,75.887515
2021-05-19,73.92,74.98,73.54,74.77,1346855,20583,74.578818
2021-05-20,74.96,77.07,74.83,76.76,1072450,17609,76.37837
2021-05-21,77.17,78.13,76.53,76.72,1491834,16359,76.851903
2021-05-24,77.22,78.32,76.98,77.94,846248,14959,77.932389
2021-05-25,77.98,78.87,77.875,78.29,1366869,19813,78.40152
2021-05-26,78.28,79.09,78.015,78.16,1126592,16127,78.278295
2021-05-27,78.63,78.63,77.53,78.11,2536424,17523,78.086124
2021-05-28,78.78,78.85,77.31,77.79,1323059,20978,77.767723
2021-06-01,79.0,80.55,78.235,78.43,1413821,22256,78.900965
2021-06-02,78.42,79.035,77.75,78.43,1251059,19469,78.456821
2021-06-03,77.59,78.26,77.0,77.85,1167058,17794,77.793294
2021-06-04,78.13,80.07,78.06,79.82,1208715,16846,79.551012
2021-06-07,79.5,79.91,77.99,78.22,1291173,17970,78.385665
2021-06-08,78.89,79.07,77.81,78.38,1678193,24213,78.296043
2021-06-09,78.86,78.9,78.12,78.16,679358,14014,78.412008
2021-06-10,78.28,78.93,77.46,78.76,703261,12564,78.411472
2021-06-11,79.35,79.61,78.355,78.61,1069360,14880,78.713974
2021-06-14,78.94,79.32,77.94,78.79,1195612,14519,78.463118
2021-06-15,78.81,78.81,77.845,78.19,825584,12105,78.182304
2021-06-16,78.29,78.89,77.515,78.27,814313,17511,78.352443
2021-06-17,78.12,78.67,77.29,78.2,746928,15558,78.151799
2021-06-18,78.09,78.6,76.82,77.87,2843065,22980,77.835153
2021-06-21,78.05,79.47,77.29,78.96,1137602,22416,78.890386
2021-06-22,78.75,79.55,78.36,79.4,676774,14055,79.235307
2021-06-23,79.38,79.85,79.04,79.24,776782,14266,79.413811
2021-06-24,79.78,80.535,79.29,80.49,835150,13345,80.204956
2021-06-25,80.97,81.42,80.58,81.05,2541595,16855,81.044322
2021-06-28,81.35,81.67,80.91,81.66,783865,16180,81.447144
2021-06-29,81.75,83.0,81.7,82.73,965305,15901,82.600312
2021-06-30,82.7,82.88,81.53,81.83,951593,15615,82.003124
2021-07-01,81.8,82.47,81.615,82.45,666293,13516,82.237722
2021-07-02,82.99,82.99,82.1412,82.57,567651,10696,82.502815
2021-07-06,82.54,82.8,82.175,82.73,1003202,15264,82.57346
2021-07-07,82.61,83.39,81.68,82.91,608881,11688,82.761748
2021-07-08,81.38,82.42,80.35,81.49,698281,11667,81.53035
2021-07-09,82.2,83.58,81.72,83.26,997629,12458,83.235951
2021-07-12,83.56,84.22,83.32,84.05,741909,13263,83.951757
2021-07-13,84.05,84.22,82.55,82.66,643494,13227,83.017244
2021-07-14,83.32,83.825,81.95,82.4,513766,9942,82.624906
2021-07-15,81.96,82.24,80.34,80.94,644183,12793,81.040022
2021-07-16,81.34,81.59,79.1,79.22,870734,14052,79.640835
2021-07-19,77.94,79.07,77.77,78.71,942215,18074,78.426456
2021-07-20,79.06,81.43,78.69,80.69,931608,15923,80.792842
2021-07-21,81.12,82.45,80.96,82.44,654449,12019,82.071972
2021-07-22,82.81,82.88,81.95,82.33,482476,8310,82.381581
2021-07-23,82.87,83.75,82.34,83.45,640086,10662,83.184118
2021-07-26,83.58,83.8,82.54,83.23,476471,7876,83.156732
2021-07-27,82.7,83.09,81.1,82.49,667296,10973,82.08124
2021-07-28,82.46,84.54,82.22,84.12,726294,12351,83.799531
2021-07-29,84.7,86.14,84.5,85.49,753239,13007,85.645859
2021-07-30,84.82,85.72,84.5841,85.5,889047,13758,85.251621
2021-08-02,85.99,86.84,85.2,85.31,747976,16028,85.72038
2021-08-03,85.44,86.06,84.39,85.81,1085047,16259,85.621439
2021-08-04,86.54,87.08,85.35,86.73,1040501,16940,86.679753
2021-08-05,87.14,89.62,86.0701,89.42,1737443,24627,88.487599
2021-08-06,89.57,90.25,87.94,89.36,1087341,17108,89.185387
2021-08-09,89.17,89.83,88.44,89.18,905756,12993,89.321704
2021-08-10,89.26,89.88,88.534,88.99,905944,15104,89.110833
2021-08-11,89.0,89.46,88.39,89.09,937954,15725,89.044805
2021-08-12,88.98,89.19,88.1,88.61,891396,13338,88.665341
2021-08-13,88.69,89.1,88.09,88.9,830261,13138,88.681948
2021-08-16,88.89,90.25,88.27,90.08,1087199,14299,89.775866
2021-08-17,89.46,89.96,87.89,88.6,1222655,19197,88.60428
2021-08-18,88.5,89.95,88.21,88.79,1277457,16572,89.187218
2021-08-19,88.25,89.425,86.96,88.93,1884289,17579,88.725196
2021-08-20,89.0,90.76,88.69,90.59,1107356,17151,90.128743
2021-08-23,90.74,92.455,90.59,92.09,1027866,15208,92.019582
2021-08-24,92.15,93.07,91.96,92.66,1120623,13152,92.611007
2021-08-25,92.51,94.23,92.3,94.21,851703,14602,93.845482
2021-08-26,94.0,94.77,93.5,94.36,834995,14778,94.33685
2021-08-27,94.53,96.38,94.49,95.71,991908,15441,95.808196
2021-08-30,96.14,96.4874,95.33,95.72,682528,12431,95.904408
2021-08-31,95.63,96.17,94.05,94.22,1681510,23677,94.41871
2021-09-01,94.31,94.795,93.565,93.75,2262619,27976,93.993149
2021-09-02,94.4,95.0,94.04,94.36,1759691,21860,94.573405
2021-09-03,94.41,95.95,93.93,94.86,1422050,20989,94.90675
2021-09-07,94.71,95.22,93.98,94.58,1185544,23341,94.690231
2021-09-08,94.1,94.23,92.53,93.9,1384875,20979,93.541402
2021-09-09,94.09,94.71,93.62,93.65,1080120,14032,93.938901
2021-09-10,94.12,94.83,93.55,93.88,846003,15426,94.093574
2021-09-13,94.47,94.64,91.072,91.81,1142255,21807,92.02635
2021-09-14,91.99,92.67,90.96,91.31,917193,17494,91.554904
2021-09-15,91.75,92.049,90.97,91.9,1055762,20202,91.705098
2021-09-16,91.75,92.065,91.0,91.95,924677,15552,91.762335
2021-09-17,91.49,91.63,89.495,90.59,2795914,25141,90.490144
2021-09-20,89.05,89.53,87.62,89.11,1849374,21612,88.678941
2021-09-21,90.0,90.22,88.31,88.97,844373,14212,89.120391
2021-09-22,89.58,91.0,89.445,90.54,679544,12686,90.425711
2021-09-23,88.34,90.48,88.34,89.59,1534723,22354,89.76222
2021-09-24,88.75,89.43,87.54,87.7,1612632,20870,88.011737
2021-09-27,87.45,87.61,86.02,86.63,1873207,25306,86.650576
2021-09-28,85.68,86.15,83.68,84.36,1438183,27929,84.683394
2021-09-29,84.62,85.42,84.1,84.31,1289821,22917,84.526672
2021-09-30,84.8,85.1,82.23,82.25,1467449,18577,82.95656
2021-10-01,82.66,84.51,81.94,84.14,1417312,24629,83.620084
2021-10-04,83.81,83.81,81.01,81.37,1017374,18646,81.677404
2021-10-05,81.86,83.3,81.47,82.31,1037926,16283,82.541002
2021-10-06,81.19,81.91,80.19,81.86,887531,15505,81.439691
2021-10-07,82.5,83.628,82.5,82.9,600304,11333,83.108622
2021-10-08,83.0,83.24,81.88,81.93,631711,12109,82.345635
2021-10-11,81.49,81.78,80.34,80.38,737165,11103,80.842513
2021-10-12,81.08,81.77,80.43,80.68,757083,13551,80.995909
2021-10-13,81.25,81.88,80.7,81.09,619921,12139,81.155891
2021-10-14,82.12,83.8,82.1,83.62,718880,13561,83.374868
2021-10-15,84.64,85.375,84.2701,84.93,868796,15279,84.977706
2021-10-18,84.5,85.34,84.2,85.2,521348,9971,85.066757
2021-10-19,85.76,87.33,85.69,87.04,772956,14499,86.873956
2021-10-20,86.96,87.0,85.8,86.51,572145,10715,86.318868
2021-10-21,86.44,87.74,86.2,87.69,537838,11274,87.221047
2021-10-22,87.79,88.63,86.99,87.12,662979,12189,87.408099
2021-10-25,87.31,88.1,86.47,86.95,1030759,13690,87.193249
2021-10-26,87.32,87.87,86.36,86.41,490312,10058,86.86596
2021-10-27,86.51,86.97,85.7,85.73,613968,11077,86.248035
2021-10-28,86.0,87.74,85.92,87.7,684543,12003,87.458815
2021-10-29,87.01,88.14,86.78,87.37,610479,11564,87.375876
2021-11-01,87.41,88.2,86.73,87.25,1088755,18709,87.349371
2021-11-02,87.6,89.31,87.08,88.43,833290,16599,88.466774
2021-11-03,88.46,88.64,87.16,88.13,943201,15830,87.951931
2021-11-04,91.16,91.96,86.075,86.61,1205402,21470,87.291075
2021-11-05,86.99,87.27,85.4601,86.38,1211536,20731,86.307013
2021-11-08,87.5,89.74,87.0,89.17,1476149,22080,88.910297
2021-11-09,89.1,90.19,87.44,88.4,1207656,18887,88.30484
2021-11-10,88.19,88.615,84.93,85.46,1272623,22008,86.025018
2021-11-11,85.84,86.75,84.92,85.45,896448,15289,85.514117
2021-11-12,85.89,86.77,85.04,86.69,887847,15511,86.130561
2021-11-15,86.98,87.865,86.815,87.31,888812,13213,87.406046
2021-11-16,86.91,89.53,86.91,89.28,1129058,17284,88.965934
2021-11-17,89.28,89.59,87.86,88.65,768160,15111,88.694586
2021-11-18,88.62,88.62,86.75,87.8,918981,15726,87.866821
2021-11-19,88.04,89.32,87.68,88.65,1090853,19003,88.713932
2021-11-22,88.83,89.79,86.88,86.92,1331177,19001,87.688608
2021-11-23,86.24,86.24,83.95,85.83,1339548,19105,85.312174
2021-11-24,85.61,86.48,84.375,86.23,1298902,17442,85.870658
2021-11-26,85.03,85.89,82.94,83.41,715627,11391,83.909061
2021-11-29,84.58,86.735,83.78,86.53,1260105,16588,86.076021
2021-11-30,86.35,87.37,85.52,85.87,2661986,25946,86.011107
2021-12-01,87.62,88.205,83.94,84.01,1889953,27276,85.880818
2021-12-02,83.97,86.82,83.67,86.29,1139408,17293,86.061834
2021-12-03,86.83,87.47,82.79,83.77,2029966,24689,84.166155
2021-12-06,84.43,84.61,82.5036,83.5,1933604,21392,83.495635
2021-12-07,84.83,87.69,84.58,87.6,1269798,18968,87.162539
2021-12-08,87.5,88.62,86.91,88.37,771963,14006,88.128456
2021-12-09,87.95,89.3,86.79,86.91,739930,17508,87.762136
2021-12-10,87.67,88.34,85.275,86.09,902552,16033,86.09532
2021-12-13,86.09,86.675,84.54,86.07,973350,18001,85.814201
2021-12-14,85.02,85.55,82.63,83.87,1012838,19844,83.816226
2021-12-15,84.48,87.24,83.04,87.18,1143056,21453,85.941344
2021-12-16,87.5,88.6,84.17,84.77,1654622,25651,85.790186
2021-12-17,84.93,86.95,83.87,85.43,3003547,21517,85.404422
2021-12-20,83.74,84.68,82.0,83.69,1064950,19271,83.412328
2021-12-21,84.66,86.38,83.6767,86.34,991599,16337,85.676411
2021-12-22,86.36,86.705,84.95,85.88,829956,11434,85.811807
2021-12-23,85.88,86.82,85.88,86.11,834944,11282,86.19104
2021-12-27,86.57,88.89,86.57,88.65,597117,10960,88.246993
2021-12-28,88.7,88.9,87.6,87.73,488496,9795,87.956735
2021-12-29,87.73,87.86,86.85,87.4,484758,9501,87.366278
2021-12-30,87.51,88.67,87.36,87.5,415579,9838,87.776103
2021-12-31,87.31,88.08,87.14,87.19,405698,7660,87.389113
2022-01-03,87.45,88.06,86.103,86.68,772839,13471,86.78437
2022-01-04,86.75,86.952,83.99,85.11,1385113,20542,84.943134
2022-01-05,84.62,85.05,81.56,81.6,956614,21216,82.786802
2022-01-06,81.4,83.03,80.51,82.03,1335986,19163,82.043714
2022-01-07,81.6,82.06,78.92,79.14,1350543,18128,79.708624
2022-01-10,77.98,78.82,76.2,78.77,1494776,22708,77.785553
2022-01-11,78.9,79.56,76.86,79.49,1222956,21194,78.842034
2022-01-12,80.08,80.99,78.73,79.16,870061,17873,79.44152
2022-01-13,79.79,79.96,75.65,75.94,2131313,31954,76.674588
2022-01-14,75.42,77.27,74.71,75.92,1407334,19752,75.981464
2022-01-18,74.35,75.845,73.46,74.78,1847949,23770,75.050874
2022-01-19,75.3,76.49,73.865,73.94,1578067,27839,75.002047
2022-01-20,74.5,75.68,72.485,72.66,1122226,18946,73.924749
2022-01-21,72.46,73.41,70.57,70.62,1206493,24798,71.639452
2022-01-24,69.7,72.73,67.56,72.52,2124115,33233,70.322863
2022-01-25,71.11,72.12,69.26,70.37,2027917,30322,70.665486
2022-01-26,71.75,72.64,67.56,68.42,2100197,27597,69.695652
2022-01-27,69.75,70.63,66.53,67.13,2110039,30823,67.805157
2022-01-28,67.61,70.31,66.18,70.26,2257894,32065,68.653353
2022-01-31,70.54,72.74,70.54,72.16,2166738,28523,71.749441
2022-02-01,72.79,73.155,71.0,72.98,1419035,23242,72.424708
2022-02-02,73.19,73.715,72.375,72.9,1368554,17180,72.902626
2022-02-03,71.69,72.47,70.53,70.74,1366085,21383,71.21742
2022-02-04,70.27,71.44,69.38,70.47,2297594,27393,70.406763
2022-02-07,70.68,71.58,69.87,70.4,2086601,22113,70.561922
2022-02-08,70.54,71.83,69.74,71.6,1709211,22549,71.187957
2022-02-09,71.7,72.94,70.3,71.45,2524354,32750,71.065872
2022-02-10,69.13,72.59,67.55,68.53,2382211,31018,70.114201
2022-02-11,68.81,70.34,65.94,66.42,2066298,26039,67.466087
2022-02-14,66.66,67.8,65.0,65.85,1209193,17641,66.156647
2022-02-15,67.07,68.49,66.71,68.36,1386733,19932,67.936548
2022-02-16,67.67,68.99,67.03,68.59,1799137,24232,68.063095
2022-02-17,67.96,69.01,67.56,68.06,2145031,26778,68.10069
2022-02-18,68.12,69.36,67.69,68.35,1739240,24872,68.41073
2022-02-22,67.71,68.86,66.74,67.07,1648715,20875,67.518853
2022-02-23,67.63,68.255,64.43,64.68,1363452,19832,65.746363
2022-02-24,62.89,67.63,62.32,67.57,3347331,35824,65.360607
2022-02-25,67.96,69.97,67.15,69.89,1486860,19182,69.28971
2022-02-28,68.75,70.63,68.63,69.75,1665578,18993,69.622926
2022-03-01,69.3,70.23,68.1,68.7,1561739,21054,68.849172
2022-03-02,69.1524,69.91,68.6,69.41,2061171,22470,69.432706
2022-03-03,70.09,70.3462,67.81,68.05,2207252,22668,68.550413
2022-03-04,67.6,68.11,66.11,66.48,1629675,21469,66.563108
2022-03-07,66.58,66.95,63.51,63.54,1864618,24875,64.155594
2022-03-08,63.41,66.16,62.88,64.43,1468930,22392,64.468944
2022-03-09,66.21,67.96,65.63,67.71,1377584,21194,67.359777
2022-03-10,66.04,67.16,65.355,66.61,878853,14919,66.373564
2022-03-11,67.57,67.74,65.41,65.47,884234,14090,66.096521
2022-03-14,65.82,65.975,63.7,64.23,1232976,17237,64.427126
2022-03-15,65.1,66.38,64.815,66.22,868476,16801,65.735071
2022-03-16,67.35,68.895,66.39,68.27,1424720,17285,67.837169
2022-03-17,67.53,70.21,67.0101,70.1,1296411,17836,69.420888
2022-03-18,69.51,71.94,69.02,71.81,2146240,20713,71.499252
2022-03-21,71.28,71.5,69.85,70.78,1768582,21153,70.701722
2022-03-22,70.91,71.93,70.66,71.28,785188,13169,71.329064
2022-03-23,70.7,70.7,69.4,69.47,595059,12724,69.850739
2022-03-24,70.01,71.16,69.08,71.14,973467,15027,70.66781
2022-03-25,71.44,72.0,70.9,71.6,793438,14846,71.438482
2022-03-28,71.53,71.89,70.18,71.85,762066,13922,71.19511
2022-03-29,72.83,73.69,72.41,73.56,669719,12444,73.249741
2022-03-30,73.04,73.47,72.335,72.91,800528,12778,72.945915
2022-03-31,72.92,73.39,72.115,72.14,1098278,14468,72.550875
2022-04-01,72.63,72.98,71.72,72.78,1262109,19924,72.497722
2022-04-04,73.1,74.69,73.0,74.61,1085065,16941,74.287313
2022-04-05,74.17,74.866,72.88,73.25,1248232,21416,73.632137
2022-04-06,71.99,72.03,69.36,70.96,1718691,28869,70.602432
2022-04-07,70.46,73.17,70.46,72.63,1316901,21552,72.168125
2022-04-08,72.48,72.73,71.59,72.11,850501,14943,72.201213
2022-04-11,71.39,71.81,70.11,70.86,1336115,22329,71.052745
2022-04-12,71.6,72.16,69.17,69.57,655558,15248,70.298065
2022-04-13,69.46,70.0,69.0,69.37,802656,15807,69.419159
2022-04-14,69.64,69.95,67.42,67.47,874644,14686,68.135372
2022-04-18,67.4,67.66,66.23,67.06,643422,13377,66.984245
2022-04-19,66.93,69.39,66.9,69.31,528674,10151,68.892089
2022-04-20,69.92,70.88,69.35,70.36,540697,13015,70.311448
2022-04-21,70.68,71.45,68.61,68.95,539483,10534,69.398209
2022-04-22,68.58,68.92,66.31,66.39,552696,12694,67.098226
2022-04-25,66.04,68.51,65.5655,68.47,642802,13962,67.413579
2022-04-26,67.9,68.185,65.61,65.64,557418,12822,66.233997
2022-04-27,65.76,66.95,65.46,66.06,696110,16951,66.19465
2022-04-28,66.93,68.31,65.99,67.95,775805,16837,67.582334
2022-04-29,67.46,68.47,66.57,66.7,954399,16430,67.04714
2022-05-02,66.51,67.52,65.07,67.22,848623,14433,66.665398
2022-05-03,67.05,68.03,66.68,67.17,660571,13596,67.200703
2022-05-04,67.04,70.14,66.35,69.96,1755126,23643,68.514865
2022-05-05,67.96,68.69,62.0,63.27,1533061,26853,64.162667
