Date,Open,High,Low,Close,volume,trade_count,vwap
2020-12-31,143.22,143.22,140.45,140.58,713750,14645,140.940313
2021-01-04,140.9,141.65,138.14,139.71,1398356,24279,139.90847
2021-01-05,139.22,140.8,138.21,140.69,856777,15443,139.773876
2021-01-06,139.42,145.95,138.735,145.87,1102877,21634,144.618188
2021-01-07,145.85,147.545,145.08,147.12,919175,16919,146.785171
2021-01-08,147.16,149.46,145.75,149.31,1069901,17214,148.157044
2021-01-11,148.84,151.58,147.02,149.5,1307647,19021,149.723108
2021-01-12,149.18,152.1,148.97,151.75,1127263,18908,151.100166
2021-01-13,152.49,154.13,150.75,153.18,1630238,22426,153.015762
2021-01-14,153.56,157.08,153.395,156.44,1534092,21701,155.82529
2021-01-15,156.48,160.83,156.28,157.48,1850319,24733,157.92379
2021-01-19,158.51,159.34,156.705,157.45,1207645,19184,157.888258
2021-01-20,157.57,157.57,154.1,155.35,948466,17087,155.43336
2021-01-21,155.395,157.9895,154.91,155.18,750760,14365,155.968981
2021-01-22,155.71,157.34,154.19,155.62,1239601,16186,155.377163
2021-01-25,156.2,158.54,155.5,156.14,1154927,17262,156.443568
2021-01-26,156.18,157.0,151.09,151.89,1058557,17506,152.670567
2021-01-27,150.5,155.44,146.5101,153.72,2174739,34502,152.595662
2021-01-28,150.23,155.44,145.49,149.44,2115557,35051,149.416134
2021-01-29,150.29,150.93,141.58,141.74,2122197,29162,143.53631
2021-02-01,142.14,145.69,139.11,139.72,1430940,24460,140.769347
2021-02-02,139.9,144.5586,139.9,143.18,1570965,24109,142.975794
2021-02-03,143.35,146.6,143.01,144.94,1052750,18465,144.969814
2021-02-04,145.53,146.71,144.42,146.24,1107477,17646,145.904074
2021-02-05,146.22,152.27,146.22,151.5,1471489,21808,150.422626
2021-02-08,153.79,157.59,153.41,157.25,1600046,23576,156.372138
2021-02-09,156.92,160.5072,156.42,158.5,1646601,21846,158.380907
2021-02-10,159.82,159.86,154.3604,156.45,1242274,17411,155.98313
2021-02-11,157.05,160.95,156.74,157.33,1535653,20368,158.357249
2021-02-12,157.61,160.31,157.61,159.93,945451,12659,159.701122
2021-02-16,160.39,163.4,159.61,161.94,1410957,21533,162.000682
2021-02-17,162.89,172.14,162.89,170.25,2015377,28837,168.910811
2021-02-18,169.0,173.365,167.79,171.89,1559632,24589,171.379542
2021-02-19,172.38,173.76,169.68,171.34,1277738,19135,171.632517
2021-02-22,168.96,170.0,164.64,164.94,1415889,21962,166.292235
2021-02-23,163.42,166.085,158.16,165.2,1328087,23241,163.355478
2021-02-24,165.78,166.9303,160.75,161.08,1471045,24270,162.586612
2021-02-25,162.15,164.34,160.255,161.18,1241744,21625,161.652308
2021-02-26,161.84,162.37,158.125,158.96,1578422,24718,159.849257
2021-03-01,160.45,163.87,159.94,162.54,1182367,24360,162.405262
2021-03-02,163.16,163.66,158.29,158.91,980728,18776,160.0632
2021-03-03,159.44,161.58,155.0,155.08,1405949,23479,157.856703
2021-03-04,154.71,155.14,148.43,151.71,1422987,24847,151.217541
2021-03-05,152.93,155.96,148.785,155.82,849971,19867,152.981161
2021-03-08,156.92,162.73,156.035,161.0,1365582,21955,160.910783
2021-03-09,163.56,164.98,160.455,160.6,1244749,23323,161.826402
2021-03-10,162.635,168.81,162.038,167.49,1580855,26653,166.416799
2021-03-11,168.42,173.65,168.31,170.23,1314200,23712,171.476044
2021-03-12,170.59,174.18,169.25,171.0,1884899,23513,171.669071
2021-03-15,170.78,171.77,169.7624,171.0,848057,16186,170.679266
2021-03-16,170.43,170.99,168.83,170.22,907968,15269,170.254754
2021-03-17,169.75,169.75,165.1,168.39,1119713,19119,167.603958
2021-03-18,166.6,171.195,166.6,169.29,835328,16881,169.501117
2021-03-19,169.8,174.08,168.62,172.98,2068894,19280,172.745614
2021-03-22,173.79,174.5594,169.63,173.54,853889,16427,172.511236
2021-03-23,173.56,176.82,171.58,172.64,1609936,23291,174.08121
2021-03-24,172.7,174.5346,169.06,169.06,1105100,18807,170.60969
2021-03-25,169.45,173.36,167.65,172.44,900428,19000,171.158698
2021-03-26,172.4,178.58,171.81,178.48,957849,17620,176.163664
2021-03-29,177.91,178.56,175.02,175.69,757859,17619,176.25454
2021-03-30,175.98,179.25,175.98,177.05,927513,18583,177.591423
2021-03-31,178.14,178.965,175.38,177.08,1114013,19254,177.17289
2021-04-01,177.45,178.04,175.05,176.5,1037529,20883,176.063611
2021-04-05,177.91,180.845,176.73,180.35,901859,17253,180.047019
2021-04-06,179.83,180.74,177.345,179.51,897166,17163,179.023175
2021-04-07,179.74,180.2199,175.95,177.06,870456,16763,177.1024
2021-04-08,177.57,177.975,175.37,176.65,927397,17844,176.414835
2021-04-09,176.75,177.8999,175.46,177.69,816436,17504,176.742465
2021-04-12,175.65,178.51,174.28,178.18,891571,20704,176.537128
2021-04-13,178.73,179.63,176.98,178.9,878359,17802,178.771894
2021-04-14,178.14,180.49,177.52,177.86,857031,17807,178.756047
2021-04-15,178.21,178.86,176.61,176.82,800550,18047,177.408787
2021-04-16,177.96,182.8,177.37,180.99,2197521,26204,180.999884
2021-04-19,183.59,184.49,180.12,183.04,1166858,20520,183.141054
2021-04-20,183.57,185.89,179.0366,181.11,1043062,18850,181.05366
2021-04-21,181.25,182.77,179.31,180.26,1254378,21471,180.496648
2021-04-22,185.93,191.54,184.47,188.11,2497508,35296,187.444032
2021-04-23,187.99,190.29,185.4,189.38,1000049,18506,188.932052
2021-04-26,189.35,191.52,187.02,190.95,943764,19356,190.060124
2021-04-27,191.68,192.84,188.82,190.5,967550,18461,190.419501
2021-04-28,189.66,192.2399,188.12,188.6,683194,14334,189.966091
2021-04-29,189.64,190.91,187.41,190.5,655563,14917,189.498157
2021-04-30,188.89,191.0,186.5,188.6,878161,16208,188.282675
2021-05-03,189.9,193.5,189.1,192.84,816694,15529,192.160951
2021-05-04,190.57,194.6,188.94,194.38,1285220,21148,191.939471
2021-05-05,194.23,195.56,192.02,194.61,915849,17211,194.451551
2021-05-06,195.0,196.1,193.41,194.9,785169,17025,194.420436
2021-05-07,195.6,196.12,193.85,195.46,638069,14342,195.217932
2021-05-10,196.96,200.75,195.45,195.7,851900,18617,197.621219
2021-05-11,194.63,195.08,188.51,191.26,1252450,19924,191.221297
2021-05-12,189.16,190.48,181.73,182.34,1161319,24577,184.640169
2021-05-13,182.7,186.95,182.7,186.55,1005276,18712,185.636943
2021-05-14,186.56,188.36,184.95,187.87,650916,15634,187.337868
2021-05-17,188.46,189.085,185.465,186.39,656554,16098,186.58886
2021-05-18,187.61,187.61,183.26,184.96,779278,17499,184.957489
2021-05-19,182.62,182.73,176.57,180.54,1451625,26282,179.279833
2021-05-20,180.54,184.405,180.215,183.9,977881,18338,183.248667
2021-05-21,183.0,185.21,182.85,183.34,1544707,18182,183.614548
2021-05-24,184.75,184.79,181.62,181.78,791169,16148,182.498846
2021-05-25,181.83,183.2,180.08,180.4,931275,19921,181.301557
2021-05-26,180.33,183.36,179.64,183.02,916443,21582,181.818182
2021-05-27,183.82,185.25,182.33,182.77,1107007,19179,183.14876
2021-05-28,184.35,185.0,181.02,181.7,809086,16172,182.236558
2021-06-01,182.56,182.88,179.55,181.86,894231,18183,181.61595
2021-06-02,181.84,181.84,178.24,181.15,1273057,20079,180.244365
2021-06-03,180.47,180.495,175.7,177.96,1384304,26515,177.111045
2021-06-04,178.81,181.3,177.38,181.06,750205,14387,179.862228
2021-06-07,181.13,182.48,179.55,181.2,713851,16545,180.603058
2021-06-08,181.74,182.0,180.51,181.43,954169,14433,181.371818
2021-06-09,182.3,182.98,180.38,181.04,697810,16465,181.313189
2021-06-10,181.57,182.47,179.71,179.84,749311,14139,180.36033
2021-06-11,180.39,184.32,179.87,184.19,649726,13598,183.263557
2021-06-14,183.85,184.23,181.42,183.15,896151,17772,182.889982
2021-06-15,182.75,182.87,176.73,179.68,739938,16823,179.511526
2021-06-16,179.89,180.62,176.91,178.09,784052,17033,178.448829
2021-06-17,178.23,178.625,172.48,174.81,1478095,26074,174.795398
2021-06-18,174.42,174.575,170.82,171.28,2177293,30149,171.962583
2021-06-21,172.73,176.6452,171.7468,175.37,1078873,20324,175.494263
2021-06-22,176.25,180.845,175.8316,180.43,920509,20012,179.18032
2021-06-23,179.54,180.44,178.45,179.48,619873,12643,179.443039
2021-06-24,181.31,181.57,179.95,180.96,619503,14048,180.877169
2021-06-25,181.1,181.9,179.62,180.29,779138,11754,180.465926
2021-06-28,180.81,183.69,179.58,183.45,770691,15190,182.395366
2021-06-29,183.89,188.3,183.495,187.03,1049355,21209,187.2888
2021-06-30,186.79,188.0,185.6725,186.06,649094,14698,186.359177
2021-07-01,189.1,189.31,187.49,187.85,642555,15248,188.006989
2021-07-02,187.68,188.3936,186.46,187.77,470431,11508,187.335589
2021-07-06,187.88,188.44,184.0,186.4,826618,15783,185.824818
2021-07-07,186.4,188.78,185.86,187.62,840359,17130,187.861529
2021-07-08,185.86,186.9555,183.26,186.17,912885,18081,185.882219
2021-07-09,187.7,188.939,186.06,186.91,839974,15352,187.00435
2021-07-12,186.56,187.41,184.46,186.78,939535,16497,186.480155
2021-07-13,186.73,188.44,185.67,186.69,825661,16231,187.001005
2021-07-14,187.6,188.26,186.06,187.22,1002450,18652,187.320264
2021-07-15,187.0,192.75,186.5,188.97,1559113,23588,189.947759
2021-07-16,189.18,191.69,188.61,189.0,1185382,20032,189.977087
2021-07-19,179.18,182.61,171.01,180.94,3282811,53041,178.178427
2021-07-20,181.96,184.45,178.002,183.64,1543285,31754,182.253623
2021-07-21,182.52,183.65,179.79,181.15,1026170,18464,181.398481
2021-07-22,181.28,183.69,181.21,182.42,726492,14259,182.187027
2021-07-23,182.98,187.86,182.73,187.7,597019,12556,186.498822
2021-07-26,187.58,188.9199,186.14,188.07,775490,13375,187.685388
2021-07-27,186.77,187.99,182.52,184.36,919193,15074,184.156971
2021-07-28,184.71,185.325,182.87,183.49,586688,11924,183.754797
2021-07-29,183.54,183.68,180.315,180.98,1451206,22103,181.350072
2021-07-30,180.22,183.095,179.24,180.93,1276682,19398,180.829314
2021-08-02,181.67,182.55,180.23,180.81,1056531,17373,181.348781
2021-08-03,182.62,188.82,181.69,186.6,1077430,20555,186.481768
2021-08-04,185.36,186.155,184.065,185.43,791515,16046,184.991522
2021-08-05,186.05,188.4,185.68,188.07,775542,13406,187.412852
2021-08-06,188.4,189.57,186.08,187.27,534724,11416,187.573339
2021-08-09,186.92,188.325,186.22,187.58,568989,10781,187.437785
2021-08-10,187.5,191.4,187.23,190.67,582038,12532,190.294951
2021-08-11,190.63,195.05,190.54,194.22,782735,15573,193.675332
2021-08-12,194.11,195.46,192.7484,193.53,537815,10991,193.586931
2021-08-13,194.48,194.885,193.01,193.92,404901,11539,194.049221
2021-08-16,192.95,196.86,192.51,196.77,481778,11480,195.732509
2021-08-17,194.42,194.5,189.84,190.94,488638,14074,191.108584
2021-08-18,191.26,195.73,191.26,193.01,545052,14486,193.980507
2021-08-19,191.26,196.03,191.05,194.94,556663,13609,194.734244
2021-08-20,195.02,199.16,194.05,198.11,581194,12774,197.700829
2021-08-23,198.45,199.0,194.79,195.01,942232,17316,196.145644
2021-08-24,195.46,196.29,193.05,193.53,656583,14029,194.340311
2021-08-25,193.66,194.7392,192.495,194.19,683508,15047,194.095562
2021-08-26,194.54,194.54,188.5256,189.73,832883,17938,190.137142
2021-08-27,189.65,192.5,188.13,192.4,588777,15173,191.364618
2021-08-30,193.24,195.4399,192.75,193.63,475815,13252,194.061888
2021-08-31,194.15,196.18,192.03,194.25,875653,16557,193.834794
2021-09-01,194.04,196.21,190.54,195.57,622868,15022,194.213782
2021-09-02,196.72,197.145,195.19,195.6,577102,13771,195.877453
2021-09-03,195.25,198.95,194.49,198.8,465572,12946,197.936846
2021-09-07,198.7,199.935,197.06,198.01,797322,17440,198.444688
2021-09-08,198.25,199.75,197.3,199.37,799160,19518,199.067557
2021-09-09,200.0,202.36,198.52,201.68,814789,17386,201.138664
2021-09-10,203.16,207.54,201.98,204.85,1048199,23512,205.428873
2021-09-13,205.37,206.22,200.39,202.08,1494467,24080,203.035732
2021-09-14,202.95,205.9,202.09,205.26,768794,17588,204.962266
2021-09-15,205.1,205.73,203.18,205.07,903735,19180,204.628798
2021-09-16,205.0,210.15,204.39,209.42,760330,18756,208.716564
2021-09-17,208.28,209.26,206.18,207.16,1192726,16375,207.437053
2021-09-20,204.7,206.2244,203.21,205.59,945604,13890,205.261244
2021-09-21,207.11,208.015,204.52,207.02,498242,13575,206.823007
2021-09-22,208.39,212.158,206.66,211.87,675550,17390,211.186551
2021-09-23,213.23,213.68,209.28,210.11,719925,16712,210.76891
2021-09-24,210.16,210.98,208.11,210.72,411008,12175,210.278295
2021-09-27,210.75,212.79,208.3,210.31,892253,15469,209.935412
2021-09-28,209.84,209.84,206.25,207.03,790577,18109,207.189738
2021-09-29,208.66,209.91,207.15,208.14,648686,15796,208.25378
2021-09-30,206.95,207.59,201.831,202.61,852567,19289,203.876341
2021-10-01,204.08,204.08,199.36,201.36,921962,19780,201.417717
2021-10-04,197.07,199.41,192.9,196.0,1391688,24961,195.606764
2021-10-05,197.39,198.58,195.89,197.55,738943,13728,197.737322
2021-10-06,196.24,197.76,195.12,196.65,795214,17093,196.340162
2021-10-07,196.59,200.17,196.29,198.0,968883,14327,198.390303
2021-10-08,198.54,199.4,194.49,194.72,673027,12921,195.630973
2021-10-11,194.43,196.83,193.45,193.53,779222,13805,194.295166
2021-10-12,193.69,195.24,192.4,193.29,528412,13820,193.773133
2021-10-13,194.32,195.86,193.12,194.94,586278,13685,194.670386
2021-10-14,196.7,198.98,195.7,197.29,566058,14324,197.594684
2021-10-15,199.4,200.37,197.07,197.27,674746,14814,197.900498
2021-10-18,196.89,205.21,196.475,204.5,1187727,17485,203.183153
2021-10-19,205.34,205.9,203.1,203.53,607070,14918,204.19887
2021-10-20,203.53,205.36,202.01,202.3,794586,18149,203.258672
2021-10-21,211.51,212.88,207.09,210.42,1497691,28460,210.738376
2021-10-22,212.5,214.26,208.13,208.21,768290,20508,209.915006
2021-10-25,209.31,213.665,208.7,211.03,757963,17649,211.414371
2021-10-26,211.77,212.12,206.76,206.82,792118,19399,208.06069
2021-10-27,207.5,208.67,205.91,206.91,606841,14819,207.224508
2021-10-28,207.12,211.1,206.88,210.09,688120,17954,209.760574
2021-10-29,209.65,217.72,209.65,217.17,1068394,24523,216.192706
2021-11-01,218.37,218.73,213.28,213.83,637460,18483,214.818169
2021-11-02,214.46,216.52,214.37,215.64,553624,15086,215.279526
2021-11-03,215.83,217.13,213.31,215.77,588657,16622,215.290365
2021-11-04,216.36,219.59,215.35,218.07,525574,14393,217.79033
2021-11-05,219.22,220.46,216.975,220.05,787455,21572,219.119193
2021-11-08,220.69,221.674,217.86,221.4,844557,15936,220.564158
2021-11-09,221.49,224.83,219.575,220.86,594506,17568,221.341299
2021-11-10,219.38,220.89,216.24,217.26,472581,13300,217.998892
2021-11-11,218.05,219.41,216.79,218.63,463099,11775,218.478609
2021-11-12,219.1,221.53,218.29,221.16,492015,12225,220.727873
2021-11-15,222.43,223.6,221.17,222.89,511043,14075,222.411339
2021-11-16,223.6,230.24,223.6,229.08,1047440,21189,228.318386
2021-11-17,229.46,230.87,224.9,226.33,729583,20239,226.808375
2021-11-18,228.15,229.47,225.9601,229.23,637578,15314,228.476138
2021-11-19,228.63,231.87,227.98,230.56,940789,19324,230.46776
2021-11-22,232.01,232.445,228.5,228.99,578430,18666,229.967408
2021-11-23,229.26,229.36,221.99,225.3,690141,18273,225.013435
2021-11-24,223.32,226.11,222.03,225.82,425538,12913,225.073255
2021-11-26,223.34,230.36,223.3,228.36,591246,15687,227.870435
2021-11-29,228.84,230.52,226.22,226.7,590762,19843,227.60139
2021-11-30,226.7,232.28,223.66,225.33,1548692,24843,226.447111
2021-12-01,226.11,229.01,223.92,223.92,744623,21022,226.143402
2021-12-02,223.63,229.675,223.63,227.65,741642,21072,227.79858
2021-12-03,229.29,230.91,226.07,227.96,700855,19158,228.219739
2021-12-06,229.1,230.38,225.8001,227.46,559559,17589,227.598134
2021-12-07,229.49,234.9,228.7,233.34,550431,15545,232.960896
2021-12-08,233.58,235.39,231.75,235.18,575755,15676,234.087883
2021-12-09,234.85,234.965,230.13,230.24,507082,14779,231.636399
2021-12-10,231.21,234.46,230.3,234.31,435244,12010,233.020757
2021-12-13,234.22,237.8797,229.61,233.16,624218,16636,232.948529
2021-12-14,232.9,234.98,230.885,234.19,883603,21869,233.59356
2021-12-15,232.6,237.62,231.08,236.97,753818,21297,235.310143
2021-12-16,236.95,238.28,231.78,233.06,601798,17615,234.520875
2021-12-17,232.63,233.34,224.23,226.65,1224839,22609,227.345416
2021-12-20,222.56,223.662,217.57,222.3,1086984,24995,221.174582
2021-12-21,222.66,224.98,219.03,223.04,740656,16606,222.059352
2021-12-22,223.61,227.38,222.95,227.33,458867,11881,226.139942
2021-12-23,228.01,229.66,227.5419,228.27,330676,9241,228.492571
2021-12-27,229.72,231.69,228.78,231.47,381428,10454,230.696386
2021-12-28,232.7,233.11,230.51,231.17,343259,9693,231.500415
2021-12-29,231.82,238.47,231.54,236.76,524859,13566,236.640837
2021-12-30,238.81,239.36,236.23,236.72,361705,12225,237.210327
2021-12-31,236.6,239.54,235.2172,238.6,307334,9842,237.939544
2022-01-03,238.35,239.86,234.14,235.72,520567,15742,236.023999
2022-01-04,235.83,239.59,234.73,236.3,617789,15715,236.725982
2022-01-05,236.6,237.9,229.46,229.78,702346,19183,233.356086
2022-01-06,229.18,232.84,228.0,231.31,770887,15408,231.292631
2022-01-07,230.84,231.58,225.24,228.38,851029,18197,228.473983
2022-01-10,225.38,227.42,220.6318,227.39,974954,20089,224.712986
2022-01-11,227.57,227.95,221.59,225.8,1009986,20637,224.878664
2022-01-12,226.41,230.82,226.02,228.91,570454,14571,228.522529
2022-01-13,231.6,234.3,229.96,230.79,545535,14609,231.962025
2022-01-14,229.1,230.83,221.6201,221.97,866623,20564,223.627295
2022-01-18,219.23,222.07,215.48,221.43,950823,24542,220.294324
2022-01-19,222.72,225.1,220.48,220.66,768912,21447,222.646659
2022-01-20,222.15,224.73,209.51,209.89,1329672,30561,215.027458
2022-01-21,210.27,213.02,207.29,209.11,1211812,29613,209.505295
2022-01-24,205.0,217.44,204.77,217.17,1360904,29396,212.146881
2022-01-25,214.02,215.65,208.01,212.36,987826,25592,212.037027
2022-01-26,214.05,214.05,204.905,207.12,1066867,27134,209.754761
2022-01-27,218.0,219.43,207.56,209.25,1758646,43010,211.689514
2022-01-28,212.39,214.95,207.12,214.84,1181755,27835,212.64778
2022-01-31,214.7,218.56,212.0,218.31,1086570,25358,216.240344
2022-02-01,218.47,222.7899,217.74,220.31,886971,21632,219.824463
2022-02-02,220.89,224.37,219.74,220.89,1007124,20642,221.250714
2022-02-03,219.42,223.49,217.88,219.46,666253,16998,220.670128
2022-02-04,219.4,219.42,214.46,216.93,654311,18132,217.001523
2022-02-07,217.64,219.71,215.76,217.61,1016432,19632,217.431297
2022-02-08,217.94,222.87,217.94,221.95,1010183,20396,221.281006
2022-02-09,224.0,226.3089,222.83,224.46,709250,19264,224.144697
2022-02-10,221.5,225.48,219.705,220.58,804307,21693,222.029915
2022-02-11,220.09,221.749,218.2,219.44,678227,18007,219.93032
2022-02-14,220.0,220.96,214.53,217.93,679920,17876,217.640772
2022-02-15,219.5,222.07,218.38,219.51,711721,17688,219.657639
2022-02-16,218.39,219.98,212.6592,215.05,935744,24754,214.871614
2022-02-17,213.18,214.756,211.24,213.48,883928,21779,213.536637
2022-02-18,213.39,215.85,212.4,214.18,1022327,21981,214.510593
2022-02-22,213.15,213.51,199.89,200.36,1550372,33508,205.066545
2022-02-23,201.87,202.1596,191.2,191.79,1427217,35178,194.920105
2022-02-24,186.99,196.25,186.67,195.38,1797263,33695,194.086458
2022-02-25,195.47,200.86,194.435,200.67,793735,21150,198.554347
2022-02-28,198.17,204.23,198.17,203.79,1264632,24824,202.093846
2022-03-01,203.77,207.37,203.6,205.18,1073781,26366,205.201958
2022-03-02,205.67,208.19,203.18,207.7,845725,22406,207.19718
2022-03-03,208.85,216.2,208.13,214.66,1058806,25911,213.789903
2022-03-04,214.57,222.5,213.24,221.93,1450341,32309,219.189913
2022-03-07,221.56,236.63,221.56,227.48,2364148,51742,229.957776
2022-03-08,226.38,234.05,218.36,219.29,1742393,38428,224.729313
2022-03-09,221.52,227.23,218.5,224.85,939295,24746,223.531597
2022-03-10,222.71,229.33,220.59,228.95,979353,25039,225.564038
2022-03-11,230.01,231.61,225.78,226.52,880884,21165,227.907591
2022-03-14,227.28,231.15,223.8,224.34,897252,20844,225.849885
2022-03-15,225.81,228.11,221.48,227.88,714892,19758,225.731704
2022-03-16,228.91,230.9906,221.855,227.12,768784,21710,226.248845
2022-03-17,226.63,232.85,225.62,232.6,708069,17199,230.443665
2022-03-18,235.47,235.4991,229.6457,233.53,1294439,24283,232.756907
2022-03-21,233.34,235.5599,229.56,231.59,534534,16606,231.764789
2022-03-22,232.22,232.72,228.885,231.81,497894,16683,231.178049
2022-03-23,232.09,233.8,230.12,232.12,842346,24013,232.068504
2022-03-24,233.21,234.75,232.01,233.33,604442,19003,233.104591
2022-03-25,235.0,235.73,229.37,232.2,648070,20545,231.766169
2022-03-28,231.58,232.69,229.21,232.23,596431,18915,231.086803
2022-03-29,233.48,234.55,230.27,233.35,750499,20928,232.932762
2022-03-30,231.8,233.0,229.52,232.85,601834,17576,232.28312
2022-03-31,233.67,241.54,232.4,233.37,2226054,41771,237.153588
2022-04-01,233.71,234.51,226.3,226.71,1120863,29741,229.044878
2022-04-04,227.0,227.83,224.62,227.68,1015752,24652,226.465373
2022-04-05,227.4,232.81,222.88,224.5,1124740,25669,225.966977
2022-04-06,222.95,225.76,219.61,224.92,1121717,27085,222.803752
2022-04-07,223.74,233.35,223.52,230.98,1284750,25972,230.532021
2022-04-08,230.48,238.265,230.48,236.38,848952,24753,236.059876
2022-04-11,234.42,237.66,232.815,235.11,753591,22897,234.985189
2022-04-12,237.2,241.4,234.845,236.69,814518,22055,237.968341
2022-04-13,237.1,239.74,235.52,237.38,768797,21200,236.993909
2022-04-14,237.15,238.88,228.05,228.23,1108325,29458,231.510018
2022-04-18,226.76,227.63,214.68,217.53,2191547,44387,218.723083
2022-04-19,217.55,222.17,217.33,221.65,1210173,30821,220.307646
2022-04-20,221.92,223.17,219.27,221.09,1220754,32628,221.689831
2022-04-21,218.76,221.0,216.0,219.18,2275965,48634,218.776809
2022-04-22,216.43,217.0,206.51,206.65,2140150,47130,209.292644
2022-04-25,205.01,210.48,203.72,209.96,1825302,41041,207.546255
2022-04-26,209.01,211.02,205.75,205.87,997394,25077,207.74135
2022-04-27,205.61,208.58,203.9376,205.3,915432,25322,206.067266
2022-04-28,207.31,210.84,202.83,208.48,1011765,25027,207.291729
2022-04-29,206.7,208.845,200.94,201.45,1330428,26527,203.447208
2022-05-02,202.14,207.35,201.43,206.32,1242145,31715,204.405095
2022-05-03,206.14,207.42,203.99,205.68,1116769,25173,205.622249
2022-05-04,206.0,213.06,205.24,212.63,1064140,24784,209.259615
2022-05-05,212.07,213.06,201.9,204.22,1026065,24783,204.694927
