Date,Open,High,Low,Close,Volume,OpenInterest
2020-05-07,222.28,226.76,221.365,222.23,590601,0.0
2020-05-08,225.64,230.37,223.44,230,1147340,0.0
2020-05-11,227.47,234.6,226.6901,230.21,1387002,0.0
2020-05-12,228.65,228.65,211.58,211.87,1457442,0.0
2020-05-13,211.92,211.9999,195.06,197.81,1866446,0.0
2020-05-14,194,201.81,188.1,200.96,1498081,0.0
2020-05-15,199.77,205.45,197.51,200.44,1960098,0.0
2020-05-18,210.6,218.46,210.6,212.57,1099396,0.0
2020-05-19,213.01,213.01,204.33,210.22,912034,0.0
2020-05-20,213,215.26,210,213.56,1797232,0.0
2020-05-21,213.36,224.48,210.74,222.77,3481828,0.0
2020-05-22,223.29,223.64,216.29,220.71,1973254,0.0
2020-05-26,230.36,239.09,228.41,238.07,1578001,0.0
2020-05-27,244.43,252.38,239.26,251.72,1548881,0.0
2020-05-28,251.66,252.89,241,243.27,1420016,0.0
2020-05-29,240.61,246.41,231.51,244,2292044,0.0
2020-06-01,246.49,250.57,236.01,238.959,1366005,0.0
2020-06-02,242.16,242.95,237.05,241.22,1217288,0.0
2020-06-03,244.47,254.365,242,252.3,1948526,0.0
2020-06-04,250.5,255.8324,244.28,247.74,1412034,0.0
2020-06-05,256.86,258.18,249.74,252.08,1046286,0.0
2020-06-08,255.91,256.79,250.44,254.56,1686706,0.0
2020-06-09,248.44,249,244.1844,244.71,1313290,0.0
2020-06-10,245.67,246.84,236.47,238.41,966734,0.0
2020-06-11,225.28,230.78,223.0597,225.88,2588720,0.0
2020-06-12,232.4,236.31,227.335,227.335,275608,0.0
2020-06-15,218.71,225.8,214.5,225.57,1000067,0.0
2020-06-16,235,236.16,225,225.79,2275201,0.0
2020-06-17,226.87,229.84,222.4196,223.55,1114987,0.0
2020-06-18,221.57,224.09,217.51,219.17,1927256,0.0
2020-06-19,227.62,229.3,208.51,212.21,2005714,0.0
2020-06-22,214,214.11,205.08,205.51,1619741,0.0
2020-06-23,208.24,209.7728,205.69,206.72,1455050,0.0
2020-06-24,205,206.43,194.12,200.11,1929946,0.0
2020-06-25,198.33,198.8,191.66,194.28,2019902,0.0
2020-06-26,193.63,193.96,188.9,190,1711658,0.0
2020-06-29,191,200.33,186.01,198.75,1898927,0.0
2020-06-30,198.5,204.15,196.1,203.28,1337014,0.0
2020-07-01,202.62,209.8476,200.83,203.7,1176469,0.0
2020-07-02,207.84,208.43,202.1,203.81,725362,0.0
2020-07-06,207.15,209.43,204.33,208.83,836216,0.0
2020-07-07,205.61,206.83,201.1888,202.93,895533,0.0
2020-07-08,202.3,204.43,199.3,201.93,909412,0.0
2020-07-09,201.95,202.135,191.09,192.23,1174263,0.0
2020-07-10,193.13,196.53,191.84,195.96,1579384,0.0
2020-07-13,197.88,199.355,192.4601,192.6887,1080526,0.0
2020-07-14,191.8,193.335,186.975,191.87,1353332,0.0
2020-07-15,199.05,205.24,197.75,203.76,1271255,0.0
2020-07-16,200.38,203.83,200.37,203.18,754029,0.0
2020-07-17,203.07,206.5,201.9,203,679539,0.0
2020-07-20,202.13,202.395,196,199.96,690595,0.0
2020-07-21,198,207.85,196.25,202.13,1144248,0.0
2020-07-22,201.43,206.07,200.59,205.44,712854,0.0
2020-07-23,204.62,209.17,203.12,205.79,900893,0.0
2020-07-24,204.4356,206.32,202.452,203.84,526055,0.0
2020-07-27,202.25,202.54,195.77,198.84,1211101,0.0
2020-07-28,198.75,202.16,197.18,197.58,564091,0.0
2020-07-29,198.91,205.495,198.53,203.0019,666777,0.0
2020-07-30,200.26,200.7693,196.21,198.54,716569,0.0
2020-07-31,198.525,199.27,190.84,192.99,1212130,0.0
2020-08-03,193.14,193.685,188.1793,191.43,1161203,0.0
2020-08-04,191.58,199.11,191.29,198.6,984963,0.0
2020-08-05,199.88,203.3,198.11,201.96,874875,0.0
2020-08-06,200.85,206.595,200.85,203.97,741210,0.0
2020-08-07,204,204.37,201.41,203.87,514187,0.0
2020-08-10,205.36,220.45,205.02,219.12,1568976,0.0
2020-08-11,221.93,226.3574,214.67,216.23,1016638,0.0
2020-08-12,217.84,218.72,212.33,217.83,529416,0.0
2020-08-13,215.53,223.11,215.53,222.41,659585,0.0
2020-08-14,222.52,226.59,219.1301,225.52,680972,0.0
2020-08-17,226.43,229,220.44,224.06,633479,0.0
2020-08-18,222.87,223.582,215.79,216.24,864726,0.0
2020-08-19,215.24,218.37,212.165,213.36,776901,0.0
2020-08-20,208.5,210.01,203.9,205.46,1268077,0.0
2020-08-21,204.39,215.2,203.99,214,1373205,0.0
2020-08-24,217.255,222.5,216.695,222.41,831741,0.0
2020-08-25,223.27,224,217.5,219.75,805776,0.0
2020-08-26,219.02,223.49,216.06,220.68,938016,0.0
2020-08-27,222.49,226.14,219.61,223.95,1492183,0.0
2020-08-28,253.95,256.6,234.55,237.02,6362936,0.0
2020-08-31,235.2,237.7,230.8,232.03,1176398,0.0
2020-09-01,230.53,233.1,227.8201,232.92,1049911,0.0
2020-09-02,233.61,238.14,230,237.66,790458,0.0
2020-09-03,237.98,242.58,234.73,238.05,907391,0.0
2020-09-04,239.33,244,236.23,240.51,1038593,0.0
2020-09-08,234.17,239.7216,233.025,233.29,915123,0.0
2020-09-09,233.72,237.13,232.2,235.49,727744,0.0
2020-09-10,240.805,242.9,231.591,232.17,749361,0.0
2020-09-11,233.43,233.97,223.395,229.08,745828,0.0
2020-09-14,230.995,234.63,230.19,234.21,713697,0.0
2020-09-15,236.11,241.23,235.86,237.37,705986,0.0
2020-09-16,238.72,244,233.2499,239.86,945846,0.0
2020-09-17,235.92,238.895,232.51,234.75,685948,0.0
2020-09-18,236.74,238.63,230.07,231.74,835316,0.0
2020-09-21,226.79,227.08,220.53,225.79,754956,0.0
2020-09-22,227.2,230.5,222.1,223.95,626994,0.0
2020-09-23,224.15,228.14,216.18,217.0701,738593,0.0
2020-09-24,215.85,221.87,212.06,215.47,716882,0.0
2020-09-25,215,218.28,212.33,216.75,634891,0.0
2020-09-28,221.69,227.93,219.07,225.77,660284,0.0
2020-09-29,224.96,225.925,218.48,223.02,619681,0.0
2020-09-30,223.43,229.13,222.16,223.969,649281,0.0
2020-10-01,226.96,229.51,224.54,228.64,624659,0.0
2020-10-02,223.94,230.98,222.975,228.71,828632,0.0
2020-10-05,230.48,234.71,227.71,233.65,699265,0.0
2020-10-06,234.95,235.92,225.02,225.46,783805,0.0
2020-10-07,229.1705,232.32,226.49,229.5,809914,0.0
2020-10-08,232.56,238.2704,231.67,237.51,623076,0.0
2020-10-09,239.34,240.64,232.78,233.625,625312,0.0
2020-10-12,235.45,242.78,234.06,237.73,825556,0.0
2020-10-13,237.47,241.45,235.42,238.45,478208,0.0
2020-10-14,239.99,244.13,238.42,239.74,460484,0.0
2020-10-15,235.7,239.99,234.1701,238.94,420247,0.0
2020-10-16,240.59,243.365,237.16,242,571149,0.0
2020-10-19,243,245.6878,234.56,235.69,591759,0.0
2020-10-20,237.09,237.92,231.695,232.625,596199,0.0
2020-10-21,233.14,235.16,228.51,232.86,435828,0.0
2020-10-22,233.87,236.04,227.74,236.03,587198,0.0
2020-10-23,236.59,236.59,231.34,235.11,550878,0.0
2020-10-26,231.32,231.8,214.9,221,1232602,0.0
2020-10-27,220.1,221.635,213.19,213.42,713159,0.0
2020-10-28,209.95,209.95,200.5,201.46,1316823,0.0
2020-10-29,201.32,208.24,201,205.82,722657,0.0
2020-10-30,203.85,207.8898,201.11,206.94,809575,0.0
2020-11-02,209,211.44,206.8001,210.78,810217,0.0
2020-11-03,213.82,218.85,212.47,217.39,782447,0.0
2020-11-04,217.52,222.5099,216.5,217.27,630974,0.0
2020-11-05,221.23,222.5,213.7,214.38,746724,0.0
2020-11-06,214.99,216.07,210.01,215.03,589355,0.0
2020-11-09,239.49,276.05,239.3,247.2,3350240,0.0
2020-11-10,262.61,273.69,257.87,265.62,3300812,0.0
2020-11-11,264.52,264.52,251.7,255.63,1284653,0.0
2020-11-12,255.6,258,245.62,247.85,955199,0.0
2020-11-13,250.92,263.78,249.18,262.415,1119862,0.0
2020-11-16,270,273.61,262.61,272.425,628283,0.0
2020-11-17,272.5292,278.825,266.7,276.42,1018255,0.0
2020-11-18,276.15,287.2399,274.08,274.33,1077032,0.0
2020-11-19,272.08,277.77,268.7411,274.88,680740,0.0
2020-11-20,271.09,278.03,271.09,273.83,628041,0.0
2020-11-23,275.69,284.34,273.78,282.621,884222,0.0
2020-11-24,280.5,287.03,279.55,284.6,876359,0.0
2020-11-25,279.68,280.87,272.73,279.76,780465,0.0
2020-11-27,281.26,284.27,277.6422,281.48,544170,0.0
2020-11-30,282.65,283.97,274.56,275.66,1046279,0.0
2020-12-01,273.84,281.1,270.74,279.54,835626,0.0
2020-12-02,276.02,283,273,281.93,970079,0.0
2020-12-03,283.95,293.52,282.44,289.82,1476415,0.0
2020-12-04,280.25,289.9,276.5601,279.78,2606376,0.0
2020-12-07,278.1,278.17,269.64,272.96,1208441,0.0
2020-12-08,270.57,273.91,267.67,271.95,819504,0.0
2020-12-09,271.75,277.04,270.24,275.67,807766,0.0
2020-12-10,274,274.81,271.085,272,517626,0.0
2020-12-11,269.96,269.96,263.17,265.29,966766,0.0
2020-12-14,269.085,272,265.08,265.64,710741,0.0
2020-12-15,268.7,268.93,261.43,267.53,498493,0.0
2020-12-16,268.44,271.37,265.75,269.88,664866,0.0
2020-12-17,271,273.65,268.19,272.78,686678,0.0
2020-12-18,272.01,273.69,266.565,268.3,1118195,0.0
2020-12-21,260.78,269.37,258,268.44,656301,0.0
2020-12-22,268.11,269.655,262.86,265.39,525928,0.0
2020-12-23,267.75,272.5329,267.405,268.3,517874,0.0
2020-12-24,267.33,268.39,263.93,264.64,253679,0.0
2020-12-28,266.61,279.43,265.05,278.29,999990,0.0
2020-12-29,279.9,282.42,275.21,277.5,545587,0.0
2020-12-30,276.19,284.84,276.19,282.84,728012,0.0
2020-12-31,282.55,288,279.8295,287.16,588424,0.0
2021-01-04,287.16,289.65,280.09,282.67,922968,0.0
2021-01-05,282,284.5705,277.85,280.26,645485,0.0
2021-01-06,282.64,292.6,281,291.19,694996,0.0
2021-01-07,292.58,295.63,289,292.43,612251,0.0
2021-01-08,292.74,297.59,290.725,294.28,640209,0.0
2021-01-11,290.36,294.74,288.185,290.11,565116,0.0
2021-01-12,291.38,294.82,288.96,293.98,498280,0.0
2021-01-13,294.4,295.05,292.2,294,404086,0.0
2021-01-14,296.62,305.2,294.7938,301.79,725308,0.0
2021-01-15,300.16,305.95,298.51,301.81,975857,0.0
2021-01-19,305.01,310.4875,291.194,293.15,725683,0.0
2021-01-20,294.65,296.855,290.7,295.4,595827,0.0
2021-01-21,293.92,305.6999,293.5,300.23,601445,0.0
2021-01-22,299.08,308.06,298.09,300.09,553917,0.0
2021-01-25,299.54,303.5405,293.74,295.8,671368,0.0
2021-01-26,297.66,297.9,290.8747,295.79,440583,0.0
2021-01-27,286.41,291.3621,281.28,287.45,648067,0.0
2021-01-28,290.38,295,288.8047,290.33,491916,0.0
2021-01-29,290.1,291.01,279.5,279.5,577277,0.0
2021-02-01,282.03,283.17,276,282.13,650068,0.0
2021-02-02,284.21,291,284.21,287.26,561582,0.0
2021-02-03,287.83,294.72,287.76,288.94,388942,0.0
2021-02-04,289.73,295.85,289.73,295.59,252576,0.0
2021-02-05,297.9,303.37,297,302.04,580521,0.0
2021-02-08,302.69,316.21,301.56,316.11,698548,0.0
2021-02-09,314.59,320.68,314.59,318.975,473105,0.0
2021-02-10,318.27,320.92,312.1163,315.44,516670,0.0
2021-02-11,315.65,322.11,314.7,321.14,397899,0.0
2021-02-12,320.11,321.23,317.5,319.63,235938,0.0
2021-02-16,319.82,330.89,317.5,328.05,701456,0.0
2021-02-17,328.88,329.7699,322.23,324.54,358444,0.0
2021-02-18,321.79,322.215,316.33,318.62,492829,0.0
2021-02-19,320.117,325.1,319.56,321.77,340966,0.0
2021-02-22,314.025,335.13,314.025,328.22,456036,0.0
2021-02-23,327.09,331.29,318.13,328.03,521642,0.0
2021-02-24,326.05,336.29,324.94,334.03,534718,0.0
2021-02-25,337.22,338.26,327.46,327.48,661461,0.0
2021-02-26,329.32,332.27,320.74,321.96,634132,0.0
2021-03-01,326.77,340.15,326.77,337.42,739074,0.0
2021-03-02,338.865,341.5,335,336.57,621020,0.0
2021-03-03,337.4,343.1721,334.23,334.23,563978,0.0
2021-03-04,333.52,333.875,317.2,324.4,747297,0.0
2021-03-05,330,335.06,319.2401,333.35,924826,0.0
2021-03-08,341.85,349.2098,335.41,345.76,1078008,0.0
2021-03-09,349.61,349.61,338.74,339.14,568513,0.0
2021-03-10,340.71,343.98,338.43,343.47,681749,0.0
2021-03-11,343,351,341.29,347.8,744724,0.0
2021-03-12,317.395,325.6,306.06,318.07,5120751,0.0
2021-03-15,318.38,322.88,313.36,322.42,1124892,0.0
2021-03-16,320.18,320.18,308.69,312.33,1461704,0.0
2021-03-17,313.45,320.41,312.36,319.01,1068064,0.0
2021-03-18,319.5,326.8,313.8,319.35,763394,0.0
2021-03-19,319.41,324.61,317.605,321.71,760460,0.0
2021-03-22,320,321.03,313.2,315.27,573198,0.0
2021-03-23,314.5,314.23,308.26,309.02,866833,0.0
2021-03-24,310.96,313.97,300.85,300.85,703717,0.0
2021-03-25,299.41,309.381,297.29,306.55,1115984,0.0
2021-03-26,309,309.38,300,302.97,1011316,0.0
2021-03-29,301.5,308.43,301.44,305.91,1060845,0.0
2021-03-30,305.93,312.46,305.29,308,780221,0.0
2021-03-31,306.51,313.655,304.337,309.51,553413,0.0
2021-04-01,311.43,315.02,307.79,313.62,651646,0.0
2021-04-05,316.11,321,313.1319,319.55,821654,0.0
2021-04-06,320,323.815,315.23,315.25,583559,0.0
2021-04-07,314.61,319.655,314.61,315.78,499506,0.0
2021-04-08,318.29,322.7,318.25,319.74,695120,0.0
2021-04-09,321.28,322.72,318.8,322.23,604165,0.0
2021-04-12,322.97,328.5373,322.01,327.79,763871,0.0
2021-04-13,327.19,332.73,320.53,332.06,736584,0.0
2021-04-14,334.98,340.265,328.42,328.82,751176,0.0
2021-04-15,330.24,331.8099,325.89,326.31,495005,0.0
2021-04-16,329.06,332.15,326.67,330.74,521958,0.0
2021-04-19,330.24,330.565,325.96,328.2,423252,0.0
2021-04-20,326,327.83,313.175,316.94,840992,0.0
2021-04-21,316.89,323.7,316.29,322.44,494137,0.0
2021-04-22,324.81,328.33,320.8888,323.84,518524,0.0
2021-04-23,324.37,329.79,323.39,328.41,404708,0.0
2021-04-26,331.09,333.9,325.37,328.29,498348,0.0
2021-04-27,329.96,331.61,328.01,328.89,376874,0.0
2021-04-28,329.88,330.99,326.37,327.07,254593,0.0
2021-04-29,329.65,331.29,326.42,328.65,360750,0.0
2021-04-30,330.05,333.86,326.39,329.68,329311,0.0
2021-05-03,330.4,334.41,323.99,324.27,640959,0.0
2021-05-04,321.48,322.91,314.73,320.81,622528,0.0
2021-05-05,323.92,324.31,317.56,318.91,407536,0.0
2021-05-06,319.18,321.53,315.12,316.67,512766,0.0
2021-05-07,316.59,323.6099,316.255,322.5,724216,0.0
2021-05-10,322.54,330.79,321.93,321.93,604041,0.0
2021-05-11,316.46,317.74,306.09,312.31,1117172,0.0
2021-05-12,309.86,313.5,299.7727,302.4,729265,0.0
2021-05-13,304.4,313.9099,304.4,311.56,677874,0.0
2021-05-14,312.24,324.99,312.24,324.15,767580,0.0
2021-05-17,327.99,330.89,324.11,329.85,707593,0.0
2021-05-18,330.35,333.1613,326.63,326.88,538588,0.0
2021-05-19,322.58,324.36,315.74,319.29,550857,0.0
2021-05-20,319.03,321,314.21,318.49,729094,0.0
2021-05-21,322.8,324.9,315.5,315.9,716566,0.0
2021-05-24,318.04,319.75,312.35,315.8,784017,0.0
2021-05-25,318.8,323.44,317.13,320.94,558469,0.0
2021-05-26,322.22,328.5499,321.455,327.27,711196,0.0
2021-05-27,329,329.58,320.32,328.9,960777,0.0
2021-05-28,343.47,351.72,340.61,345.36,2517069,0.0
2021-06-01,346.7,348.355,337.0799,343.19,1008327,0.0
2021-06-02,344.57,344.58,333.505,336.8,701659,0.0
2021-06-03,334.83,335.97,328.28,332.93,791406,0.0
2021-06-04,334.69,335.2567,323.11,326.75,881389,0.0
2021-06-07,327.26,332.82,327.26,332.8,587904,0.0
2021-06-08,332.56,342.33,332.56,341.44,659129,0.0
2021-06-09,341.99,343.6993,332.55,332.69,482430,0.0
2021-06-10,333.31,335.68,329.11,332.13,455881,0.0
2021-06-11,333.13,338.54,332.91,338.47,364699,0.0
2021-06-14,337.93,338.77,331.79,337.01,366609,0.0
2021-06-15,335.73,337.42,330.36,332.81,328376,0.0
2021-06-16,332.07,332.47,325.78,331.9,504793,0.0
2021-06-17,333,334.97,324.34,328.39,776944,0.0
2021-06-18,325.38,330.7651,325.22,327,468769,0.0
2021-06-21,326.33,334.98,326.27,334.92,439632,0.0
2021-06-22,335.99,338.21,333.11,335.58,359732,0.0
2021-06-23,334.59,342.8,332.58,341.19,656115,0.0
2021-06-24,343.39,351.94,343.377,351.86,731824,0.0
2021-06-25,353.5,356.31,346.69,348.94,635112,0.0
2021-06-28,350.25,351.46,340.84,342.99,620203,0.0
2021-06-29,343.12,347.415,342.12,343.6,335390,0.0
2021-06-30,344.54,346.94,342.19,345.87,390374,0.0
2021-07-01,347.75,352.645,346.96,348.98,570398,0.0
2021-07-02,354.65,355.49,347.63,351.69,334644,0.0
2021-07-06,352.77,352.77,347.12,351.99,489352,0.0
2021-07-07,352.72,353.9154,340.01,340.89,583084,0.0
2021-07-08,336.32,338.42,326.84,335.58,495917,0.0
2021-07-09,338.95,344.33,338.95,343.6,355293,0.0
2021-07-12,341.55,344.5,337.9,343.03,511414,0.0
2021-07-13,342.07,342.99,338.24,339.4,285519,0.0
2021-07-14,343.95,349.7,341.4,342.32,460661,0.0
2021-07-15,340.28,344.83,337.62,343.355,218063,0.0
