Date,Open,High,Low,Close,volume,trade_count,vwap
2020-12-31,22.4,23.05,22.285,22.94,1807913,12725,22.836174
2021-01-04,22.96,23.15,22.07,22.09,2442602,23368,22.315013
2021-01-05,22.06,22.52,21.87,22.27,2351681,20355,22.238913
2021-01-06,22.96,24.1,22.83,23.74,3259713,26790,23.735888
2021-01-07,24.07,24.1,23.51,23.52,2219123,18079,23.690754
2021-01-08,23.89,23.9,22.88,23.34,2377939,19061,23.333558
2021-01-11,23.07,23.64,22.88,23.54,1404871,13978,23.502936
2021-01-12,23.89,24.875,23.69,24.59,2792392,22407,24.560242
2021-01-13,24.5,24.61,24.18,24.47,1659321,15096,24.441224
2021-01-14,24.66,25.54,24.59,25.38,1867335,16622,25.251063
2021-01-15,24.98,25.36,24.7,25.22,2330508,19619,25.137286
2021-01-19,25.44,26.3,25.37,26.06,2807258,24864,25.88311
2021-01-20,26.01,26.16,25.73,25.87,1704154,17125,25.896179
2021-01-21,25.84,26.11,25.49,25.49,1488748,15516,25.689452
2021-01-22,25.1,25.51,24.93,25.4,2410069,15419,25.346143
2021-01-25,24.97,25.22,24.595,25.03,1708002,18029,24.922681
2021-01-26,25.17,25.345,24.8,25.18,1503045,14423,25.107522
2021-01-27,24.74,25.05,24.44,24.71,2450938,23583,24.704641
2021-01-28,24.69,25.05,24.265,24.31,4021379,33058,24.564085
2021-01-29,24.29,24.495,23.14,23.23,5698918,37440,23.378755
2021-02-01,23.39,23.78,22.985,23.73,1887623,19616,23.398889
2021-02-02,24.09,24.19,23.64,23.88,2329233,18129,23.862649
2021-02-03,23.88,24.115,23.75,24.06,2084957,16663,23.964093
2021-02-04,24.18,24.72,24.06,24.69,1899235,19593,24.527716
2021-02-05,24.54,24.69,23.32,23.35,3246976,25940,23.591552
2021-02-08,23.39,23.965,23.2,23.93,2405389,20367,23.690294
2021-02-09,23.77,23.99,23.54,23.87,1720797,15400,23.82267
2021-02-10,23.97,24.305,23.68,24.17,1726416,15459,24.096752
2021-02-11,24.15,24.48,23.85,24.28,1784584,16142,24.18358
2021-02-12,24.26,25.14,24.24,24.74,2165628,18296,24.720094
2021-02-16,24.92,25.9,24.89,25.56,2899341,22390,25.626445
2021-02-17,25.6,26.06,25.565,25.79,1981739,18098,25.772265
2021-02-18,25.55,25.89,24.755,25.05,2603541,19879,25.129281
2021-02-19,25.34,25.8,25.255,25.61,2908824,22629,25.562238
2021-02-22,25.54,26.82,25.54,26.55,2435301,19105,26.488245
2021-02-23,26.9,26.94,25.92,26.63,2180751,21666,26.457314
2021-02-24,26.81,27.88,26.78,27.8,2829597,24111,27.674837
2021-02-25,28.03,28.17,26.98,27.15,2646350,25539,27.450519
2021-02-26,26.87,27.34,26.1,26.48,3223758,24037,26.608952
2021-03-01,27.18,27.515,27.01,27.2,2308920,21378,27.261163
2021-03-02,27.1,27.33,26.88,26.88,1957516,17168,27.053985
2021-03-03,27.21,28.78,27.18,28.2,2982835,26151,28.227768
2021-03-04,28.18,28.35,26.7211,27.3,4281614,41218,27.453079
2021-03-05,27.87,28.9,26.96,28.79,4778906,37368,28.072786
2021-03-08,29.23,30.34,29.04,29.44,2942751,27385,29.710566
2021-03-09,28.77,29.29,28.2799,28.5,3463599,29667,28.70222
2021-03-10,28.59,29.54,28.46,29.31,2743067,24641,29.15358
2021-03-11,29.03,29.51,28.75,28.96,1633119,16032,28.99882
2021-03-12,29.5,29.58,28.945,29.04,2635804,22654,29.205168
2021-03-15,28.99,29.0,28.09,28.82,2433858,25296,28.476916
2021-03-16,28.5,28.65,27.48,27.99,3637465,29787,27.870681
2021-03-17,28.36,28.59,27.94,28.26,2343701,22497,28.194802
2021-03-18,28.63,29.465,28.32,28.47,2557453,26473,28.89903
2021-03-19,28.2,28.44,27.6,27.89,8108192,28671,27.960522
2021-03-22,27.6,27.82,27.13,27.25,2329825,21892,27.348922
2021-03-23,26.9,27.21,26.092,26.29,2921672,22662,26.488886
2021-03-24,26.73,27.22,26.065,26.08,2744288,23598,26.447456
2021-03-25,26.04,27.1855,25.73,27.03,2230485,21223,26.695007
2021-03-26,27.39,27.97,27.11,27.72,2578374,26390,27.574467
2021-03-29,27.2,27.53,26.76,27.1,2176445,21051,27.143814
2021-03-30,27.36,27.99,27.36,27.93,2130362,19754,27.787614
2021-03-31,27.69,28.19,27.68,27.83,2092292,19517,27.875271
2021-04-01,27.59,28.15,27.59,28.14,2325400,21962,27.925955
2021-04-05,28.52,28.69,27.8,27.82,1623383,15895,28.019901
2021-04-06,27.87,28.055,27.56,27.65,2636695,24937,27.780648
2021-04-07,27.76,28.0201,27.6,27.97,1523022,13876,27.874225
2021-04-08,27.62,27.87,27.1,27.24,1994435,20135,27.281286
2021-04-09,27.5,27.68,27.335,27.63,1890304,17932,27.514373
2021-04-12,27.85,28.68,27.85,28.58,2682314,27394,28.42883
2021-04-13,28.34,28.65,27.98,28.35,2274963,23874,28.420376
2021-04-14,28.36,29.235,28.33,29.04,1524912,16811,29.001156
2021-04-15,29.01,29.18,28.58,28.89,1742317,20196,28.847706
2021-04-16,29.27,29.555,29.06,29.1,1990085,17687,29.231621
2021-04-19,29.23,29.4117,28.93,29.12,1252010,15325,29.124928
2021-04-20,28.79,28.825,27.87,28.2,1534379,18373,28.152595
2021-04-21,28.13,28.85,27.85,28.83,1120698,10924,28.638957
2021-04-22,28.82,28.82,28.11,28.28,1547434,15391,28.370486
2021-04-23,28.25,28.92,28.1,28.77,1548527,13073,28.729523
2021-04-26,28.94,29.21,28.39,28.55,1851502,16656,28.709864
2021-04-27,28.58,28.82,28.45,28.78,1499794,14793,28.67714
2021-04-28,28.95,29.15,28.73,28.91,1075296,11929,28.916475
2021-04-29,28.91,29.2,28.57,28.88,1334546,14138,28.84256
2021-04-30,28.68,28.88,28.19,28.26,2930304,14726,28.336976
2021-05-03,28.79,29.216,28.57,28.84,1577724,18071,28.929547
2021-05-04,28.8,29.0,28.23,28.77,1604913,16877,28.694225
2021-05-05,29.04,29.73,28.6,29.48,2404683,21988,29.392767
2021-05-06,29.52,30.23,28.99,30.05,2071216,17044,29.705305
2021-05-07,29.44,29.91,29.36,29.89,2129274,19621,29.727301
2021-05-10,30.0,30.82,29.94,30.29,2095963,19599,30.493435
2021-05-11,30.05,30.39,29.655,29.88,1909676,18658,29.920096
2021-05-12,30.27,30.38,28.94,29.02,1965023,20249,29.497129
2021-05-13,28.8,30.25,28.76,30.06,1786229,18555,29.840341
2021-05-14,30.24,30.79,30.0592,30.74,1366938,15601,30.535282
2021-05-17,30.64,30.97,30.39,30.88,1474824,16177,30.811047
2021-05-18,30.66,31.13,30.57,30.59,1595025,18305,30.799953
2021-05-19,30.11,30.39,29.36,30.36,2364612,23166,30.059913
2021-05-20,30.29,30.36,29.53,29.76,2053665,18724,29.732025
2021-05-21,29.87,30.435,29.87,30.14,2075216,15759,30.167761
2021-05-24,30.26,30.35,29.97,30.27,1293059,12834,30.224445
2021-05-25,30.25,30.69,29.39,29.45,1280516,15958,29.807664
2021-05-26,29.61,29.95,29.33,29.87,1057155,12186,29.770806
2021-05-27,30.33,30.975,30.25,30.95,2348073,21140,30.72427
2021-05-28,31.0,31.05,30.18,30.97,2325860,21414,30.741104
2021-06-01,31.42,31.7,31.18,31.51,1821292,15945,31.490459
2021-06-02,31.71,31.98,31.3,31.56,1309028,14734,31.534141
2021-06-03,31.35,31.8969,31.21,31.63,1279028,12858,31.625965
2021-06-04,31.55,31.59,31.08,31.43,1278866,13218,31.365557
2021-06-07,31.56,31.825,31.305,31.72,1927010,18867,31.634589
2021-06-08,31.52,31.95,31.01,31.9,1404707,16733,31.659482
2021-06-09,31.68,31.68,30.96,30.97,1149709,13460,31.192666
2021-06-10,31.47,31.6,30.31,30.32,1537751,15712,30.631331
2021-06-11,30.38,30.6,30.26,30.43,1980918,19811,30.424749
2021-06-14,30.48,30.7,30.11,30.19,1751079,17387,30.272788
2021-06-15,30.23,30.66,30.0,30.31,2330911,20698,30.340734
2021-06-16,30.11,30.65,29.76,30.43,1591431,18143,30.275057
2021-06-17,30.61,30.63,28.18,28.27,2565048,24908,28.746883
2021-06-18,27.77,28.06,26.97,27.03,3736375,30455,27.242507
2021-06-21,27.34,28.2,27.34,28.2,1693110,16095,28.001051
2021-06-22,28.14,28.23,27.59,27.86,1580716,17217,27.917109
2021-06-23,28.01,28.185,27.84,27.86,1173069,12391,27.982212
2021-06-24,28.0,28.52,27.76,28.43,1301296,13668,28.281044
2021-06-25,28.65,29.455,28.41,29.33,2488079,18318,29.217816
2021-06-28,29.15,29.195,28.255,28.41,1823690,17018,28.435493
2021-06-29,28.75,29.09,28.05,28.18,1359735,14585,28.394635
2021-06-30,28.0,28.42,27.99,28.4,1452512,11987,28.293578
2021-07-01,28.66,28.92,28.44,28.83,1291840,12654,28.767833
2021-07-02,28.74,28.78,28.52,28.69,824918,9479,28.679098
2021-07-06,28.56,28.6,27.485,27.68,2177327,17389,27.719769
2021-07-07,27.3,27.75,27.17,27.53,1302606,16643,27.478933
2021-07-08,26.9,27.14,26.34,26.7,1716930,17753,26.710958
2021-07-09,27.46,27.935,27.28,27.91,1557312,15816,27.785403
2021-07-12,27.77,28.37,27.33,28.2,1805642,16300,28.158966
2021-07-13,28.07,28.24,27.53,27.64,1278568,13101,27.729316
2021-07-14,27.72,28.24,27.295,27.58,1205305,11120,27.604593
2021-07-15,27.18,27.81,27.16,27.59,1407411,12935,27.506602
2021-07-16,27.81,27.81,26.95,27.04,1493265,11909,27.193529
2021-07-19,26.23,26.45,25.71,26.1,2362540,21578,26.022378
2021-07-20,26.05,27.4,26.0,27.06,2070550,20735,26.98845
2021-07-21,27.55,28.43,27.4,27.88,1933616,18210,27.990382
2021-07-22,27.81,27.81,27.25,27.37,1518562,16198,27.439468
2021-07-23,27.69,27.95,27.37,27.53,1632497,15329,27.541903
2021-07-26,27.6,28.25,27.59,27.96,1647901,16948,27.974354
2021-07-27,27.56,28.065,27.35,27.8,1187234,11977,27.766875
2021-07-28,27.96,28.06,27.26,27.72,1399296,13873,27.716034
2021-07-29,27.85,28.135,27.525,27.66,1883263,16376,27.796184
2021-07-30,27.54,27.88,27.26,27.4,4401946,19844,27.437931
2021-08-02,27.6,28.28,27.145,27.2,3095711,24724,27.511266
2021-08-03,27.37,27.44,26.35,27.25,3290982,26209,27.134796
2021-08-04,25.7,26.35,24.77,24.84,7446363,51727,25.211156
2021-08-05,25.08,25.77,24.97,25.5,4695478,35197,25.322412
2021-08-06,25.98,26.78,25.98,26.63,2552669,23690,26.559011
2021-08-09,26.5,26.88,26.12,26.58,1551867,13942,26.594446
2021-08-10,26.47,27.24,26.32,26.91,1777528,17282,26.91982
2021-08-11,27.04,27.53,26.675,27.38,1598427,15114,27.318207
2021-08-12,27.43,27.56,27.02,27.35,1376359,13083,27.30414
2021-08-13,27.38,27.52,27.0,27.05,1045995,11218,27.136583
2021-08-16,26.86,27.08,26.48,26.65,1849490,15835,26.697494
2021-08-17,26.27,26.5601,25.97,26.36,1601806,16029,26.295192
2021-08-18,26.11,26.64,25.99,26.06,1408453,14615,26.293797
2021-08-19,25.58,25.9,25.16,25.29,2002937,19025,25.379378
2021-08-20,25.18,25.45,25.03,25.43,1613872,16205,25.325313
2021-08-23,25.75,26.18,25.75,25.93,1509606,14867,25.98904
2021-08-24,26.13,26.69,25.98,26.54,1410869,14147,26.469622
2021-08-25,26.65,27.18,26.46,26.81,1210489,12366,26.888783
2021-08-26,26.82,26.99,26.475,26.52,1134327,11959,26.67239
2021-08-27,26.68,27.1774,26.58,27.08,1109094,11038,26.985347
2021-08-30,27.17,27.17,26.5,26.51,1058562,11611,26.685257
2021-08-31,26.41,26.96,26.38,26.62,1804391,15074,26.668116
2021-09-01,26.83,26.84,26.31,26.39,1490324,14845,26.47343
2021-09-02,26.45,26.73,26.1813,26.51,1590400,13965,26.510306
2021-09-03,26.48,26.65,26.14,26.41,1850811,15637,26.383212
2021-09-07,26.31,26.95,26.23,26.24,3053439,27737,26.457481
2021-09-08,26.27,26.38,25.955,26.13,1431568,15904,26.148798
2021-09-09,26.0,26.69,25.88,26.32,1777205,14610,26.396835
2021-09-10,26.56,26.71,25.78,25.79,2138637,19592,26.060686
2021-09-13,26.06,26.435,25.8,26.28,2229253,23042,26.180228
2021-09-14,26.32,26.48,25.8232,26.08,2948616,24831,26.041274
2021-09-15,26.02,26.31,25.675,26.03,2884001,27099,25.979388
2021-09-16,26.13,26.26,25.705,25.83,1853706,17107,25.910526
2021-09-17,25.89,26.37,24.07,24.27,48574140,58266,24.428398
2021-09-20,23.87,23.98,23.295,23.85,8282720,60299,23.686868
2021-09-21,23.99,24.07,23.42,23.42,4336566,29100,23.577122
2021-09-22,23.76,24.03,23.6,23.61,4542545,34058,23.764489
2021-09-23,23.84,24.47,23.77,24.11,3657188,28471,24.222271
2021-09-24,24.18,24.755,24.07,24.34,2615840,20464,24.49973
2021-09-27,24.69,25.605,24.68,25.32,2698879,24121,25.32327
2021-09-28,25.51,25.565,24.75,24.78,2097947,17209,25.061083
2021-09-29,24.93,25.08,24.58,25.05,4283755,21214,24.933768
2021-09-30,25.22,25.455,24.99,25.06,5084502,25471,25.134544
2021-10-01,25.2,26.01,24.97,25.85,2356451,20991,25.61723
2021-10-04,25.85,26.49,25.78,26.0,3944553,30325,26.047586
2021-10-05,26.09,26.74,25.88,26.68,4115658,24191,26.5743
2021-10-06,26.28,26.88,26.105,26.65,3454358,28020,26.546357
2021-10-07,26.88,27.45,26.86,27.25,2852485,24121,27.240878
2021-10-08,27.25,28.605,27.15,28.32,6837634,40085,28.226471
2021-10-11,28.67,28.935,28.1131,28.18,3425561,22620,28.542861
2021-10-12,28.03,28.23,27.4,27.49,2542772,21738,27.63978
2021-10-13,27.35,27.47,26.7,27.05,2335891,19641,27.124606
2021-10-14,27.4,27.625,27.21,27.51,1478918,14274,27.47025
2021-10-15,27.92,28.04,27.48,27.48,1590454,13486,27.636187
2021-10-18,27.25,27.76,27.23,27.53,1672836,12635,27.505777
2021-10-19,27.82,27.98,27.66,27.9,1206781,13239,27.84734
2021-10-20,27.76,28.63,27.65,28.63,1472119,14067,28.440816
2021-10-21,28.55,28.64,27.635,27.87,1528220,13195,28.017426
2021-10-22,27.99,28.11,27.7101,27.86,2909765,11064,27.878132
2021-10-25,28.0,28.13,27.67,27.69,1385288,11671,27.809694
2021-10-26,28.21,28.55,27.72,27.72,2518483,19183,28.084796
2021-10-27,27.5,27.655,27.0,27.0,3192629,22994,27.21642
2021-10-28,26.8,27.0,26.41,26.81,2478110,20763,26.713357
2021-10-29,26.77,26.82,25.33,25.47,3723244,28687,25.822145
2021-11-01,25.71,26.34,25.7,26.26,2074200,19791,26.095886
2021-11-02,26.18,26.275,25.83,26.09,3779044,16980,26.0641
2021-11-03,25.47,26.76,24.79,26.25,4164971,32289,26.159315
2021-11-04,26.2,26.44,25.54,25.95,3677657,29203,25.858505
2021-11-05,26.32,27.12,26.3,26.36,2961242,23981,26.658038
2021-11-08,26.54,26.86,25.96,26.1,1865616,16599,26.278487
2021-11-09,25.87,26.11,25.54,25.71,1310171,15167,25.715337
2021-11-10,25.81,26.19,25.51,25.63,3325645,20157,25.703397
2021-11-11,25.8,26.385,25.665,26.24,3196640,14099,26.221615
2021-11-12,26.13,26.54,26.05,26.49,1502526,11992,26.393538
2021-11-15,26.62,26.81,26.36,26.54,1401957,12599,26.539806
2021-11-16,26.54,26.635,26.1,26.11,1503794,13521,26.299831
2021-11-17,25.93,26.5,25.91,26.38,2494007,23331,26.303176
2021-11-18,26.34,26.535,25.57,25.78,2067662,19463,25.782495
2021-11-19,25.34,25.52,25.005,25.27,2400378,22676,25.255919
2021-11-22,25.4,25.81,25.135,25.47,2088408,20284,25.538952
2021-11-23,25.68,25.93,25.63,25.82,1376998,12503,25.80837
2021-11-24,25.65,25.81,25.435,25.5,1912924,16356,25.595239
2021-11-26,24.31,24.58,23.47,24.45,3015792,26812,24.052195
2021-11-29,24.82,24.91,23.805,23.95,2324218,19092,24.095156
2021-11-30,23.51,23.67,22.92,23.1,3625606,26327,23.18617
2021-12-01,23.68,23.85,22.37,22.38,2481079,24423,22.922436
2021-12-02,22.66,23.3,22.485,23.03,2867268,24534,22.97487
2021-12-03,23.48,23.65,22.985,23.21,3114275,24198,23.24919
2021-12-06,23.57,24.08,23.38,23.64,2567305,19068,23.762265
2021-12-07,23.83,24.39,23.71,24.1,2318638,22105,24.151673
2021-12-08,24.21,24.46,24.03,24.03,1688609,14405,24.205116
2021-12-09,23.86,24.235,23.77,24.14,1394396,13194,24.074436
2021-12-10,24.4,24.42,23.85,24.01,1264542,13087,24.041989
2021-12-13,23.87,23.97,23.35,23.41,2866804,16980,23.47048
2021-12-14,23.44,24.11,23.42,23.8,2006286,16155,23.865393
2021-12-15,23.92,24.175,23.3,24.1,1864912,18158,23.814726
2021-12-16,24.44,24.67,24.01,24.18,1945829,21452,24.325265
2021-12-17,24.13,24.22,23.48,23.7,5476731,21948,23.731758
2021-12-20,23.24,23.31,22.25,22.68,2847085,23037,22.577111
2021-12-21,23.0,24.0,22.905,23.84,1798547,17731,23.779738
2021-12-22,23.87,24.225,23.75,24.09,1128535,12601,24.090918
2021-12-23,24.29,24.69,24.23,24.47,1251337,12287,24.525492
2021-12-27,24.47,24.69,24.26,24.59,1262542,12521,24.53385
2021-12-28,24.59,24.995,24.54,24.68,877149,9951,24.784565
2021-12-29,24.68,24.855,24.56,24.69,973872,9945,24.733679
2021-12-30,24.76,25.03,24.65,24.66,856080,10745,24.77827
2021-12-31,24.56,24.86,24.54,24.57,799841,8422,24.652251
2022-01-03,24.81,25.41,24.8,25.3,1487437,15819,25.23108
2022-01-04,25.66,26.35,25.635,26.2,2158781,20542,26.141491
2022-01-05,26.34,26.98,26.21,26.24,2311082,22430,26.515649
2022-01-06,26.84,27.34,26.48,27.09,3033316,27080,26.988387
2022-01-07,27.15,28.105,26.96,27.89,2587550,23841,27.741816
2022-01-10,28.04,28.14,27.225,27.4,2265968,19265,27.459429
2022-01-11,27.43,27.52,26.98,27.5,1717148,18247,27.326838
2022-01-12,27.63,27.97,27.13,27.3,2282962,20663,27.356838
2022-01-13,27.5,27.955,27.41,27.75,1764339,17027,27.772643
2022-01-14,27.28,28.1,27.16,28.1,1874073,17141,27.824906
2022-01-18,28.16,28.28,27.525,27.66,1872408,15513,27.806918
2022-01-19,27.81,27.81,26.93,26.96,2023021,17367,27.167013
2022-01-20,27.11,27.555,26.615,26.67,1574247,17251,27.081098
2022-01-21,26.47,26.556,25.6,25.7,2265802,20480,25.925706
2022-01-24,25.03,25.74,24.275,25.65,2378192,25619,24.956604
2022-01-25,25.3,26.36,24.65,26.19,2640043,24915,25.752899
2022-01-26,26.46,26.85,25.93,26.26,2670037,29500,26.365879
2022-01-27,26.16,26.59,24.905,25.32,3191417,30982,25.541448
2022-01-28,25.19,25.27,24.23,24.99,2865895,31476,24.66519
2022-01-31,24.75,25.405,24.4802,25.38,2827061,23436,25.175749
2022-02-01,25.34,25.48,25.01,25.34,5037285,40540,25.322396
2022-02-02,25.2,26.28,25.16,25.76,2816249,30543,25.737735
2022-02-03,25.96,26.52,25.77,25.84,2602141,27024,26.032686
2022-02-04,25.84,27.38,25.79,27.14,3227628,31705,26.787342
2022-02-07,27.27,27.605,27.14,27.29,2777707,27653,27.35722
2022-02-08,27.72,28.71,27.495,28.67,3598894,32831,28.431353
2022-02-09,28.6,28.88,28.2,28.24,2807658,24440,28.452835
2022-02-10,28.15,29.53,28.15,28.79,2625109,26503,29.026561
2022-02-11,28.7,30.07,28.58,29.24,3170080,31289,29.334234
2022-02-14,29.08,29.21,28.31,28.55,2950601,29460,28.564969
2022-02-15,28.82,29.55,28.78,29.49,1947861,23859,29.369295
2022-02-16,29.26,29.99,29.26,29.61,2090341,26941,29.651758
2022-02-17,29.16,29.4,28.555,28.77,2029692,21913,28.822718
2022-02-18,28.56,29.1,28.46,28.82,3428123,28438,28.814643
2022-02-22,28.59,28.8893,27.81,28.14,2730131,26693,28.2794
2022-02-23,28.48,28.71,27.845,27.95,2303698,23882,28.133264
2022-02-24,26.77,27.4,26.36,27.3,3224899,34921,26.811801
2022-02-25,27.49,28.65,27.4555,28.52,2874715,30450,28.407648
2022-02-28,27.53,28.12,27.53,27.92,2036605,23671,27.83662
2022-03-01,27.47,27.65,26.115,26.88,4437009,41253,26.67983
2022-03-02,27.17,28.475,27.17,28.34,2913870,29258,28.064441
2022-03-03,28.47,28.79,28.06,28.58,2405908,24371,28.529504
2022-03-04,27.67,27.99,27.325,27.52,2744516,25252,27.547248
2022-03-07,27.22,27.32,26.33,26.35,2265274,24825,26.613133
2022-03-08,27.0,27.49,26.4,26.59,2575905,28798,26.794281
2022-03-09,27.47,28.15,27.313,27.54,1785491,23493,27.680727
2022-03-10,27.18,27.69,27.09,27.38,1805024,19807,27.315258
2022-03-11,27.79,28.0,27.0,27.06,2143401,22981,27.272936
2022-03-14,27.72,28.18,27.39,27.55,2514339,25571,27.697789
2022-03-15,27.63,28.088,27.36,27.78,1771878,21941,27.684748
2022-03-16,28.18,29.24,28.18,29.23,3835697,36608,28.797081
2022-03-17,29.0,29.49,28.68,29.49,2076570,26053,29.210514
2022-03-18,29.29,29.525,28.755,29.47,4374078,27679,29.363857
2022-03-21,29.72,29.91,29.23,29.66,1692763,17405,29.601953
2022-03-22,30.0,30.73,30.0,30.37,1982294,20560,30.428668
2022-03-23,30.21,30.64,30.15,30.24,2980516,34683,30.402167
2022-03-24,30.45,31.31,30.445,31.25,2421743,22740,31.107721
2022-03-25,31.07,32.145,31.07,31.8,2050559,22023,31.769385
2022-03-28,31.61,31.68,31.11,31.49,1685543,19875,31.357968
2022-03-29,31.9,32.25,31.35,31.78,2190689,22928,31.757521
2022-03-30,31.85,32.075,31.355,31.52,1834131,20585,31.66785
2022-03-31,31.5,32.06,31.48,31.51,2319362,23830,31.74019
2022-04-01,31.77,32.025,31.405,31.62,1366233,16906,31.609653
2022-04-04,31.34,31.56,30.515,30.61,2036998,23495,30.745797
2022-04-05,30.72,31.455,30.6,31.25,3751051,22045,31.197578
2022-04-06,31.24,32.26,31.11,31.63,2862401,30438,31.803404
2022-04-07,31.68,31.73,30.89,31.43,2417879,25879,31.273576
2022-04-08,31.81,32.33,31.41,32.23,2423202,21991,32.111199
2022-04-11,32.41,32.842,32.09,32.15,1792854,19819,32.395922
2022-04-12,32.33,32.62,31.72,31.96,1649885,18842,32.080605
2022-04-13,31.73,32.405,31.73,32.34,1513948,20855,32.186025
2022-04-14,32.34,32.87,32.34,32.76,1770121,20874,32.675601
2022-04-18,32.55,33.085,32.51,33.01,1407277,17344,32.895495
2022-04-19,33.1,33.52,32.85,33.44,1416337,16449,33.291748
2022-04-20,33.63,34.03,33.58,33.78,1888181,18834,33.833327
2022-04-21,34.0,34.28,33.695,34.01,2702914,26159,34.00503
2022-04-22,33.97,34.025,33.28,33.3,4554415,35066,33.703592
2022-04-25,32.79,32.94,31.585,32.89,2449120,31192,32.190083
2022-04-26,32.3,32.795,31.24,31.25,3216934,29534,31.734099
2022-04-27,31.15,31.76,30.81,31.46,2848538,25893,31.473289
2022-04-28,31.5,31.71,30.85,31.52,1607536,18893,31.348881
2022-04-29,31.5,31.67,30.43,30.52,2342822,18411,30.854539
2022-05-02,30.73,31.2,30.21,30.82,2121997,27141,30.802004
2022-05-03,31.02,31.44,30.72,31.2,2097557,20088,31.189065
2022-05-04,31.2,32.42,31.03,32.36,2253362,24703,31.806426
2022-05-05,31.78,32.21,31.18,31.91,2541149,26482,31.680744
