Date,Open,High,Low,Close,Volume,OpenInterest
2020-12-04,239.3,245.81,238.605,245.8,699077,0.0
2020-12-07,243.45,246.59,241.04,246.52,567559,0.0
2020-12-08,244.64,249.59,241.28,242.84,659072,0.0
2020-12-09,249.6,249.6,243.98,246.59,779709,0.0
2020-12-10,243.76,244.94,239.36,241.9,651879,0.0
2020-12-11,240.18,243.58,239.15,240.68,514309,0.0
2020-12-14,245.09,245.09,238.52,238.9,395256,0.0
2020-12-15,231.73,239.67,231.01,238.89,676628,0.0
2020-12-16,240.42,240.42,230.27,232.5,732703,0.0
2020-12-17,229.68,232.5156,226.6,229.18,994697,0.0
2020-12-18,228.68,229.95,224.695,227.51,858211,0.0
2020-12-21,221.22,231.25,217.39,229.5,637338,0.0
2020-12-22,231.05,231.28,223.74,227.43,386025,0.0
2020-12-23,229.86,231.99,227.72,230.93,447418,0.0
2020-12-24,230.67,233.155,228.95,232.75,175230,0.0
2020-12-28,233.41,234.5078,226.57,226.98,362742,0.0
2020-12-29,227.59,229.37,223.72,226.37,424462,0.0
2020-12-30,227.86,231.18,227.5,230.06,278696,0.0
2020-12-31,229.73,233.83,228,231.91,455668,0.0
2021-01-04,234,236.3,224.52,229.63,784977,0.0
2021-01-05,229.2,239.4261,228.61,235.57,686089,0.0
2021-01-06,248.15,262.04,248.15,256.37,1821947,0.0
2021-01-07,261.33,267.59,259.05,264.69,947117,0.0
2021-01-08,264.5,266.545,253.475,260.14,641155,0.0
2021-01-11,255.15,261.4455,255,257.34,368104,0.0
2021-01-12,259.18,264.09,257.81,262.14,1265177,0.0
2021-01-13,260.8,261.45,253.64,254.45,1194714,0.0
2021-01-14,258.77,264.4,255.02,260.36,503735,0.0
2021-01-15,256.76,258.42,250.61,255.13,610075,0.0
2021-01-19,260,266.59,259.565,260.82,653669,0.0
2021-01-20,263.8,264.2,258.61,260.12,445429,0.0
2021-01-21,260.01,261.79,258,259.21,375054,0.0
2021-01-22,255.37,259.75,254.5,258.47,398431,0.0
2021-01-25,256.51,261.99,251.93,253.52,562916,0.0
2021-01-26,257.39,257.5861,247.41,248.35,444025,0.0
2021-01-27,240.12,241.8199,228.22,236.59,1209358,0.0
2021-01-28,245.7,257.565,243,253.48,1090256,0.0
2021-01-29,251.63,251.88,238.5515,243,989896,0.0
2021-02-01,247.92,254.21,245,253.15,632250,0.0
2021-02-02,257.72,261.94,249.75,250.66,693513,0.0
2021-02-03,252.34,255.39,248.07,250.8,430825,0.0
2021-02-04,252.79,260.45,251.25,259.83,618025,0.0
2021-02-05,261,266.67,261,265.63,516513,0.0
2021-02-08,267.47,274.12,266.73,272.14,639973,0.0
2021-02-09,270.04,278.86,267.27,277.25,606320,0.0
2021-02-10,279.72,285.03,275.53,276.94,772930,0.0
2021-02-11,277.85,282.96,274.58,279.87,535830,0.0
2021-02-12,279.8,287.23,279.12,286.39,439986,0.0
2021-02-16,290,293.47,288.26,288.43,679347,0.0
2021-02-17,286.01,287.32,274.28,277.81,626792,0.0
2021-02-18,273.73,275.596,267.42,274.79,498124,0.0
2021-02-19,278.08,291.33,278.07,290.01,557802,0.0
2021-02-22,288,302.7,287.31,298.67,907652,0.0
2021-02-23,296.95,308.86,286.42,306.37,1200396,0.0
2021-02-24,310,321.94,307.78,312.56,1129762,0.0
2021-02-25,311.73,312.215,292,295.11,1200614,0.0
2021-02-26,298.54,301.55,285,297.01,832944,0.0
2021-03-01,304.11,305.99,299.09,302.49,625027,0.0
2021-03-02,304.05,304.05,292.4151,293.14,609284,0.0
2021-03-03,294.62,302.695,293.075,294.93,568791,0.0
2021-03-04,294.55,303.095,282.7,288.66,1117465,0.0
2021-03-05,293.12,302.0975,282.2,300.83,644991,0.0
2021-03-08,303.91,308.14,300.4837,302.6,690026,0.0
2021-03-09,302.46,304.21,293.55,295.31,651080,0.0
2021-03-10,296.73,304.59,296.08,303.4,437961,0.0
2021-03-11,305.6,314.1,304.09,310.78,461580,0.0
2021-03-12,310.77,319.11,309.06,317.9,532459,0.0
2021-03-15,319.08,323.83,311.61,323.31,467161,0.0
2021-03-16,322.12,322.12,311.75,314.8,615421,0.0
2021-03-17,317.64,324.22,311,321.7,367101,0.0
2021-03-18,321.9,330.79,317.33,318.04,540967,0.0
2021-03-19,316.43,319.955,305.56,316,624073,0.0
2021-03-22,315,316.7205,308.53,311.6,502600,0.0
2021-03-23,308.11,310.305,297.5,299.87,678914,0.0
2021-03-24,308.99,313.1,304.89,305.65,544435,0.0
2021-03-25,304.14,315.65,299.82,314.1,578646,0.0
2021-03-26,318.27,330.17,315.5,329.85,699635,0.0
2021-03-29,329.5,335.59,322.72,324.19,802513,0.0
2021-03-30,324.72,336.32,324.72,333.56,1097548,0.0
2021-03-31,334,339.717,325.81,329.14,1221786,0.0
2021-04-01,331.51,334.29,324.27,331.71,686256,0.0
2021-04-05,337,338.49,330.94,331.52,536907,0.0
2021-04-06,331,341,323.775,325.22,730443,0.0
2021-04-07,326,326.5,319.12,321.99,643747,0.0
2021-04-08,320.96,324.24,313.52,321.34,504660,0.0
2021-04-09,321,325.12,317.46,324.72,521184,0.0
2021-04-12,326.61,328.96,323.32,327.9,411697,0.0
2021-04-13,324.21,326.58,316.67,325.61,408609,0.0
2021-04-14,325.28,331.625,324.15,325.06,456338,0.0
2021-04-15,328.33,328.22,319.56,325.09,482343,0.0
2021-04-16,327.49,332.41,325.32,328.41,521721,0.0
2021-04-19,325.39,326.47,318.8252,324.59,627963,0.0
2021-04-20,322,322.3,304.3,310.6616,825300,0.0
2021-04-21,308.15,316.97,304.66,316.91,637503,0.0
2021-04-22,318.8,320,309.73,309.89,667845,0.0
2021-04-23,313.77,320.55,311.45,318.92,624650,0.0
2021-04-26,320.43,326.51,320.395,324.79,443693,0.0
2021-04-27,322.72,325.09,318.01,324.96,489058,0.0
2021-04-28,323.55,327.89,322.48,324.85,476405,0.0
2021-04-29,324.85,331.31,315.93,327.52,739609,0.0
2021-04-30,323.24,326.42,319.49,319.53,429145,0.0
2021-05-03,324.58,328.51,319.505,321.79,392469,0.0
2021-05-04,320.49,330.655,317.43,330.04,761654,0.0
2021-05-05,330.75,336.76,324.1,332.71,591172,0.0
2021-05-06,332.71,342.96,331.76,342.74,635350,0.0
2021-05-07,341.88,348.41,336.77,347.27,477899,0.0
2021-05-10,348.5,354.6,346.78,348.15,649871,0.0
2021-05-11,342.25,345.3284,335.99,340.45,639543,0.0
2021-05-12,340.34,343.2899,328.02,329.24,526660,0.0
2021-05-13,330.59,339.25,328.17,333.17,521604,0.0
2021-05-14,337.16,343.28,334.67,341.78,390838,0.0
2021-05-17,339.83,341.84,333.48,341.05,296214,0.0
2021-05-18,340.35,341.62,331.12,331.34,374380,0.0
2021-05-19,325.64,325.64,315.28,321.2,901295,0.0
2021-05-20,321.63,322.93,314.31,319.55,629564,0.0
2021-05-21,322.78,327,318.705,321.44,418905,0.0
2021-05-24,323.52,327.85,318.94,325.82,379343,0.0
2021-05-25,328.63,332.65,323.69,324.44,424027,0.0
2021-05-26,322.64,327.6,322.36,326.78,412141,0.0
2021-05-27,332.9,335.25,329.96,333.43,548963,0.0
2021-05-28,333.59,336.05,328.12,333.95,372685,0.0
2021-06-01,338.61,341.25,337.66,339.17,450564,0.0
2021-06-02,339.44,339.44,334.98,338.47,700753,0.0
2021-06-03,337.61,340.85,332.75,336.16,536892,0.0
2021-06-04,336.34,337.74,328.1,332.07,416498,0.0
2021-06-07,333.68,334.18,315,316.01,1057275,0.0
2021-06-08,316.1,326.1,313.37,324.25,637670,0.0
2021-06-09,321.84,323.94,313.02,314.91,623245,0.0
2021-06-10,318.77,320.6,302.74,303.32,970793,0.0
2021-06-11,304.31,308.47,302.03,305.43,865039,0.0
2021-06-14,304.17,306.65,298.555,302.98,732204,0.0
2021-06-15,304.49,310.67,303.41,309.83,669748,0.0
2021-06-16,307.59,310.015,302.78,306.88,637971,0.0
2021-06-17,308,309.88,289.9,294.23,974386,0.0
2021-06-18,288.3,291.32,285.59,289.02,1065395,0.0
2021-06-21,293.35,301.89,292.45,299.31,559683,0.0
2021-06-22,300.77,304.69,294.79,303.75,615685,0.0
2021-06-23,310,313.97,307.361,308.08,755971,0.0
2021-06-24,310.52,320.6463,309.51,316.92,1089867,0.0
2021-06-25,325.83,325.83,312.37,312.98,804505,0.0
2021-06-28,313.18,319,307.65,318.16,855507,0.0
2021-06-29,319.7,323.54,314.59,315.17,554157,0.0
2021-06-30,313.15,320,312.515,319,501463,0.0
2021-07-01,323.2,324.43,319.445,321.43,506673,0.0
2021-07-02,319.77,322.41,318.67,319.77,369229,0.0
2021-07-06,319.79,320,307.75,311.39,758980,0.0
2021-07-07,310,315.3,307.07,312.96,522749,0.0
2021-07-08,304.1,311.81,300.07,306.28,799737,0.0
2021-07-09,312.5,317.87,311.6624,317.6,745115,0.0
2021-07-12,315.2,322.99,313.89,321.59,518743,0.0
2021-07-13,319.74,320.635,314.31,314.39,498827,0.0
2021-07-14,316.29,318.79,310.22,312.47,365949,0.0
2021-07-15,310.44,318.49,309.735,314.75,607474,0.0
2021-07-16,317.66,317.9572,304.16,306.08,733413,0.0
2021-07-19,297.63,299.65,291.3901,298.855,746582,0.0
2021-07-20,297.91,313.03,296.495,311.98,520488,0.0
2021-07-21,315.4,323.88,314.74,323.14,864129,0.0
2021-07-22,322.42,323.65,316.78,319.905,463639,0.0
2021-07-23,322.11,325.1,318.255,323.86,422200,0.0
2021-07-26,324.63,329.5,324.05,327.78,538493,0.0
2021-07-27,326.2,332.23,323.27,326.75,536143,0.0
2021-07-28,328,331.51,320.85,327.19,841219,0.0
2021-07-29,317.52,325.7,308.47,322.35,1657428,0.0
2021-07-30,319,332.15,319.23,329.52,602488,0.0
2021-08-02,332.65,336.33,325.49,326.27,930115,0.0
2021-08-03,327.69,338.69,323.03,338.23,700044,0.0
2021-08-04,335.14,335.18,323.42,323.67,551112,0.0
2021-08-05,326.13,331,324.44,325.37,279370,0.0
2021-08-06,330,332.1899,326.24,331.47,318256,0.0
2021-08-09,331.34,336.31,326.24,332.78,285899,0.0
2021-08-10,332.53,342.64,330.15,340.54,457132,0.0
2021-08-11,344,357.85,341.15,357.425,978458,0.0
2021-08-12,359.3,364.2999,356.64,361.36,830062,0.0
2021-08-13,360.44,361.33,350.97,353.33,465202,0.0
2021-08-16,349.8,352.86,345.67,351.27,288367,0.0
2021-08-17,348.35,348.715,340.04,345,525281,0.0
2021-08-18,342.28,349.9,339.63,340.16,340877,0.0
2021-08-19,332.3,336.35,329.0544,331.76,405577,0.0
2021-08-20,329.78,332.61,324.8,330.13,383777,0.0
2021-08-23,333.47,339.41,331.71,338.02,371266,0.0
2021-08-24,339.24,346.21,338.99,343.86,289533,0.0
2021-08-25,345.48,354.0289,344.48,350.58,301172,0.0
2021-08-26,351.25,352.55,346.225,347.53,314857,0.0
2021-08-27,349.62,356.78,348.815,355.21,425027,0.0
2021-08-30,357.39,357.45,351.96,354.42,264768,0.0
2021-08-31,355.07,356.54,351.76,352.68,392356,0.0
2021-09-01,352.38,353.74,343.71,347.35,387883,0.0
2021-09-02,350.74,356.6,348.5,353.74,308479,0.0
2021-09-03,352.1,353.12,346.68,351.48,290337,0.0
2021-09-07,348.91,350.79,345.52,345.75,292355,0.0
2021-09-08,343.67,345.335,336.16,339.7,476503,0.0
2021-09-09,338.7,346.42,338.22,342.25,461173,0.0
2021-09-10,346.38,347.6,340.53,341.42,328501,0.0
2021-09-13,344,346.87,340.14,343.23,323517,0.0
2021-09-14,346.02,346.02,328,331.29,460337,0.0
2021-09-15,331,342.47,330.15,341.53,376359,0.0
2021-09-16,343.81,354.39,342.88,346.2,641285,0.0
2021-09-17,343.5,349.13,337.98,341.46,514321,0.0
2021-09-20,329.36,333.705,323.92,329.5,536648,0.0
2021-09-21,332.42,334.99,325.4127,330.44,500360,0.0
2021-09-22,337,349.36,334.9607,345.84,829604,0.0
2021-09-23,348.17,361.54,346.04,355.25,753907,0.0
2021-09-24,354.13,361,353.67,356.51,393805,0.0
2021-09-27,356.68,369.17,356.68,365.96,479630,0.0
2021-09-28,366.55,369.22,358.25,362.84,582905,0.0
2021-09-29,366.91,366.91,359.8,362.09,417589,0.0
2021-09-30,362.16,363.3,350.65,350.67,675494,0.0
2021-10-01,351,361.19,350.06,358.15,808346,0.0
2021-10-04,355.62,357.295,346.01,348.76,541764,0.0
2021-10-05,355.11,357.88,346.05,353.05,747762,0.0
2021-10-06,347,352.885,340.5901,346.67,665396,0.0
2021-10-07,351.96,357.55,350.22,352.43,417408,0.0
2021-10-08,348.98,352.19,342.38,342.54,354152,0.0
2021-10-11,342.5,349.58,341.73,342.95,403338,0.0
2021-10-12,345.33,347.315,340.88,342.81,282704,0.0
2021-10-13,342.79,347.35,336.97,339.48,331771,0.0
2021-10-14,344.28,353.18,343.06,352.14,366769,0.0
2021-10-15,356.15,359.73,348.57,349.34,503911,0.0
2021-10-18,346.66,351.135,344.08,350.27,344672,0.0
2021-10-19,351.5,357.37,350.2,353.39,261817,0.0
2021-10-20,352.41,367.66,351.32,365.94,548341,0.0
2021-10-21,362.36,366.65,359.16,365.41,293032,0.0
2021-10-22,366.46,370.38,364.62,368.3,304229,0.0
2021-10-25,368.81,369.99,364.63,366.25,450848,0.0
2021-10-26,368,369.75,357.03,357.13,456591,0.0
2021-10-27,356.53,359.66,346.785,347.55,567302,0.0
2021-10-28,359.62,373.55,349.25,367.14,1184133,0.0
2021-10-29,369.69,380.17,368.46,379.1,828186,0.0
2021-11-01,380.5,384.915,379.18,383.26,551679,0.0
2021-11-02,385.96,391.66,382.72,386.24,486224,0.0
2021-11-03,383.95,386.99,377.05,381.23,566940,0.0
2021-11-04,385.76,387.7509,380.93,386,416715,0.0
2021-11-05,389.73,396.97,389.1,391.96,429373,0.0
2021-11-08,411.36,414.99,392.51,392.57,803594,0.0
2021-11-09,392,395.265,387.93,391.57,299491,0.0
2021-11-10,389.63,391.422,377.62,379.9,576183,0.0
2021-11-11,380.87,387.87,378.95,382.65,323869,0.0
2021-11-12,384,387.025,381.72,382.91,239786,0.0
2021-11-15,386.2,389.15,383.41,384.29,257550,0.0
2021-11-16,385.95,387.49,380.79,381.65,267980,0.0
2021-11-17,379.8,381.98,374.3,379.72,421123,0.0
2021-11-18,380.41,382.47,376,378.09,279021,0.0
2021-11-19,374.98,380.66,371.745,375.27,383968,0.0
2021-11-22,379.36,386.86,376.75,376.93,387800,0.0
2021-11-23,376.62,378.88,371.4,375.13,843372,0.0
2021-11-24,371.8,376.94,371.01,373.9,269574,0.0
2021-11-26,362.84,364.66,354.26,362.36,396907,0.0
2021-11-29,367.37,368.9,356.42,356.98,477417,0.0
2021-11-30,354.07,355.49,338.04,338.7,1077444,0.0
2021-12-01,345.08,349.75,332.7,333.1299,866355,0.0
2021-12-02,335.25,343.82,335,339.6,583228,0.0
2021-12-03,343.79,343.79,326.88,332.89,684321,0.0
2021-12-06,335.2,348,329.2,345,1409114,0.0
2021-12-07,354.34,364.48,352.01,356.88,678283,0.0
2021-12-08,356.64,361.02,356.04,357,452257,0.0
2021-12-09,361,362.1892,355.03,356.61,462382,0.0
2021-12-10,360,360,344.83,347.73,505662,0.0
2021-12-13,346.91,347.35,335.31,338.31,379587,0.0
2021-12-14,335.67,342.07,333.42,337.94,382598,0.0
2021-12-15,336.29,342.68,327.75,341.17,538963,0.0
2021-12-16,346.33,349.0395,335.335,337.62,411831,0.0
2021-12-17,336.99,337.5199,327.75,332.34,611791,0.0
2021-12-20,325.81,326.04,316.62,322.09,620526,0.0
2021-12-21,315.55,330.19,315,328.99,523548,0.0
2021-12-22,329.9,331.84,323.29,325.77,486268,0.0
2021-12-23,327.87,335.855,327.87,331.85,310737,0.0
2021-12-27,333,333.5,328.55,333.49,294338,0.0
2021-12-28,333.29,337.57,331.18,333.45,212098,0.0
2021-12-29,334.87,336.11,332.5901,334.34,217810,0.0
2021-12-30,335,336.01,329.72,330.12,294548,0.0
2021-12-31,328.29,334.18,325.52,332.39,586439,0.0
2022-01-03,333.26,338.75,329.27,330.64,438942,0.0
2022-01-04,334.83,349.139,333.3,347.09,572860,0.0
2022-01-05,347.3,351.5,333.2461,334.96,694527,0.0
2022-01-06,337.96,338.59,330.78,335.12,456059,0.0
2022-01-07,335.19,338.72,325.59,326,687899,0.0
2022-01-10,327.63,328.19,316.75,322.35,705927,0.0
2022-01-11,323.54,334.76,315.68,333.85,794024,0.0
2022-01-12,338.28,345,331.3,332.11,849918,0.0
2022-01-13,333.92,345.275,333.92,336.4,642727,0.0
2022-01-14,335,335.77,322.87,328,527111,0.0
2022-01-18,325,324.95,313.85,314.34,691412,0.0
2022-01-19,317.59,317.6,307.04,307.62,593944,0.0
2022-01-20,309.69,317.6,306.23,307.15,662778,0.0
2022-01-21,302.5,309.45,294.9601,297.16,840436,0.0
2022-01-24,288.44,312.975,286.86,312.21,1169786,0.0
2022-01-25,305.04,313.655,301.1583,308.39,1053257,0.0
2022-01-26,313.33,319.86,303.54,307.41,859711,0.0
2022-01-27,329.8,329.8,313.14,319.8,1861051,0.0
2022-01-28,317.61,321.025,305.84,317.54,1015720,0.0
2022-01-31,315.45,320.772,315,319.89,635208,0.0
2022-02-01,317.49,330.07,317.49,330.02,739927,0.0
2022-02-02,330.03,333.5,323.89,326.13,792465,0.0
2022-02-03,321.53,328.135,321.53,324.15,699524,0.0
2022-02-04,322.9,325.43,312,312.49,678258,0.0
2022-02-07,312.37,317.89,312.69,316.03,430003,0.0
2022-02-08,318.37,324.55,316.76,323.36,436591,0.0
2022-02-09,328.45,335.04,326.96,334.12,457212,0.0
2022-02-10,329.89,335.2391,322.98,325.75,478270,0.0
2022-02-11,325.08,327.065,308.44,313.11,659232,0.0
