Date,Open,High,Low,Close,volume,trade_count,vwap
2020-12-31,145.9,148.82,144.5,148.31,467351,7548,147.768219
2021-01-04,149.03,151.0,145.58,146.53,766724,12933,147.287415
2021-01-05,146.53,148.02,145.6,147.57,663077,10806,147.125907
2021-01-06,156.0,163.27,155.1,160.76,2826325,35848,160.35918
2021-01-07,162.2,163.97,159.55,162.01,952303,17149,161.4605
2021-01-08,161.91,164.12,160.0,162.83,802130,12704,162.424441
2021-01-11,161.2,164.27,160.24,163.0,615557,10936,162.549528
2021-01-12,162.99,168.24,162.02,166.2,963007,15880,166.479933
2021-01-13,165.01,166.07,160.97,161.6,839004,13901,162.721498
2021-01-14,162.11,162.7127,159.85,160.62,694684,10982,161.311582
2021-01-15,158.82,161.31,157.12,160.92,717578,11752,159.972927
2021-01-19,161.21,161.55,158.29,158.86,640017,12569,159.138529
2021-01-20,159.48,161.01,159.2,160.62,575596,10379,160.30194
2021-01-21,160.35,162.35,158.04,158.86,623995,10819,159.74052
2021-01-22,157.63,159.18,155.89,158.37,684418,10802,158.154823
2021-01-25,158.0,158.06,155.08,156.81,732807,14173,156.702053
2021-01-26,158.03,158.03,150.22,150.5,695584,12102,152.038167
2021-01-27,147.84,148.73,143.1,146.03,913407,15647,146.119983
2021-01-28,148.65,150.105,146.9601,148.96,627757,11167,148.998103
2021-01-29,148.04,150.64,146.26,149.14,860873,15586,149.096152
2021-02-01,150.71,152.49,148.52,152.0,551875,10845,151.227224
2021-02-02,153.57,155.12,151.9,151.93,476201,8549,152.906847
2021-02-03,151.82,154.03,151.5,152.35,514474,8196,152.626084
2021-02-04,152.79,155.33,150.83,153.15,722894,10581,153.797284
2021-02-05,154.86,154.86,152.25,152.94,587589,9823,153.195723
2021-02-08,154.25,156.25,152.71,154.18,490075,10146,154.186541
2021-02-09,154.36,157.73,153.33,155.65,609252,10782,155.662837
2021-02-10,156.68,161.09,155.39,159.24,723879,13058,159.043682
2021-02-11,159.6,161.53,158.75,160.06,607974,12619,160.201345
2021-02-12,159.03,164.73,158.84,164.5,787564,13597,163.086939
2021-02-16,160.82,167.53,159.02,162.45,956958,14989,162.28615
2021-02-17,162.0,162.25,157.8,161.88,629693,12024,160.579095
2021-02-18,161.35,162.06,159.37,160.62,606427,10417,160.461362
2021-02-19,161.85,165.3,161.78,164.38,1004557,12997,163.842817
2021-02-22,163.38,164.56,161.44,161.99,521224,11437,162.928338
2021-02-23,164.18,166.68,159.44,165.99,922023,14323,164.933693
2021-02-24,165.57,175.02,165.57,174.15,1613960,19765,172.182956
2021-02-25,174.47,174.47,167.55,168.28,793402,15379,170.065098
2021-02-26,167.48,169.06,164.5,166.99,926389,14538,166.789846
2021-03-01,169.73,173.905,169.73,171.96,646637,12113,172.204077
2021-03-02,172.36,173.0,168.62,168.94,733477,12775,169.822315
2021-03-03,168.94,171.73,168.94,170.26,1432355,13313,170.238286
2021-03-04,169.73,171.25,162.6,166.0,1380783,18615,167.022388
2021-03-05,168.4,169.265,161.22,167.42,1071472,20943,165.762577
2021-03-08,167.69,172.46,167.04,169.1,672043,14765,170.137541
2021-03-09,169.66,169.99,166.13,167.82,583921,9893,168.202497
2021-03-10,168.08,172.67,166.66,171.34,630558,12235,170.904791
2021-03-11,173.34,174.68,170.4,171.93,757173,13139,172.383713
2021-03-12,172.07,172.9,170.0,171.94,374026,8060,171.655416
2021-03-15,171.96,172.49,168.76,172.49,568609,11577,171.121139
2021-03-16,173.0,173.0,168.18,168.56,803544,13297,169.255074
2021-03-17,168.81,170.63,166.46,168.63,545698,9635,168.553289
2021-03-18,169.07,171.2499,166.95,168.05,770605,11692,168.620282
2021-03-19,167.21,167.67,164.446,165.27,1177193,14484,165.958385
2021-03-22,164.55,164.55,160.89,162.04,818551,14321,162.317788
2021-03-23,161.39,161.445,157.8,158.41,958744,17268,158.905599
2021-03-24,160.32,163.4,159.25,160.55,720821,14031,161.602138
2021-03-25,160.6,167.16,158.73,165.59,1007401,18245,164.244939
2021-03-26,168.39,170.73,166.56,170.34,699379,13222,169.216601
2021-03-29,171.56,173.67,168.8,170.9,959583,16793,171.068269
2021-03-30,170.5,175.17,170.5,172.23,805918,15026,172.636882
2021-03-31,175.0,176.345,167.2,168.75,1421066,23750,170.009227
2021-04-01,168.0,169.74,164.13,166.39,1336047,24034,165.905786
2021-04-05,169.81,170.74,168.33,170.29,754780,13804,169.743158
2021-04-06,170.0,170.89,168.69,170.63,668120,13081,170.031248
2021-04-07,171.53,171.65,168.08,168.91,710839,13388,169.190531
2021-04-08,167.34,170.55,165.8563,170.35,635126,13251,169.270986
2021-04-09,170.74,172.82,170.04,172.53,567491,12236,172.189359
2021-04-12,173.37,174.82,172.04,174.35,484772,10748,173.613056
2021-04-13,173.22,174.0,171.2151,172.64,545082,9847,172.741276
2021-04-14,172.1,174.81,171.69,174.08,450251,8508,173.973127
2021-04-15,174.88,175.13,173.0,174.75,428337,10566,174.501159
2021-04-16,176.12,176.74,175.46,175.67,451408,9086,176.018289
2021-04-19,175.67,177.1,175.6125,176.74,649313,13567,176.355562
2021-04-20,176.18,176.9,172.5897,174.51,561171,11514,174.534011
2021-04-21,173.73,177.4,172.995,177.37,647798,12078,176.6547
2021-04-22,177.83,178.28,176.05,176.11,654823,10631,176.759761
2021-04-23,176.31,177.13,175.35,176.57,503529,10053,176.4754
2021-04-26,177.22,179.55,176.58,179.48,745422,12290,178.817486
2021-04-27,180.0,181.95,179.47,180.86,567640,9752,180.917923
2021-04-28,182.23,182.55,178.77,179.04,528558,10017,179.712767
2021-04-29,180.06,181.8,179.305,181.68,362023,8204,181.048666
2021-04-30,180.77,180.77,178.0,178.24,556381,11046,178.673653
2021-05-03,180.0,181.26,178.64,179.68,561727,11500,179.976686
2021-05-04,181.16,189.8,180.09,189.21,1506102,24111,186.346321
2021-05-05,190.96,191.61,188.3167,189.5,911269,16076,189.854569
2021-05-06,190.0,191.28,187.77,191.21,693740,13153,189.972809
2021-05-07,190.48,192.65,189.25,191.71,539591,11420,191.351571
2021-05-10,193.18,194.17,190.47,190.65,532443,11045,192.073837
2021-05-11,189.09,191.97,187.0429,191.44,685795,12285,190.06176
2021-05-12,191.5,193.24,187.5,188.16,658018,13956,189.736749
2021-05-13,187.7,190.97,187.41,190.05,1140385,18126,189.417941
2021-05-14,191.75,193.13,190.4,191.18,798378,12926,191.29908
2021-05-17,191.29,194.0,189.7,193.11,572585,11466,192.649825
2021-05-18,193.66,193.88,190.05,190.06,495234,10005,191.475826
2021-05-19,186.94,187.1,182.8,184.95,703711,15265,184.609826
2021-05-20,185.74,186.23,182.87,184.73,723635,13036,184.385117
2021-05-21,185.59,187.88,184.41,184.47,568781,10355,185.384344
2021-05-24,186.01,186.31,183.28,184.67,906101,16104,184.945279
2021-05-25,185.22,186.22,181.88,182.42,804405,13969,183.157207
2021-05-26,183.01,185.0,182.5,183.93,490774,9314,183.752415
2021-05-27,186.34,187.0,184.76,185.53,1524192,18004,185.73562
2021-05-28,185.84,186.18,182.81,183.32,592036,10859,183.546445
2021-06-01,185.25,185.9,183.37,183.62,507453,10367,184.031603
2021-06-02,184.11,184.145,180.465,180.49,879663,14714,181.195839
2021-06-03,180.0,183.92,179.11,182.99,1156037,16017,182.111052
2021-06-04,183.43,184.305,178.675,179.6,1082758,16740,179.525231
2021-06-07,180.55,182.52,177.5,177.96,1012686,18890,178.889362
2021-06-08,177.97,180.9332,176.7,179.0,1698148,23222,179.012154
2021-06-09,178.57,179.82,177.0,178.62,833246,13543,178.78995
2021-06-10,180.13,180.25,173.01,173.1,1310785,22952,174.490923
2021-06-11,174.91,176.05,173.76,174.24,765466,13795,174.274609
2021-06-14,173.99,174.96,170.55,171.73,859434,15535,171.997742
2021-06-15,172.04,173.225,170.88,172.06,555502,10892,171.950967
2021-06-16,171.39,172.29,169.66,170.38,596527,14287,170.81345
2021-06-17,170.63,171.29,164.3,166.05,1270770,21827,166.163952
2021-06-18,163.71,167.23,163.0,165.84,1239487,18695,165.604869
2021-06-21,167.5,169.615,167.12,168.94,534424,11331,168.991444
2021-06-22,169.77,170.505,168.11,169.9,583092,15606,169.823302
2021-06-23,169.72,171.54,168.88,170.33,489602,10112,170.456561
2021-06-24,172.19,177.06,171.57,175.9,2226339,31147,174.766756
2021-06-25,181.0,181.38,176.9184,177.61,1376761,21955,178.22124
2021-06-28,177.61,178.1786,175.56,176.99,661970,13949,176.639462
2021-06-29,178.17,179.44,173.14,174.1,662942,13486,174.426507
2021-06-30,173.23,174.29,171.41,174.07,867179,15030,172.974125
2021-07-01,174.64,175.49,173.11,173.83,878873,12264,173.747327
2021-07-02,173.32,173.47,170.8301,170.98,1066226,17411,171.45232
2021-07-06,170.56,171.6,167.16,171.03,713378,13551,170.390742
2021-07-07,170.94,175.3,170.775,174.44,817973,14025,174.211725
2021-07-08,172.3,173.91,172.0,172.87,740504,13763,172.692996
2021-07-09,175.17,176.645,174.32,174.93,684450,11854,175.431751
2021-07-12,172.93,175.26,171.81,174.74,435386,9275,174.041554
2021-07-13,174.57,174.58,172.24,173.53,525482,11021,173.484824
2021-07-14,172.79,176.19,172.3,175.96,826154,14707,175.17869
2021-07-15,175.47,177.53,175.09,176.66,659809,13895,176.465348
2021-07-16,176.8,177.175,175.0,175.35,611443,11145,175.765541
2021-07-19,172.79,173.19,168.79,170.75,1505037,22779,170.241108
2021-07-20,171.16,176.285,171.16,174.34,567870,11194,174.702735
2021-07-21,175.35,176.83,174.64,176.35,584098,11648,176.040829
2021-07-22,176.28,176.8,174.29,176.05,411704,9618,175.786839
2021-07-23,176.95,178.44,175.98,178.14,408024,9281,177.763108
2021-07-26,178.41,178.78,175.91,175.99,841608,15332,176.415774
2021-07-27,174.33,176.98,172.53,176.66,498377,10232,175.705409
2021-07-28,177.07,183.88,174.96,182.98,1147762,20124,181.604157
2021-07-29,184.0,185.83,180.5632,182.61,860331,17336,183.662843
2021-07-30,182.06,183.85,179.29,179.99,802324,12415,180.418961
2021-08-02,181.1,183.38,179.43,179.58,515905,12655,180.431873
2021-08-03,179.75,181.1399,177.38,180.85,556131,11358,180.066768
2021-08-04,171.14,181.725,170.33,179.66,923421,18689,179.45125
2021-08-05,180.58,181.35,174.94,177.8,922361,17091,177.511461
2021-08-06,179.51,181.74,178.3451,181.16,671140,12453,180.718542
2021-08-09,181.59,185.59,180.17,183.23,907161,15059,183.847739
2021-08-10,183.41,189.65,183.37,187.34,1121081,19327,187.261441
2021-08-11,189.6,193.86,189.48,193.41,1184532,25112,192.288537
2021-08-12,193.41,193.96,190.49,192.36,524659,11709,191.865706
2021-08-13,191.88,192.24,189.49,189.79,384891,10548,190.218417
2021-08-16,188.77,190.13,187.03,187.79,434102,10053,188.288203
2021-08-17,186.75,188.3,184.06,185.2,928756,15212,185.154026
2021-08-18,184.62,186.93,183.0019,184.27,420847,11153,185.200565
2021-08-19,182.23,184.91,181.53,183.31,357746,8741,183.161731
2021-08-20,183.27,184.73,182.48,183.39,444693,9832,183.309761
2021-08-23,184.4,185.695,182.93,184.94,382182,10170,184.653168
2021-08-24,185.55,186.94,184.0,186.37,408062,8188,186.06009
2021-08-25,186.69,191.855,186.14,189.58,571078,12145,190.205404
2021-08-26,189.43,189.43,186.76,187.53,347063,9818,187.879248
2021-08-27,189.09,189.68,187.43,187.95,505700,11220,188.123338
2021-08-30,188.7,189.27,185.94,186.04,718369,11157,187.046678
2021-08-31,187.27,187.72,184.89,185.93,767450,12605,185.911045
2021-09-01,186.35,187.05,183.98,185.85,485600,10486,185.787527
2021-09-02,185.85,186.46,181.92,183.0,1456196,19215,183.627898
2021-09-03,182.75,182.75,178.77,180.31,1062533,15775,180.795337
2021-09-07,179.02,179.8,176.07,177.05,803501,14654,177.481801
2021-09-08,176.36,177.1,174.95,176.0,548455,11831,175.712349
2021-09-09,175.4,178.28,175.09,176.0,535160,11365,176.412539
2021-09-10,177.14,180.87,177.1,177.69,667479,14492,178.520574
2021-09-13,179.38,180.35,176.7,177.93,862214,11614,178.167132
2021-09-14,177.89,177.89,175.07,175.73,792385,12649,175.925795
2021-09-15,175.73,176.21,174.45,174.98,1154219,16798,175.246161
2021-09-16,174.73,175.125,172.43,172.53,920719,14804,172.928558
2021-09-17,171.59,172.81,169.59,169.88,1262167,16191,170.595134
2021-09-20,167.07,170.46,166.31,169.42,1090709,20380,168.871866
2021-09-21,170.5,172.94,168.12,171.56,1467617,20265,171.200343
2021-09-22,173.34,174.83,173.1584,174.25,1182191,20418,174.059107
2021-09-23,175.24,180.81,174.3,178.71,998701,17877,178.913907
2021-09-24,178.02,179.3,175.65,176.06,619665,12196,177.048877
2021-09-27,176.39,180.21,176.39,178.23,658143,12652,178.6407
2021-09-28,178.32,179.73,176.31,177.0,1058017,15603,177.245212
2021-09-29,176.71,176.71,173.37,173.76,1002582,19661,174.417936
2021-09-30,174.24,174.24,168.77,169.16,1538319,24408,170.548833
2021-10-01,169.0,173.75,167.235,172.94,1234380,20159,171.65746
2021-10-04,172.16,173.81,170.67,171.49,1429773,19051,171.639374
2021-10-05,171.42,171.515,168.14,169.28,1475915,24007,169.685226
2021-10-06,170.97,174.78,170.94,174.71,1053619,17999,173.462493
2021-10-07,176.04,179.3,175.58,176.64,923606,13403,177.51909
2021-10-08,176.96,178.265,175.28,175.44,655041,12823,176.654398
2021-10-11,175.0,176.099,171.78,171.88,530337,10329,173.358194
2021-10-12,170.78,172.38,170.44,170.83,517875,11200,171.29301
2021-10-13,171.25,172.36,168.86,170.48,538079,12399,170.465814
2021-10-14,171.7,176.475,171.5,176.28,669330,13190,174.850747
2021-10-15,177.94,178.25,176.33,176.93,355725,8354,177.264539
2021-10-18,177.9,181.33,177.03,180.54,818332,14814,180.470394
2021-10-19,180.87,181.18,179.09,179.87,498202,12517,179.824148
2021-10-20,179.87,185.99,179.73,185.71,818952,17627,184.950036
2021-10-21,185.61,185.61,182.93,184.45,530687,11179,183.993399
2021-10-22,184.95,186.5,184.44,185.16,414223,8212,185.297746
2021-10-25,186.07,191.47,184.5,190.87,789652,15886,189.968078
2021-10-26,191.52,191.52,188.15,189.13,507887,12073,189.438187
2021-10-27,189.1,190.39,184.77,185.03,583405,13641,187.028475
2021-10-28,187.04,190.93,186.78,188.87,686950,13555,189.381539
2021-10-29,187.43,190.38,187.36,190.12,997205,14449,189.756417
2021-11-01,191.0,191.85,186.71,188.16,875349,15442,188.981125
2021-11-02,188.3,197.0,187.03,195.01,1317291,19158,194.183406
2021-11-03,195.01,196.96,194.0,195.0,941700,16655,195.316257
2021-11-04,192.85,196.4249,190.0833,193.98,1923635,22472,194.34439
2021-11-05,196.6,200.46,195.3,196.06,1169455,18617,197.071071
2021-11-08,207.29,207.5,200.22,205.76,1604396,28659,204.49662
2021-11-09,210.16,210.16,202.92,205.78,899813,18818,205.407075
2021-11-10,204.65,205.78,199.115,200.28,862245,16552,201.75833
2021-11-11,199.63,201.545,198.26,199.26,556567,13396,199.391168
2021-11-12,200.0,202.5597,199.12,202.28,496939,11606,201.58627
2021-11-15,203.0,203.26,201.34,201.94,387347,9776,202.183471
2021-11-16,202.66,204.0,201.95,202.95,451883,10298,202.931069
2021-11-17,202.45,202.63,201.29,202.03,445950,12073,202.080891
2021-11-18,201.75,202.96,198.34,198.59,747304,13566,199.516433
2021-11-19,198.27,199.35,195.77,196.15,997013,17040,197.173431
2021-11-22,196.77,201.08,196.77,198.16,804656,13868,199.060425
2021-11-23,199.3,200.38,197.25,199.99,677686,10964,199.428807
2021-11-24,199.47,202.16,198.61,201.89,529743,11545,201.320864
2021-11-26,197.44,198.86,194.21,197.45,440627,11430,196.452721
2021-11-29,198.69,200.905,198.348,199.35,628635,13394,199.647233
2021-11-30,197.45,198.39,190.965,191.64,950396,16222,192.810858
2021-12-01,194.89,196.114,188.9,188.98,741108,16345,192.472546
2021-12-02,189.66,196.91,189.04,195.81,688807,13555,194.615057
2021-12-03,195.4,197.98,189.21,191.37,997797,18915,192.249196
2021-12-06,194.1,200.45,192.28,197.58,831025,15658,196.792897
2021-12-07,199.86,201.99,199.495,199.76,578713,13469,200.13277
2021-12-08,199.74,201.0499,198.86,200.52,947105,11918,200.274678
2021-12-09,200.18,202.74,199.8,201.32,608987,13421,201.346471
2021-12-10,203.0,205.91,202.255,205.46,781571,16211,204.596969
2021-12-13,205.0,205.72,201.5,203.87,673048,14891,203.344716
2021-12-14,203.21,205.33,202.14,204.14,790134,13598,203.541093
2021-12-15,204.05,206.3,202.3,206.26,687054,12278,205.090974
2021-12-16,206.63,207.445,204.74,205.35,616784,13915,205.949552
2021-12-17,205.18,206.19,203.22,204.74,1357714,16197,204.875034
2021-12-20,201.0,201.99,195.84,198.78,765012,15835,197.875308
2021-12-21,200.0,203.885,199.27,202.35,544769,11018,202.193618
2021-12-22,203.04,205.81,202.385,205.69,607689,10249,204.435889
2021-12-23,205.57,207.99,204.46,206.36,365169,8517,206.612718
2021-12-27,207.03,207.79,205.8,207.49,394146,9261,207.004518
2021-12-28,207.79,209.14,206.74,208.84,286563,7742,208.679261
2021-12-29,209.36,210.0,207.76,208.97,587970,8395,209.099965
2021-12-30,209.14,210.25,206.52,206.83,387756,9756,207.409726
2021-12-31,206.42,208.35,204.88,207.58,523458,11788,206.571666
2022-01-03,208.4,209.91,206.86,207.9,614471,13181,208.045706
2022-01-04,210.0,213.65,209.21,210.53,709830,13989,210.941818
2022-01-05,210.62,213.27,208.36,208.48,630245,14156,210.484189
2022-01-06,209.8,211.89,207.57,209.95,560303,11950,209.905169
2022-01-07,210.0,211.63,206.23,207.92,691198,12767,208.266057
2022-01-10,207.39,207.39,198.75,200.08,863140,18959,200.433727
2022-01-11,200.05,200.6,195.87,200.44,1017667,18116,199.00909
2022-01-12,201.74,203.75,199.71,202.88,912581,14945,202.208619
2022-01-13,202.78,204.13,198.85,199.07,1063193,15202,200.845165
2022-01-14,197.04,198.62,190.23,192.23,2300221,32136,192.494245
2022-01-18,189.53,190.8,186.88,190.59,1178113,18490,189.53331
2022-01-19,191.43,192.31,187.72,188.22,984355,17916,189.354162
2022-01-20,189.58,192.39,187.88,188.22,1194242,19258,190.266794
2022-01-21,187.43,190.65,185.52,186.02,1098174,21903,187.543302
2022-01-24,183.09,189.58,179.7184,188.79,1389295,23457,185.224368
2022-01-25,184.01,185.545,179.915,183.51,996708,20196,182.983246
2022-01-26,185.45,188.2,181.19,183.66,1024648,19214,184.81039
2022-01-27,186.12,187.8,181.31,183.21,748325,15137,183.836821
2022-01-28,183.61,188.45,181.74,188.42,712131,15025,185.552489
2022-01-31,186.49,190.38,186.19,190.31,763612,14918,188.881788
2022-02-01,190.87,193.165,186.69,191.4,634526,13359,190.207277
2022-02-02,190.93,192.02,189.515,189.98,520323,10521,190.243623
2022-02-03,187.46,189.655,184.57,185.36,663124,13043,186.514245
2022-02-04,184.74,185.74,181.895,184.04,910460,15550,184.050258
2022-02-07,184.92,184.92,180.85,182.42,944003,16358,182.643794
2022-02-08,182.59,186.09,182.5,185.61,691230,14706,184.918442
2022-02-09,187.57,189.7722,187.29,188.83,747283,14665,188.809413
2022-02-10,186.27,193.31,182.685,188.94,1126031,21948,189.363275
2022-02-11,187.7,190.62,185.97,187.0,985500,16800,187.870142
2022-02-14,187.0,190.05,182.43,183.89,796356,15137,185.365532
2022-02-15,185.77,190.59,184.855,189.11,835970,15797,189.159149
2022-02-16,188.41,191.97,183.72,191.72,1173083,21186,189.390923
2022-02-17,191.06,192.54,187.41,187.61,977024,16696,188.40091
2022-02-18,187.71,188.6,183.515,185.31,811099,15829,185.498131
2022-02-22,184.73,187.04,181.8,183.06,943614,15008,183.742649
2022-02-23,183.21,184.96,174.83,175.3,853544,17270,177.367752
2022-02-24,170.78,177.815,169.71,177.15,1006318,21892,175.442459
2022-02-25,177.31,183.86,176.21,183.48,1002555,17883,182.061918
2022-02-28,179.84,182.74,178.6,181.45,996891,18985,180.840065
2022-03-01,180.39,181.0,172.9,174.44,769833,17580,175.010202
2022-03-02,176.76,179.32,174.53,178.25,900960,18393,177.526992
2022-03-03,180.54,180.99,176.21,177.32,631018,13540,178.01989
2022-03-04,174.12,177.29,172.51,177.1,1079169,17072,175.452768
2022-03-07,177.29,177.59,169.53,170.18,1287687,24449,171.714214
2022-03-08,170.78,177.18,169.9873,170.95,725139,18377,172.787923
2022-03-09,176.05,178.22,173.76,176.77,592542,14665,176.543583
2022-03-10,173.47,176.61,173.47,175.38,661592,16587,175.011605
2022-03-11,176.74,178.215,174.86,175.32,574375,13248,175.749756
2022-03-14,177.8,180.24,175.98,177.92,651998,14186,177.943247
2022-03-15,179.87,182.89,176.57,182.01,1139630,18168,181.455638
2022-03-16,183.17,186.86,177.1,181.28,906040,19543,181.682795
2022-03-17,179.51,183.82,178.49,183.07,511753,12260,182.285963
2022-03-18,183.88,184.42,180.0,183.47,996773,14499,183.212397
2022-03-21,182.38,184.51,181.29,182.33,504217,13923,182.403823
2022-03-22,183.37,184.5,180.99,182.05,490352,11888,182.12916
2022-03-23,181.17,181.45,177.18,177.34,537917,14112,178.509861
2022-03-24,178.57,180.85,177.625,180.84,708987,14597,179.645923
2022-03-25,181.13,184.81,179.11,184.71,821300,16014,183.452689
2022-03-28,184.0,187.36,182.88,187.29,973806,18518,186.548409
2022-03-29,189.99,192.0,188.07,191.33,811570,19002,190.512798
2022-03-30,191.37,191.71,186.19,187.12,795465,18055,187.620838
2022-03-31,185.6,187.46,183.69,183.7,950165,16933,185.190063
2022-04-01,185.35,186.48,183.575,184.18,795572,15795,184.590393
2022-04-04,184.36,184.71,182.34,183.44,618945,12681,183.627275
2022-04-05,181.92,184.94,181.92,182.35,651206,14097,182.962479
2022-04-06,180.65,181.13,177.59,179.0,989108,18429,178.994226
2022-04-07,178.99,179.725,175.65,176.07,1079282,19313,176.712865
2022-04-08,177.07,179.58,174.34,176.91,433453,11278,177.21106
2022-04-11,176.35,179.71,175.78,176.17,482791,12138,177.183891
2022-04-12,177.26,179.95,174.81,175.5,376970,10227,176.808636
2022-04-13,175.63,177.26,175.395,176.47,514285,11255,176.39419
2022-04-14,176.4,177.82,174.72,174.77,535052,11784,175.831251
2022-04-18,174.3,176.22,172.44,173.99,439603,10001,173.890863
2022-04-19,174.5,177.7075,173.92,177.21,631898,13127,176.536393
2022-04-20,179.24,183.62,178.68,182.63,658650,14510,182.578761
2022-04-21,184.16,185.205,179.58,181.37,695104,14195,181.861491
2022-04-22,180.8,180.91,170.935,171.08,1124197,21986,173.211631
2022-04-25,171.17,176.76,169.525,176.01,1067588,25491,173.217064
2022-04-26,174.94,175.57,170.5,170.5,622042,14925,171.911536
2022-04-27,170.91,174.01,170.09,172.09,532881,13541,172.404129
2022-04-28,172.67,178.965,171.025,177.88,758447,13200,175.76643
2022-04-29,176.52,177.94,171.84,172.29,640166,12226,173.88614
2022-05-02,172.91,174.25,168.47,172.02,1085143,19956,171.58449
2022-05-03,171.67,178.385,171.5,176.93,1070116,23790,176.248645
2022-05-04,175.4,185.57,175.25,185.43,1312376,21796,182.217092
2022-05-05,183.01,183.505,174.59,177.08,743446,19168,177.544733
