Date,Open,High,Low,Close,Volume,OpenInterest
2020-12-04,41,41.64,40.4,41.63,1433492,0.0
2020-12-07,41.4,41.6,40.31,40.56,1554866,0.0
2020-12-08,40.14,40.85,39.85,40.02,1262264,0.0
2020-12-09,40.17,40.35,39.1,39.65,1404672,0.0
2020-12-10,39.09,40.29,39.09,39.71,1291528,0.0
2020-12-11,39.27,39.52,38.43,38.8,994699,0.0
2020-12-14,39.22,39.58,37.975,38.07,1821508,0.0
2020-12-15,38.3,38.9,37.78,38.78,2354870,0.0
2020-12-16,39.21,39.39,37.86,38.21,1641458,0.0
2020-12-17,38.5,38.61,37.91,38.41,1391855,0.0
2020-12-18,38.31,38.31,36.15,36.7,2757749,0.0
2020-12-21,35.93,36.4,35.47,36.12,1357174,0.0
2020-12-22,36.27,36.32,35.02,35.4,1924485,0.0
2020-12-23,35.58,36.62,35.45,36.47,1010903,0.0
2020-12-24,36.51,36.7,35.7,36.1,543362,0.0
2020-12-28,36.23,37.28,36.21,36.97,837460,0.0
2020-12-29,37.24,37.53,35.83,35.98,1278717,0.0
2020-12-30,36.03,36.95,36.03,36.43,954720,0.0
2020-12-31,36.37,37.58,35.78,37.32,4114670,0.0
2021-01-04,37.63,37.95,36.245,36.66,2607010,0.0
2021-01-05,36.75,37.33,35.61,35.64,1878966,0.0
2021-01-06,36.12,37.285,35.89,36.77,1722880,0.0
2021-01-07,36.81,37.14,35.71,35.85,1589536,0.0
2021-01-08,36.15,36.17,35.23,36.07,1692308,0.0
2021-01-11,35.62,36.03,35.02,35.26,1705157,0.0
2021-01-12,35.8,35.99,35.32,35.89,2593698,0.0
2021-01-13,36,36.71,35.76,36.6,2297546,0.0
2021-01-14,36.89,38.1738,36.58,37.92,1892608,0.0
2021-01-15,37.76,38.63,37.33,38.56,2277005,0.0
2021-01-19,38.78,38.8,37.61,37.71,1458032,0.0
2021-01-20,37.6,38.25,37.32,38.1,1571602,0.0
2021-01-21,37.95,38.07,37.265,37.54,1565971,0.0
2021-01-22,37.39,37.975,36.912,37.89,1466223,0.0
2021-01-25,37.54,39.11,37.31,38.79,2802914,0.0
2021-01-26,39.13,39.92,38.63,39.18,1655426,0.0
2021-01-27,38.74,40.475,38.68,39.64,2558226,0.0
2021-01-28,39.72,41.35,39.71,40.3,2399908,0.0
2021-01-29,39.6,40.89,38.88,39.73,3435144,0.0
2021-02-01,40.02,40.2,38.31,38.79,2404861,0.0
2021-02-02,38.8,38.8,37.38,37.44,2180028,0.0
2021-02-03,37.41,37.75,36.9,37.52,1792859,0.0
2021-02-04,37.6,38.4183,37.28,37.35,1526954,0.0
2021-02-05,37.63,37.9,37.19,37.39,1274207,0.0
2021-02-08,37.57,38.07,37.14,38.05,1548039,0.0
2021-02-09,38.19,38.45,37.27,37.69,1090187,0.0
2021-02-10,37.92,39.16,37.76,38.88,1433716,0.0
2021-02-11,38.92,39.45,38.53,39.06,1230827,0.0
2021-02-12,38.81,39.18,38.2,38.39,1196606,0.0
2021-02-16,38.51,38.66,37.3,37.38,1991180,0.0
2021-02-17,37.28,37.77,36.48,37.16,2835667,0.0
2021-02-18,36.95,37.44,35.89,36.14,2428850,0.0
2021-02-19,36.25,37.46,36.11,37.32,2485335,0.0
2021-02-22,37.45,40.71,37.45,40.67,3187152,0.0
2021-02-23,41,43.54,40.31,42.86,3897752,0.0
2021-02-24,42.9,44.99,42.81,44.6,2326956,0.0
2021-02-25,44.73,45.59,42.2001,42.66,2390613,0.0
2021-02-26,42.74,43.47,42.17,42.94,2097397,0.0
2021-03-01,43.87,45.4,43.18,44.06,2253018,0.0
2021-03-02,44,44.39,43.335,43.67,1819205,0.0
2021-03-03,43.74,45.49,43.71,45.04,1582497,0.0
2021-03-04,45.32,45.82,43.68,44.48,1799762,0.0
2021-03-05,44.93,45.4,43.2609,44.81,1146829,0.0
2021-03-08,45.39,48.23,44.98,47.86,1783131,0.0
2021-03-09,47.62,48.23,46.3801,46.77,1359535,0.0
2021-03-10,46.7,47.58,46.3,47.03,1068300,0.0
2021-03-11,46.73,48.18,46.62,48.06,1303306,0.0
2021-03-12,48.4,49.5,48.17,49.03,1800422,0.0
2021-03-15,48.89,49.1934,47.34,48.41,1914045,0.0
2021-03-16,48.15,48.16,46.76,47.3,1167995,0.0
2021-03-17,47.48,48.45,47.14,48.41,1422772,0.0
2021-03-18,48.71,49.28,47.96,48.33,2086979,0.0
2021-03-19,48.08,48.8,47.36,48.09,2245565,0.0
2021-03-22,48.23,48.25,46.8,47.04,1504689,0.0
2021-03-23,46.74,47.14,44.86,45.32,2092706,0.0
2021-03-24,45.65,46.86,45.15,45.18,1956753,0.0
2021-03-25,44.99,46.66,44.29,46.32,1307538,0.0
2021-03-26,46.78,47.58,46.3,47.3,849059,0.0
2021-03-29,47.11,47.65,45.61,45.85,1134782,0.0
2021-03-30,46.05,46.96,45.67,46.53,939412,0.0
2021-03-31,46.09,46.35,45.23,45.39,1044641,0.0
2021-04-01,45.77,46.41,45.35,46.39,983270,0.0
2021-04-05,46.73,46.76,45.15,45.79,974456,0.0
2021-04-06,45.62,46.5,45.42,45.95,1211490,0.0
2021-04-07,46.05,46.35,45.51,45.91,826655,0.0
2021-04-08,45.62,45.99,45.32,45.39,900658,0.0
2021-04-09,45.61,45.92,45.13,45.6,826937,0.0
2021-04-12,45.76,45.96,44.89,45.93,1287589,0.0
2021-04-13,45.52,45.86,44.8,45.75,1023169,0.0
2021-04-14,44.13,45.54,44.12,45,1571328,0.0
2021-04-15,45.15,45.15,44.4,44.85,1166058,0.0
2021-04-16,45.12,45.43,44.48,44.96,1166352,0.0
2021-04-19,45.14,45.61,44.44,45.48,1011117,0.0
2021-04-20,45.18,45.35,44.26,44.49,1110983,0.0
2021-04-21,44.39,45.67,44.14,45.5,892610,0.0
2021-04-22,45.62,45.76,44.25,44.27,988027,0.0
2021-04-23,44.47,45.03,44.32,44.81,724523,0.0
2021-04-26,45.25,46.13,44.93,45.51,839265,0.0
2021-04-27,45.69,46.3,45.18,45.89,751955,0.0
2021-04-28,45.93,46.36,45.545,45.85,1387606,0.0
2021-04-29,46.32,47.24,45.74,46.28,1053429,0.0
2021-04-30,46.28,46.28,45.525,45.72,1051384,0.0
2021-05-03,46.1,46.39,45.54,45.71,1181768,0.0
2021-05-04,45.91,48.35,45.74,47.42,2261545,0.0
2021-05-05,47.03,47.135,45.91,46.21,1152039,0.0
2021-05-06,46.46,46.93,45.87,46.83,851146,0.0
2021-05-07,45.99,46.36,45.43,46.01,1220299,0.0
2021-05-10,46.42,47.45,46.22,46.51,1218115,0.0
2021-05-11,46.11,46.63,45.37,46.01,1220548,0.0
2021-05-12,46.27,46.34,44.55,44.58,1077030,0.0
2021-05-13,44.49,45.37,44.28,44.76,1015551,0.0
2021-05-14,45.04,45.54,44.95,45.35,696915,0.0
2021-05-17,45.47,46.26,45.01,46.1,939244,0.0
2021-05-18,46,46.9,45.56,46.46,1068639,0.0
2021-05-19,46.1,46.15,44.6,45.02,1714543,0.0
2021-05-20,44.82,46.06,44.65,45.6,996375,0.0
2021-05-21,45.68,46.15,45.51,45.87,670599,0.0
2021-05-24,46.07,47.19,45.78,46.9,1218850,0.0
2021-05-25,46.64,46.71,45.5,45.67,1260609,0.0
2021-05-26,45.64,46.745,45.25,46.56,923964,0.0
2021-05-27,46.85,47.15,46.425,46.76,1194269,0.0
2021-05-28,47.09,47.55,46.7,47.27,881295,0.0
2021-06-01,47.77,48.96,47.63,48.83,1282661,0.0
2021-06-02,49.12,49.62,48.53,49.5,1126331,0.0
2021-06-03,49.32,49.58,48.84,49.01,938816,0.0
2021-06-04,49.11,49.11,48.03,48.43,887662,0.0
2021-06-07,48.56,50.27,48.33,50.01,1142968,0.0
2021-06-08,49.87,50.91,49.76,49.81,1265803,0.0
2021-06-09,49.91,50.7,49.81,50.21,851084,0.0
2021-06-10,50.44,50.56,49.78,50.28,803340,0.0
2021-06-11,50.12,50.2,49.28,50.01,688740,0.0
2021-06-14,50.01,50.36,49.785,50.07,461324,0.0
2021-06-15,50.03,50.31,49.38,49.54,494172,0.0
2021-06-16,49.54,49.8,48.8995,48.91,696175,0.0
2021-06-17,48.89,49.25,47.42,47.88,916462,0.0
2021-06-18,47.61,47.66,46.44,46.45,1183638,0.0
2021-06-21,46.78,48.22,46.65,48.13,604215,0.0
2021-06-22,48.11,48.13,47.25,47.26,607780,0.0
2021-06-23,47.27,47.84,47.09,47.44,595989,0.0
2021-06-24,47.27,47.91,47.05,47.88,774894,0.0
2021-06-25,48.07,48.39,47.64,48.32,853282,0.0
2021-06-28,48.44,48.44,46.31,47.09,1205936,0.0
2021-06-29,47.08,47.24,46.455,46.48,692159,0.0
2021-06-30,46.48,47.18,46.41,46.67,730761,0.0
2021-07-01,46.74,47.86,46.55,47.06,1014484,0.0
2021-07-02,47.1,47.51,46.49,46.74,805229,0.0
2021-07-06,46.57,46.72,45.32,46.02,1384056,0.0
2021-07-07,45.63,45.94,45.17,45.49,835466,0.0
2021-07-08,44.77,45.27,44.18,44.89,930220,0.0
2021-07-09,45.71,46.57,45.31,46.53,655214,0.0
2021-07-12,46.2,47.27,45.93,47.11,659896,0.0
2021-07-13,46.88,46.975,45.36,45.55,960858,0.0
2021-07-14,45.44,45.945,45.34,45.87,775338,0.0
2021-07-15,45.71,45.93,45.2,45.49,482536,0.0
2021-07-16,45.76,45.92,45.13,45.21,433989,0.0
2021-07-19,44.16,44.5,42.51,43.08,1630658,0.0
2021-07-20,43.32,45.03,43.06,44.84,1221214,0.0
2021-07-21,45.48,46.36,45.17,45.55,1003324,0.0
2021-07-22,45.14,45.355,43.91,44.05,887527,0.0
2021-07-23,44.35,44.47,43.375,44.0277,1342271,0.0
2021-07-26,43.84,44.45,43.44,44.29,1029663,0.0
2021-07-27,44.11,44.6,43.86,44.29,689591,0.0
2021-07-28,44.65,44.83,43.63,44.16,714775,0.0
2021-07-29,44.5,44.79,43.84,43.93,1035095,0.0
2021-07-30,43.95,44.58,43.47,43.51,937366,0.0
2021-08-02,43.73,44.69,43.2,43.33,1086409,0.0
2021-08-03,42.96,43.36,41.33,42.5,1608197,0.0
2021-08-04,42.335,42.75,41.46,41.56,1651586,0.0
2021-08-05,42.03,42.755,41.87,42.52,1114976,0.0
2021-08-06,42.36,42.8,42.22,42.7,664623,0.0
2021-08-09,42.41,42.55,41.92,42.25,675551,0.0
2021-08-10,42.23,42.42,41.72,41.98,813232,0.0
2021-08-11,42.01,43.09,41.69,43.08,1278731,0.0
2021-08-12,43.17,43.18,42.04,42.43,619217,0.0
2021-08-13,42.4,42.9,42.245,42.7,718379,0.0
2021-08-16,42.6,43.23,42.26,42.54,861161,0.0
2021-08-17,42.12,42.5,41.345,42.31,1726921,0.0
2021-08-18,42.11,42.14,41.055,41.12,810042,0.0
2021-08-19,41,41.44,40.26,40.87,885851,0.0
2021-08-20,40.68,41.12,40.32,40.9,830348,0.0
2021-08-23,41.16,41.5,40.84,41.32,664028,0.0
2021-08-24,41.6,41.88,41.11,41.7,991978,0.0
2021-08-25,41.58,42.12,41.36,41.7,632732,0.0
2021-08-26,41.7,41.8,41.1,41.28,710349,0.0
2021-08-27,41.56,42.35,41.43,41.91,455269,0.0
2021-08-30,41.8,41.9412,41.0804,41.41,962466,0.0
2021-08-31,41.29,42.2,41.16,41.89,810926,0.0
2021-09-01,41.93,43.21,41.79,42.74,1502177,0.0
2021-09-02,42.83,42.91,41.92,42.26,837774,0.0
2021-09-03,42.17,42.27,41.1,41.86,893648,0.0
2021-09-07,41.93,42.37,41.27,42.04,1156850,0.0
2021-09-08,41.83,42.49,41.58,42.26,762945,0.0
2021-09-09,41.86,42.55,41.4,41.41,753794,0.0
2021-09-10,41.56,41.595,40.27,40.27,1173146,0.0
2021-09-13,40.53,41.61,40.17,41.28,774781,0.0
2021-09-14,41.56,41.61,40.67,40.98,997963,0.0
2021-09-15,40.94,41.47,40.75,41.32,674650,0.0
2021-09-16,41.37,41.985,41.21,41.6,728323,0.0
2021-09-17,41.37,41.645,41.27,41.28,1056538,0.0
2021-09-20,40.51,41.28,40.23,41.17,927228,0.0
2021-09-21,41.71,42,41.47,41.47,808090,0.0
2021-09-22,41.91,42.83,41.865,42.53,950315,0.0
2021-09-23,42.86,43.99,42.73,43.3,1192422,0.0
2021-09-24,43.82,44.66,43.65,44.1,1942697,0.0
2021-09-27,44.45,45.32,44.19,44.38,1548183,0.0
2021-09-28,44.63,45.19,43.96,44.27,1322081,0.0
2021-09-29,44.2,44.43,43.135,43.16,1100349,0.0
2021-09-30,43.07,43.1,41.98,42.01,1142698,0.0
2021-10-01,42.33,43.82,42.24,43.49,1241892,0.0
2021-10-04,43.21,44.01,43.19,43.58,827997,0.0
2021-10-05,43.58,43.71,42.98,43.13,676042,0.0
2021-10-06,42.51,43.38,42.03,43.34,953419,0.0
2021-10-07,43.92,44.18,43.31,43.56,1081963,0.0
2021-10-08,43.73,44.36,43.435,43.81,632665,0.0
2021-10-11,43.96,44.65,43.72,44.2,668009,0.0
2021-10-12,43.73,44.36,43.33,44.25,590071,0.0
2021-10-13,43.95,44.36,43.74,44.34,562212,0.0
2021-10-14,44.71,44.87,44.42,44.67,697149,0.0
2021-10-15,44.845,45.49,44.845,45.12,696707,0.0
2021-10-18,44.91,45.25,44.7,45.13,565522,0.0
2021-10-19,45.43,45.43,44.45,44.58,560768,0.0
2021-10-20,44.37,45.99,44.31,45.92,923242,0.0
2021-10-21,45.95,46.12,44.33,44.75,665585,0.0
2021-10-22,44.76,45.24,44.5,44.91,485494,0.0
2021-10-25,44.82,44.85,44.2,44.75,906303,0.0
2021-10-26,44.87,44.95,44.22,44.23,563437,0.0
2021-10-27,44.38,44.38,42.91,42.93,908508,0.0
2021-10-28,43.06,43.51,42.77,43.45,874062,0.0
2021-10-29,43.31,43.45,42.44,42.62,992911,0.0
2021-11-01,42.86,43.601,42.77,43.51,994105,0.0
2021-11-02,44.14,44.14,42.47,42.99,2036378,0.0
2021-11-03,42.79,44.62,42.77,44.38,923927,0.0
2021-11-04,44.35,44.57,43.34,43.63,924018,0.0
2021-11-05,44.34,45.37,44.12,44.59,1100182,0.0
2021-11-08,44.84,45.78,44.29,45.7,1484890,0.0
2021-11-09,45.5,45.6,44.97,45.27,790510,0.0
2021-11-10,45.16,45.61,44.77,44.86,850003,0.0
2021-11-11,44.68,45.25,44.41,45.19,403881,0.0
2021-11-12,45.29,45.69,45.09,45.55,669213,0.0
2021-11-15,45.77,46.64,45.58,46.61,954840,0.0
2021-11-16,46.62,46.64,44.935,45.27,1410099,0.0
2021-11-17,45.1,45.12,43.64,44.63,1349322,0.0
2021-11-18,44.8,45.43,44.55,45.3,817775,0.0
2021-11-19,45,45,43.6,44.23,913498,0.0
2021-11-22,44.41,44.71,44.05,44.12,703433,0.0
2021-11-23,44.38,44.56,43.85,44.06,992356,0.0
2021-11-24,43.81,44.31,43.5,44.11,682726,0.0
2021-11-26,42.33,42.78,41.05,42.14,1030888,0.0
2021-11-29,42.57,42.61,41.03,41.57,880073,0.0
2021-11-30,40.7,40.88,40,40.12,2026365,0.0
2021-12-01,41.42,41.81,39.15,39.16,1329468,0.0
2021-12-02,39.61,41.54,39.42,41.21,1426597,0.0
2021-12-03,41.3,41.81,40.37,40.91,1100554,0.0
2021-12-06,41.5,42.91,41.34,42.05,1091744,0.0
2021-12-07,42.4,42.81,42.02,42.28,931728,0.0
2021-12-08,42.21,43.49,42.08,43.1,844653,0.0
2021-12-09,42.73,42.85,42.04,42.48,861004,0.0
2021-12-10,42.7,42.84,41.53,42.04,961197,0.0
2021-12-13,41.87,41.87,40.6,41.4,543636,0.0
2021-12-14,41.26,41.775,40.77,40.84,1035266,0.0
2021-12-15,40.74,40.88,39.67,40.79,1093099,0.0
2021-12-16,41.23,41.5,40.2,40.44,921917,0.0
2021-12-17,40.31,41.32,40.27,40.77,2066622,0.0
2021-12-20,40,40.21,38.82,39.55,1246861,0.0
2021-12-21,40.04,41.5,39.83,41.5,1294519,0.0
2021-12-22,41.35,41.62,41.011,41.29,704972,0.0
2021-12-23,41.45,41.74,41.2809,41.5,638371,0.0
2021-12-27,41.24,41.68,40.815,41.64,514877,0.0
2021-12-28,41.52,41.91,41.34,41.64,639671,0.0
2021-12-29,41.68,41.82,41.18,41.68,419998,0.0
2021-12-30,41.75,42.88,41.75,42.43,908886,0.0
2021-12-31,42.43,42.73,41.85,41.86,669643,0.0
2022-01-03,42.03,43.79,41.95,43.79,1147966,0.0
2022-01-04,44.68,45.65,44.53,45.29,1265127,0.0
2022-01-05,45.29,46.14,44.4,44.46,1201609,0.0
2022-01-06,45,45.41,44.45,45.07,1331782,0.0
2022-01-07,45.02,46.34,44.96,45.78,1653197,0.0
2022-01-10,45.92,46.4,45.165,45.6,918661,0.0
2022-01-11,45.49,45.83,44.91,45.53,563326,0.0
2022-01-12,45.39,45.73,44.95,45.1,547054,0.0
2022-01-13,45.08,46.54,45.01,46.34,986941,0.0
2022-01-14,46.14,46.485,45.66,46.28,572308,0.0
2022-01-18,46.37,46.37,45.18,45.33,734445,0.0
2022-01-19,45.49,45.53,44.08,44.11,740768,0.0
2022-01-20,44.09,45.01,42.89,42.94,1114654,0.0
2022-01-21,42.82,42.85,41.51,41.76,918343,0.0
2022-01-24,41.11,41.54,39.825,41.42,2047456,0.0
2022-01-25,40.81,41.5,40.08,40.95,2248356,0.0
2022-01-26,41.35,42.33,40.42,40.74,1580529,0.0
2022-01-27,41.07,41.43,39.1208,39.46,1097972,0.0
2022-01-28,38.97,40.34,38,40.29,1647093,0.0
2022-01-31,39.67,41.05,39.46,41.01,1212633,0.0
2022-02-01,40.93,41.86,40.52,41.62,1068850,0.0
2022-02-02,41.75,42.23,41.35,41.38,963684,0.0
2022-02-03,41.17,41.3,40.405,40.59,864904,0.0
2022-02-04,40.34,41.04,39.98,40.54,1124021,0.0
2022-02-07,40.67,41.38,40.58,40.95,828966,0.0
2022-02-08,41.21,41.53,40.48,40.63,693550,0.0
2022-02-09,40.98,41.75,40.98,41.65,1000860,0.0
2022-02-10,41.32,42.51,41.05,41.36,1189159,0.0
2022-02-11,41.32,42.37,40.88,41.3,1043393,0.0
