Date,Open,High,Low,Close,volume,trade_count,vwap
2020-12-31,18.23,18.86,18.03,18.74,14376245,70716,18.60197
2021-01-04,18.67,18.77,18.21,18.54,12215605,72752,18.558242
2021-01-05,18.5,18.605,17.81,18.1,12217787,69463,18.080512
2021-01-06,18.1,18.675,18.1,18.49,8625061,51097,18.419464
2021-01-07,18.59,18.69,18.36,18.52,7195127,48961,18.538614
2021-01-08,18.42,18.6,18.03,18.3,6893458,44549,18.283943
2021-01-11,18.13,18.66,18.12,18.47,6961189,40540,18.466173
2021-01-12,18.4,18.67,18.2,18.24,7689434,44633,18.346911
2021-01-13,18.24,18.71,18.2,18.4,9186306,41216,18.431382
2021-01-14,18.19,18.355,16.75,17.31,44993194,164076,17.424668
2021-01-15,17.13,17.2,16.7318,17.05,19765047,81461,17.036661
2021-01-19,17.26,17.56,17.08,17.44,10847281,55785,17.370992
2021-01-20,17.45,17.71,17.31,17.69,9953076,48223,17.577046
2021-01-21,17.3,17.62,16.8,17.31,13895774,53079,17.376352
2021-01-22,17.2,17.52,17.1,17.43,5727564,33683,17.395503
2021-01-25,17.26,17.4,17.125,17.23,9460357,45758,17.229161
2021-01-26,17.2,17.36,17.08,17.09,5968981,35496,17.186509
2021-01-27,16.99,17.17,16.61,16.86,14517907,77849,16.889816
2021-01-28,16.9,17.445,16.84,17.19,9216727,54594,17.222192
2021-01-29,17.13,17.58,16.9,16.99,8256782,47175,17.169264
2021-02-01,17.18,17.58,17.03,17.445,8955008,48210,17.391642
2021-02-02,17.57,17.75,17.36,17.38,9194018,44324,17.567775
2021-02-03,17.31,18.38,17.3,18.09,15935468,73155,18.032296
2021-02-04,18.11,18.28,17.71,18.0,7266672,44186,18.002815
2021-02-05,18.01,18.075,17.64,17.895,7864605,41290,17.846164
2021-02-08,17.99,18.04,17.715,18.0,7332428,40641,17.878882
2021-02-09,17.87,18.55,17.84,18.47,6575114,39754,18.361953
2021-02-10,18.53,18.67,18.21,18.39,7291003,42377,18.42893
2021-02-11,18.24,18.44,18.07,18.24,5498144,33646,18.22948
2021-02-12,18.1,18.4,18.03,18.24,4469349,30053,18.221663
2021-02-16,18.35,18.39,18.09,18.335,5009322,34019,18.278403
2021-02-17,18.19,18.545,18.17,18.52,4684495,32454,18.407811
2021-02-18,18.61,18.68,18.25,18.27,6811975,35893,18.399575
2021-02-19,18.27,18.48,18.16,18.21,10868936,52943,18.285133
2021-02-22,16.64,16.8,15.49,15.5,39361556,166787,15.893501
2021-02-23,15.7,15.77,14.93,15.22,21414370,108416,15.149442
2021-02-24,15.35,15.47,14.94,15.3,15465558,75530,15.262997
2021-02-25,15.29,15.38,14.855,15.05,16273037,73411,15.071792
2021-02-26,14.93,15.0,14.56,14.85,15769577,73700,14.791175
2021-03-01,15.13,15.3,14.615,14.72,11913861,60455,14.855364
2021-03-02,14.52,14.7,14.135,14.29,16296852,81490,14.30807
2021-03-03,14.17,14.24,13.5308,13.88,24164102,94909,13.834734
2021-03-04,13.67,13.8,13.31,13.59,18720761,93910,13.532459
2021-03-05,13.69,13.99,13.36,13.91,13295277,66194,13.71337
2021-03-08,13.76,14.05,13.68,13.83,11899589,62115,13.866132
2021-03-09,13.95,14.215,13.71,13.91,10908802,55504,14.021202
2021-03-10,14.08,14.23,13.83,14.06,8696611,45289,14.081287
2021-03-11,14.1,14.22,13.92,14.1,8355305,41972,14.099888
2021-03-12,14.07,14.385,13.9882,14.36,7784448,41028,14.253434
2021-03-15,14.35,14.685,14.23,14.67,9915013,46482,14.532398
2021-03-16,14.67,14.73,14.4435,14.53,10558820,45415,14.536525
2021-03-17,14.43,15.1,14.42,15.08,10784529,53587,14.925688
2021-03-18,14.95,15.03,14.5,14.59,9877532,51593,14.776654
2021-03-19,14.66,14.88,14.5273,14.78,11381495,41501,14.731151
2021-03-22,14.91,14.935,14.6301,14.79,7738991,41031,14.784514
2021-03-23,14.74,14.75,14.115,14.17,8881896,47134,14.295497
2021-03-24,14.1,14.22,13.9413,14.01,9597536,51557,14.069083
2021-03-25,14.09,14.15,13.9232,14.02,10229327,47731,14.0362
2021-03-26,14.07,14.44,14.02,14.36,6336236,38307,14.280877
2021-03-29,14.21,14.42,14.17,14.32,6174166,33694,14.303279
2021-03-30,14.3,14.32,13.945,14.15,11407822,39931,14.104432
2021-03-31,14.11,14.28,13.89,13.97,13875776,54590,14.003794
2021-04-01,13.96,14.08,13.86,13.9,7037254,41515,13.939425
2021-04-05,13.92,14.16,13.86,14.05,7948050,35974,14.049876
2021-04-06,13.99,14.1,13.79,13.83,7894732,39377,13.863701
2021-04-07,13.87,13.88,13.36,13.39,17582382,69587,13.579326
2021-04-08,13.42,13.49,13.11,13.29,12103620,58050,13.286016
2021-04-09,13.3,13.405,13.21,13.395,8955663,41589,13.339622
2021-04-12,13.4,13.44,13.2,13.26,7104199,41066,13.264422
2021-04-13,13.24,13.295,12.94,12.98,10690109,50104,13.075205
2021-04-14,13.02,13.36,13.01,13.21,8711247,42004,13.211645
2021-04-15,13.22,13.43,13.1529,13.28,6691642,34921,13.317642
2021-04-16,13.39,13.47,13.13,13.4,6974284,36635,13.340357
2021-04-19,13.4,13.53,13.22,13.255,7977143,36762,13.313001
2021-04-20,13.16,13.21,12.97,13.11,7440712,37031,13.097258
2021-04-21,13.04,13.31,12.99,13.31,7114953,38730,13.179063
2021-04-22,13.31,13.6,13.289,13.36,7784889,38542,13.409528
2021-04-23,13.4,13.455,13.215,13.36,4869531,27544,13.351261
2021-04-26,13.39,13.68,13.39,13.55,5759604,32786,13.569955
2021-04-27,13.52,13.59,13.19,13.28,17574335,50575,13.286593
2021-04-28,13.33,13.52,13.28,13.46,6219686,39643,13.421946
2021-04-29,13.55,13.66,13.23,13.36,7909064,39221,13.346264
2021-04-30,13.4,13.52,13.26,13.3,6964546,35826,13.334131
2021-05-03,13.26,13.55,13.19,13.5,6532570,35372,13.45163
2021-05-04,13.49,13.64,13.26,13.4,10512499,45726,13.380594
2021-05-05,13.44,13.7,13.3,13.64,12010099,48758,13.525891
2021-05-06,13.64,13.94,13.435,13.93,10914025,51092,13.70817
2021-05-07,13.82,14.1,13.78,14.08,12725736,49712,14.011971
2021-05-10,14.9,15.475,14.8,15.04,29968995,125667,15.179293
2021-05-11,14.92,15.5,14.85,15.14,11043586,65780,15.181757
2021-05-12,15.18,15.855,15.17,15.72,19998706,83638,15.670808
2021-05-13,15.56,16.05,15.55,15.93,10038985,48128,15.808525
2021-05-14,16.03,16.1,15.75,16.0,9190191,41890,15.941254
2021-05-17,16.0,16.29,15.95,16.15,14810367,53341,16.160972
2021-05-18,16.1,16.15,15.8,16.05,8304295,44103,15.986295
2021-05-19,15.93,15.95,15.45,15.5,11164339,57713,15.5634
2021-05-20,15.52,15.71,15.37,15.59,11505774,48299,15.578043
2021-05-21,15.5,15.6544,15.29,15.31,10754607,40469,15.420222
2021-05-24,15.43,15.535,15.29,15.36,9083610,44339,15.386897
2021-05-25,15.32,15.33,14.93,14.98,7629609,38525,15.039782
2021-05-26,14.98,15.18,14.87,15.16,5306051,29752,15.106725
2021-05-27,15.19,15.27,15.08,15.14,10642152,31891,15.15188
2021-05-28,15.2,15.33,15.11,15.24,4528988,26641,15.237272
2021-06-01,15.29,15.3763,15.155,15.26,5462430,27461,15.266564
2021-06-02,15.26,15.56,15.12,15.46,6191570,29660,15.441367
2021-06-03,15.44,15.535,15.365,15.41,5188754,25756,15.431093
2021-06-04,15.43,15.475,15.265,15.39,5116044,26082,15.395323
2021-06-07,15.39,15.46,15.27,15.39,5962384,33891,15.395323
2021-06-08,15.42,15.57,15.23,15.49,5355232,33053,15.441118
2021-06-09,15.5,15.555,15.4,15.45,4967693,30402,15.478988
2021-06-10,15.46,15.92,15.41,15.79,7253494,34157,15.756866
2021-06-11,15.76,15.79,15.63,15.73,4130858,23462,15.701232
2021-06-14,15.73,15.79,15.56,15.63,4185931,25232,15.663903
2021-06-15,15.61,15.68,15.12,15.3,6926739,32579,15.275789
2021-06-16,15.39,15.4805,15.11,15.22,5830076,26965,15.254308
2021-06-17,15.13,15.1849,14.6,14.67,12264831,46194,14.741299
2021-06-18,14.54,14.635,14.2,14.26,12841410,43115,14.331861
2021-06-21,14.26,14.38,14.11,14.35,6754175,34750,14.275653
2021-06-22,14.4,14.4,14.11,14.22,6491140,33001,14.2143
2021-06-23,14.28,14.32,14.11,14.17,4818367,28385,14.192123
2021-06-24,14.25,14.42,14.13,14.36,5837972,28364,14.348118
2021-06-25,14.39,14.63,14.34,14.57,7567777,31650,14.543829
2021-06-28,14.56,14.6,14.3,14.38,4639908,29312,14.390113
2021-06-29,14.38,14.56,14.31,14.52,5006611,30449,14.473781
2021-06-30,14.53,14.54,14.27,14.29,6821068,34551,14.333858
2021-07-01,14.38,14.77,14.38,14.75,6219233,35084,14.653418
2021-07-02,14.79,14.82,14.4531,14.71,5724301,28431,14.675723
2021-07-06,14.7,14.75,14.17,14.19,7868237,37627,14.265038
2021-07-07,14.17,14.22,13.92,14.03,7362003,36834,14.065082
2021-07-08,13.92,14.0,13.75,13.78,6910133,31950,13.831746
2021-07-09,13.94,14.43,13.92,14.31,7703319,42265,14.296214
2021-07-12,14.19,14.27,14.05,14.18,4980746,28205,14.188573
2021-07-13,14.23,14.25,13.83,13.92,8940926,43275,13.954326
2021-07-14,13.93,14.16,13.89,14.07,5853063,27441,14.02897
2021-07-15,14.0,14.175,13.83,13.88,4821060,27837,13.967532
2021-07-16,13.87,13.91,13.74,13.76,4792084,25178,13.806274
2021-07-19,13.59,13.68,13.24,13.6,8430697,43376,13.440441
2021-07-20,13.65,13.97,13.6,13.89,9421875,43419,13.774598
2021-07-21,14.0,14.12,13.895,14.06,4742959,32510,14.049401
2021-07-22,13.96,13.98,13.77,13.85,4218177,24007,13.857103
2021-07-23,13.95,13.99,13.8025,13.92,3569400,21132,13.896435
2021-07-26,13.87,14.06,13.78,13.84,3961605,22728,13.861819
2021-07-27,13.81,13.945,13.695,13.91,5215472,26647,13.854154
2021-07-28,13.88,14.38,13.8346,14.23,6713199,30690,14.173841
2021-07-29,14.64,14.68,14.26,14.29,5348641,30601,14.376173
2021-07-30,14.33,14.43,13.98,14.07,6896727,30761,14.142963
2021-08-02,14.13,14.37,14.0823,14.23,5841215,33646,14.238823
2021-08-03,14.24,14.32,13.89,14.19,4927221,27095,14.11293
2021-08-04,14.04,14.18,13.675,13.76,10168550,38119,13.821852
2021-08-05,13.78,13.94,13.7321,13.93,8136985,35452,13.884125
2021-08-06,14.02,14.26,13.9,14.25,9497865,35879,14.117542
2021-08-09,14.66,15.17,14.43,15.1,15501795,77820,14.848263
2021-08-10,15.14,15.25,14.765,15.11,8885419,50112,15.044505
2021-08-11,15.05,15.16,14.75,14.82,7785847,40768,14.859178
2021-08-12,14.83,15.065,14.74,14.95,5585540,30267,14.901414
2021-08-13,14.97,15.05,14.85,14.95,3650692,21648,14.969835
2021-08-16,14.92,15.0,14.7637,14.91,3983843,25515,14.902786
2021-08-17,14.85,14.87,14.45,14.77,5201055,31808,14.685101
2021-08-18,14.73,15.06,14.71,14.79,7680612,37448,14.865118
2021-08-19,14.63,14.86,14.62,14.73,6662385,31715,14.743052
2021-08-20,14.65,14.86,14.59,14.69,7271581,32512,14.701649
2021-08-23,14.63,14.89,14.555,14.76,7132309,33617,14.744014
2021-08-24,14.77,14.855,14.63,14.66,6507580,30592,14.731716
2021-08-25,14.58,14.58,14.395,14.52,5767486,28719,14.488671
2021-08-26,14.52,14.53,14.16,14.29,5222024,31137,14.317474
2021-08-27,14.32,14.47,14.29,14.37,5332971,29034,14.385346
2021-08-30,14.33,14.52,14.3,14.41,6625150,23983,14.411359
2021-08-31,14.35,14.64,14.32,14.63,10438345,34966,14.556118
2021-09-01,14.65,14.65,14.43,14.59,19476268,28684,14.582989
2021-09-02,14.59,15.14,14.55,15.13,6632935,33094,14.962689
2021-09-03,15.07,15.19,14.87,14.89,5535860,25704,14.933843
2021-09-07,14.87,14.91,14.545,14.66,5516463,28512,14.661513
2021-09-08,14.59,14.61,14.375,14.55,4398263,25359,14.505461
2021-09-09,14.51,14.52,14.205,14.29,7193517,35306,14.30364
2021-09-10,14.37,14.38,13.77,13.8,10815607,52381,13.928335
2021-09-13,13.89,14.06,13.78,13.92,9010777,39965,13.946488
2021-09-14,14.0,14.04,13.64,13.68,6467695,32154,13.743687
2021-09-15,13.62,13.78,13.6,13.73,6061777,32909,13.71256
2021-09-16,13.81,13.85,13.56,13.69,5252180,31015,13.696474
2021-09-17,13.59,13.705,13.51,13.57,22759120,42389,13.578419
2021-09-20,13.44,13.535,13.2,13.33,10534129,60119,13.344335
2021-09-21,13.42,13.55,13.22,13.28,6041513,30471,13.339877
2021-09-22,13.36,13.49,13.24,13.25,5806762,31484,13.36591
2021-09-23,13.3,13.5,13.215,13.34,6908694,37355,13.387776
2021-09-24,13.31,13.469,13.28,13.38,3740451,21342,13.375742
2021-09-27,13.47,13.88,13.43,13.82,8599111,41400,13.74498
2021-09-28,13.82,13.95,13.65,13.7,9752469,41823,13.740662
2021-09-29,13.68,13.95,13.61,13.86,4893123,30821,13.815763
2021-09-30,13.86,13.9901,13.48,13.55,9001209,37623,13.65503
2021-10-01,13.56,13.725,13.46,13.6,7071091,31407,13.598727
2021-10-04,13.58,13.775,13.31,13.43,7894131,38715,13.473452
2021-10-05,13.39,13.665,13.32,13.5,8869347,31945,13.528221
2021-10-06,13.4,13.575,13.31,13.44,7934223,33689,13.441592
2021-10-07,13.55,13.81,13.54,13.63,4872195,29852,13.675725
2021-10-08,13.69,13.8264,13.6,13.63,4378629,22909,13.70097
2021-10-11,13.65,13.865,13.59,13.61,5114423,20089,13.662897
2021-10-12,13.62,13.69,13.36,13.46,5870686,31239,13.454857
2021-10-13,13.45,13.56,13.346,13.37,4613940,27195,13.423071
2021-10-14,13.45,13.66,13.45,13.48,5372543,29581,13.529184
2021-10-15,13.64,13.67,13.43,13.46,5621244,29706,13.550971
2021-10-18,13.41,13.52,13.21,13.49,8593219,42666,13.375555
2021-10-19,13.55,13.63,13.44,13.57,4958775,26880,13.552105
2021-10-20,13.63,14.05,13.62,13.99,7164687,38812,13.926454
2021-10-21,13.91,14.05,13.81,14.01,4147276,28353,13.935534
2021-10-22,14.01,14.1,13.905,13.94,3686328,23161,13.962861
2021-10-25,13.93,13.94,13.68,13.8,10307708,36047,13.798357
2021-10-26,13.84,13.89,13.465,13.48,7970680,40069,13.562095
2021-10-27,13.47,13.48,13.085,13.1,13405075,52924,13.194764
2021-10-28,13.15,13.42,13.1,13.33,9881290,34321,13.302451
2021-10-29,13.33,13.39,13.23,13.35,8943738,32041,13.322861
2021-11-01,13.41,13.94,13.37,13.82,7444490,40883,13.789434
2021-11-02,13.86,13.94,13.62,13.83,7584835,35615,13.832216
2021-11-03,13.8,13.96,13.72,13.9,6318100,34827,13.870527
2021-11-04,13.84,13.879,13.51,13.68,6798250,36508,13.640879
2021-11-05,13.71,13.99,13.48,13.73,13090134,51798,13.725979
2021-11-08,14.42,14.87,14.25,14.68,18849205,96792,14.565811
2021-11-09,14.71,14.74,14.41,14.57,10982541,54265,14.560106
2021-11-10,14.5,14.75,14.38,14.54,10106009,50327,14.57847
2021-11-11,14.54,14.65,14.415,14.46,6687463,34512,14.510514
2021-11-12,14.47,14.51,14.07,14.11,9533408,39879,14.187868
2021-11-15,14.11,14.17,13.87,13.9,12547332,38051,13.965821
2021-11-16,13.92,13.99,13.73,13.88,11337622,38609,13.892239
2021-11-17,13.85,13.965,13.64,13.65,11900031,42420,13.744545
2021-11-18,13.62,13.66,13.29,13.39,9795004,44352,13.395696
2021-11-19,13.33,13.37,13.08,13.08,10762876,56509,13.151185
2021-11-22,13.03,13.28,12.9,13.12,17541104,52182,13.137314
2021-11-23,13.18,13.29,13.09,13.16,7884955,38347,13.173821
2021-11-24,13.06,13.135,12.95,13.05,11299517,37867,13.050214
2021-11-26,12.89,12.89,12.57,12.75,11412143,45320,12.802883
2021-11-29,12.87,12.9,12.47,12.52,14654143,55892,12.613069
2021-11-30,12.48,12.59,12.23,12.31,21864692,60859,12.33639
2021-12-01,12.43,12.53,12.07,12.09,10378636,53173,12.259512
2021-12-02,12.08,12.36,11.96,12.2,11922061,59897,12.213258
2021-12-03,12.23,12.29,12.08,12.2,8326553,45408,12.186207
2021-12-06,12.3,12.61,12.259,12.44,12643637,62920,12.453425
2021-12-07,12.43,12.52,12.36,12.4,8295355,41304,12.447204
2021-12-08,12.49,12.52,12.38,12.43,7669804,41460,12.45338
2021-12-09,12.41,12.77,12.4,12.59,12696280,53944,12.604891
2021-12-10,12.62,12.92,12.57,12.7,8707700,40244,12.699721
2021-12-13,12.62,12.73,12.4,12.55,9784223,42117,12.536263
2021-12-14,12.55,13.15,12.55,12.81,10511563,54948,12.927924
2021-12-15,12.79,12.82,12.585,12.69,8118667,40071,12.683257
2021-12-16,12.84,13.195,12.82,13.02,9403050,48148,13.061488
2021-12-17,13.15,13.18,12.835,13.03,18092340,51458,13.040703
2021-12-20,12.87,12.91,12.54,12.76,9216977,41847,12.677885
2021-12-21,12.96,13.2,12.88,13.09,14192057,46203,13.096304
2021-12-22,13.04,13.325,13.005,13.25,9017572,33262,13.233002
2021-12-23,13.3,13.71,13.26,13.63,10508235,46475,13.599473
2021-12-27,13.63,13.795,13.56,13.67,11433335,36578,13.648103
2021-12-28,13.62,13.71,13.55,13.64,8867660,34893,13.61653
2021-12-29,13.56,13.66,13.5,13.56,9130623,34227,13.569756
2021-12-30,13.58,13.75,13.51,13.55,8741003,33627,13.598922
2021-12-31,13.55,13.71,13.52,13.53,8013107,25649,13.579622
2022-01-03,13.58,14.3,13.52,14.21,11965525,54865,14.110466
2022-01-04,14.26,14.455,14.225,14.37,12551208,59107,14.351865
2022-01-05,14.46,14.73,14.41,14.46,10096432,54500,14.524612
2022-01-06,14.53,14.62,14.29,14.5,10470899,46662,14.486758
2022-01-07,14.51,14.75,14.5,14.74,9535946,40420,14.6849
2022-01-10,14.77,15.01,14.58,15.01,13521205,64343,14.85461
2022-01-11,15.02,15.34,14.915,15.32,10033019,48343,15.204641
2022-01-12,15.31,15.32,15.13,15.17,7864000,37986,15.206309
2022-01-13,15.15,15.2,14.995,15.02,7520285,42679,15.075415
2022-01-14,14.95,15.255,14.86,15.22,5769575,34440,15.114599
2022-01-18,15.16,15.3,15.02,15.06,7724892,40032,15.115941
2022-01-19,15.05,15.13,14.7,14.72,7263945,41238,14.843438
2022-01-20,14.69,14.88,14.57,14.64,8402420,45120,14.718785
2022-01-21,14.55,14.77,14.505,14.53,11142707,55146,14.579846
2022-01-24,14.4,14.48,13.96,14.36,10517451,57414,14.203998
2022-01-25,14.32,14.81,14.175,14.68,10845580,60786,14.572924
2022-01-26,14.62,14.86,14.5,14.62,7164739,46812,14.670812
2022-01-27,14.7,14.88,14.52,14.59,7389517,49456,14.675769
2022-01-28,14.55,14.63,14.32,14.63,7884186,46946,14.486508
2022-01-31,14.5,15.07,14.48,14.97,15243304,51307,14.896041
2022-02-01,14.97,15.14,14.83,15.07,9050932,48157,15.037387
2022-02-02,14.99,15.33,14.73,15.3,10378787,55323,15.098837
2022-02-03,15.2,15.305,15.06,15.13,7681103,40748,15.149822
2022-02-04,15.11,15.24,14.94,15.13,7451290,36920,15.118519
2022-02-07,15.23,15.4,15.15,15.26,6331870,33360,15.291779
2022-02-08,15.25,15.3167,15.0,15.22,7279592,39259,15.158624
2022-02-09,15.3,15.6,15.265,15.4,6319960,34381,15.437382
2022-02-10,15.33,15.58,15.32,15.37,8376883,40389,15.431763
2022-02-11,15.29,15.455,15.12,15.17,9957994,36586,15.281362
2022-02-14,15.18,15.235,14.881,15.03,6147100,32571,15.009031
2022-02-15,15.03,15.34,14.97,15.32,7382958,32091,15.27437
2022-02-16,15.3,15.51,15.215,15.25,7768547,38731,15.296548
2022-02-17,15.2,15.2,14.79,14.83,7617212,42510,14.912467
2022-02-18,14.76,14.9,14.6,14.71,9514987,51774,14.718131
2022-02-22,14.56,14.735,14.465,14.55,7983539,39299,14.594987
2022-02-23,14.55,14.6,14.28,14.32,10165129,45780,14.383913
2022-02-24,13.9,13.98,13.6704,13.93,14794838,74228,13.84875
2022-02-25,14.03,14.64,14.005,14.54,15002829,71558,14.454459
2022-02-28,13.74,13.74,10.88,11.01,62381697,257257,11.381471
2022-03-01,11.17,11.18,9.68,10.15,62186574,209738,10.059166
2022-03-02,10.15,10.54,10.12,10.48,23368207,97024,10.37801
2022-03-03,10.41,10.455,9.91,10.41,22414581,106865,10.26744
2022-03-04,10.08,10.29,9.915,10.2,23788439,83538,10.120215
2022-03-07,10.03,10.11,9.84,9.88,17889128,80196,9.916878
2022-03-08,9.88,10.115,9.82,9.95,21603182,76820,9.955431
2022-03-09,10.12,10.47,10.09,10.28,19357057,55085,10.30135
2022-03-10,10.1,10.27,9.9,10.12,11976111,51762,10.071662
2022-03-11,10.15,10.34,10.01,10.02,12377322,44124,10.097331
2022-03-14,10.16,10.27,9.66,9.81,11808624,53115,9.874626
2022-03-15,9.88,9.995,9.765,9.96,13590331,54387,9.894525
2022-03-16,10.11,10.495,10.1,10.39,12715302,60996,10.366278
2022-03-17,10.24,10.74,10.152,10.64,10752266,50720,10.553633
2022-03-18,10.51,10.69,10.5,10.66,28579651,57483,10.6333
2022-03-21,10.61,10.9,10.58,10.77,10547269,48868,10.77079
2022-03-22,10.82,10.97,10.755,10.85,16464043,47271,10.857161
2022-03-23,10.74,11.08,10.71,10.88,13474332,51483,10.914839
2022-03-24,10.93,11.005,10.765,10.95,10518345,39776,10.930316
2022-03-25,10.97,11.21,10.9,11.19,15657409,53324,11.109891
2022-03-28,11.15,11.18,10.77,10.9,14836743,45337,10.908391
2022-03-29,11.0,11.22,10.93,11.18,9505775,44089,11.137435
2022-03-30,11.16,11.3,10.96,10.99,9237078,41147,11.085123
2022-03-31,11.0,11.1,10.87,10.88,12776242,47703,10.937022
2022-04-01,10.96,10.96,10.65,10.82,9641467,42872,10.783283
2022-04-04,10.84,11.02,10.76,10.85,11942185,50590,10.837955
2022-04-05,10.78,11.03,10.655,10.67,10405117,42644,10.754488
2022-04-06,10.61,10.705,10.475,10.69,9252627,41957,10.65029
2022-04-07,10.66,10.85,10.52,10.81,13183853,44761,10.736768
2022-04-08,10.83,11.1,10.62,11.04,14119105,52716,10.982011
2022-04-11,11.0,11.02,10.64,10.7,17802669,61120,10.755613
2022-04-12,10.73,10.8,10.625,10.67,7298211,32073,10.708947
2022-04-13,10.67,11.03,10.67,10.99,10973211,44388,10.917068
2022-04-14,10.99,11.115,10.94,10.96,9275823,46920,10.993029
2022-04-18,10.96,10.98,10.64,10.71,8736535,38005,10.731275
2022-04-19,10.72,11.0,10.665,10.92,8566754,43331,10.908241
2022-04-20,10.93,11.02,10.735,10.84,7767777,37774,10.892682
2022-04-21,10.89,10.99,10.62,10.65,8540204,45369,10.765437
2022-04-22,10.67,10.68,10.27,10.28,9807429,45394,10.38249
2022-04-25,10.23,10.445,10.02,10.39,12566847,53935,10.215433
2022-04-26,10.33,10.495,10.25,10.29,14195803,45567,10.337363
2022-04-27,10.32,10.488,10.175,10.36,9443716,46602,10.360517
2022-04-28,10.4,10.54,10.26,10.49,12042137,49140,10.439482
2022-04-29,10.45,10.61,10.27,10.33,13075050,52308,10.40205
2022-05-02,10.35,10.45,10.03,10.21,13010408,55764,10.223134
2022-05-03,10.25,10.455,10.115,10.4,12674020,55711,10.331004
2022-05-04,10.39,10.53,10.07,10.52,16485939,64201,10.306571
2022-05-05,10.45,10.5,9.88,10.05,16928938,69601,10.043251
