Date,Open,High,Low,Close,Volume,OpenInterest
2020-12-04,186.94,188.33,183,183.92,607019,0.0
2020-12-07,184.07,189.25,183.125,188.93,716035,0.0
2020-12-08,187.52,189.64,184.26,185.15,499576,0.0
2020-12-09,187.07,188.775,184.68,185.04,610944,0.0
2020-12-10,183.96,184.72,181.0901,182.44,569211,0.0
2020-12-11,182.91,185.45,182.3263,183.94,478105,0.0
2020-12-14,186.3,187.5,183.915,184.03,531018,0.0
2020-12-15,184.97,189.43,183.77,188.64,524612,0.0
2020-12-16,189.39,191.59,186.465,187.17,450289,0.0
2020-12-17,189,190.75,186.72,190.61,552519,0.0
2020-12-18,190.91,191.67,186.45,188.26,644299,0.0
2020-12-21,185.32,187.45,182.95,186.59,403756,0.0
2020-12-22,186,188.76,185.4,187.68,363865,0.0
2020-12-23,188.65,191.09,187.6,189.57,364943,0.0
2020-12-24,190.13,193.41,188.61,193.29,269790,0.0
2020-12-28,193.87,194,185.12,185.2,478772,0.0
2020-12-29,185.2,186.325,181.3,183.33,358298,0.0
2020-12-30,184.15,185.825,183.69,184.49,241630,0.0
2020-12-31,183.93,183.93,180.26,180.49,441379,0.0
2021-01-04,182.48,182.69,175.37,176.9,786041,0.0
2021-01-05,176.76,179.03,171.33,178.83,934217,0.0
2021-01-06,179,181.98,175.45,178.62,794612,0.0
2021-01-07,178.13,183.28,176.66,182.49,519247,0.0
2021-01-08,182.64,183.58,176.28,179.47,737819,0.0
2021-01-11,177.64,182,177.44,180.12,630840,0.0
2021-01-12,181.55,184.67,179.97,184.33,2007538,0.0
2021-01-13,186.01,194.93,185.16,191.92,2051565,0.0
2021-01-14,191.32,194.23,189.6,192.86,924990,0.0
2021-01-15,192.23,195.23,190.61,194.53,686218,0.0
2021-01-19,195,201.55,194.68,198.69,592716,0.0
2021-01-20,199.57,203.09,194.87,195.71,798871,0.0
2021-01-21,196.01,197.52,194.55,195.05,548221,0.0
2021-01-22,193.5,198.32,191.5433,198.21,535310,0.0
2021-01-25,199.57,210.78,199.57,202.97,1051224,0.0
2021-01-26,203.03,208.2,201.19,206.39,716002,0.0
2021-01-27,204.96,214.68,204,212.66,1595362,0.0
2021-01-28,206.27,206.27,191.24,194.46,2301125,0.0
2021-01-29,194.6,195.18,184.84,184.88,1047390,0.0
2021-02-01,186.03,188.08,180.44,186.55,910753,0.0
2021-02-02,187.17,190.88,184.15,190.11,768855,0.0
2021-02-03,190.38,193.54,187.125,191.1,589213,0.0
2021-02-04,190.69,192.27,186.61,187.89,720544,0.0
2021-02-05,189.15,194.45,186.51,193.59,803872,0.0
2021-02-08,195.03,200.88,193.88,200.56,696663,0.0
2021-02-09,200.42,201.75,198.63,199.39,444822,0.0
2021-02-10,200.5,201.915,195.69,197.55,418826,0.0
2021-02-11,197.43,198.77,194.22,196.61,403520,0.0
2021-02-12,195.17,200.36,195.09,199.93,420775,0.0
2021-02-16,201.37,201.5,194.91,196.18,553619,0.0
2021-02-17,195.23,195.71,193.5001,193.89,441039,0.0
2021-02-18,194.01,195.13,189.275,190.92,519999,0.0
2021-02-19,190.93,197.58,190.93,195.28,543764,0.0
2021-02-22,194.93,195.33,191.26,192.7,490605,0.0
2021-02-23,192.6,193.345,186,192.71,546544,0.0
2021-02-24,192.81,195.1,190.72,193.51,527787,0.0
2021-02-25,190.97,194.2217,185.89,188.2,543076,0.0
2021-02-26,189.69,192.87,187.01,190.08,525617,0.0
2021-03-01,193.24,198.1885,192.655,197.7,614871,0.0
2021-03-02,198.38,200.3,194,194.02,482857,0.0
2021-03-03,194.05,196.29,190.01,190.98,483594,0.0
2021-03-04,190.36,194,183.75,186.46,609548,0.0
2021-03-05,188.49,196.22,184.93,195.01,627271,0.0
2021-03-08,195.86,205.99,195.03,202.065,888673,0.0
2021-03-09,203.69,206.09,198.84,198.84,551415,0.0
2021-03-10,200.76,206.1284,198,204.83,562179,0.0
2021-03-11,205.94,208.87,204.54,205.64,413097,0.0
2021-03-12,205.17,208.707,204.06,207.96,376022,0.0
2021-03-15,208.94,212.99,206.83,212.9,484597,0.0
2021-03-16,213.1,215.38,211.82,212.17,478393,0.0
2021-03-17,210.74,216.41,210.42,216.4,357932,0.0
2021-03-18,216.28,221.49,214.02,215.19,547675,0.0
2021-03-19,215.64,220.8,215.3301,218.63,747438,0.0
2021-03-22,218.3,222.82,215.2,221.55,528460,0.0
2021-03-23,218.69,222,212.455,213.76,367506,0.0
2021-03-24,215.23,217.72,211.06,211.16,352005,0.0
2021-03-25,211.04,216.4533,208.4001,216.22,340915,0.0
2021-03-26,218.26,223.31,215.53,223.15,259653,0.0
2021-03-29,224.03,225.5,216.86,217.02,409501,0.0
2021-03-30,215.54,220.46,215,220.31,494569,0.0
2021-03-31,221.11,222.47,218.26,220.36,325407,0.0
2021-04-01,221.01,225.665,219.71,225.21,602947,0.0
2021-04-05,227.6,234.17,224.8543,233.56,735878,0.0
2021-04-06,234.71,236.9026,232.01,234.24,534614,0.0
2021-04-07,233.04,234.98,229.02,230.41,422143,0.0
2021-04-08,231.05,235.43,228.93,233.91,491921,0.0
2021-04-09,234.75,237.23,233.44,237.05,311692,0.0
2021-04-12,237.73,238.24,235.06,237.54,335815,0.0
2021-04-13,236.68,237.145,231.1,233.7,380753,0.0
2021-04-14,232.37,233.83,231.41,232.09,336457,0.0
2021-04-15,233.49,233.49,229.08,230.9,518175,0.0
2021-04-16,232.73,236.83,232.52,235.09,505869,0.0
2021-04-19,236.79,238.16,233.26,235.47,485905,0.0
2021-04-20,239.24,240.5,232.84,236.57,744531,0.0
2021-04-21,232.39,236.85,231.33,234.71,885263,0.0
2021-04-22,239.4,246.24,229.46,233.23,1571752,0.0
2021-04-23,235.5,241.1999,234.2737,238.83,1162984,0.0
2021-04-26,238.66,239.26,233.75,236.12,642632,0.0
2021-04-27,237.42,240.32,236,239.38,421395,0.0
2021-04-28,239,239.05,234.27,235.48,369358,0.0
2021-04-29,236.7,238.81,234.335,238.355,339493,0.0
2021-04-30,237.67,238.22,234.26,236.45,426514,0.0
2021-05-03,238.13,243.01,237.781,241.26,539021,0.0
2021-05-04,241.35,243.83,238.51,243.83,324647,0.0
2021-05-05,244,248.9,243.95,246.84,516943,0.0
2021-05-06,248.38,251.62,247.23,250.16,451860,0.0
2021-05-07,248.97,254.24,246.52,252.94,526276,0.0
2021-05-10,254.41,257.68,251.12,251.7,593298,0.0
2021-05-11,250.55,250.55,243.3687,246.18,463024,0.0
2021-05-12,245.77,246.16,237.33,240,701311,0.0
2021-05-13,240.01,247.45,239.5,246.18,424554,0.0
2021-05-14,248.38,249.88,246.6,246.7,328268,0.0
2021-05-17,250.01,250.01,242.45,245.53,494305,0.0
2021-05-18,245.71,246,240.34,240.43,423091,0.0
2021-05-19,236.55,240.455,230.5,239.04,734468,0.0
2021-05-20,237.29,238.13,233.0701,237,491656,0.0
2021-05-21,238.14,240.74,236,237.13,426611,0.0
2021-05-24,237.88,237.9593,234.28,235.03,482127,0.0
2021-05-25,236,237.32,234.725,236.55,381106,0.0
2021-05-26,236.87,239.13,235.85,237.46,450096,0.0
2021-05-27,239.42,241.66,237.67,241.245,411548,0.0
2021-05-28,242.51,243.04,236.72,237.08,476450,0.0
2021-06-01,238.74,240.25,235.6,237.78,377219,0.0
2021-06-02,238.9,238.9,235.5,236.86,370500,0.0
2021-06-03,236.08,237.03,233.46,234.03,309767,0.0
2021-06-04,233.79,234.89,231,233.51,365890,0.0
2021-06-07,236.41,238.24,234.46,235.84,362904,0.0
2021-06-08,235.14,236.0937,232.9,232.98,379665,0.0
2021-06-09,233,234.36,229.72,229.9,489345,0.0
2021-06-10,230.16,230.23,221.81,222.65,857222,0.0
2021-06-11,223.47,226.15,222.61,225.94,554550,0.0
2021-06-14,225,225,219.75,221.09,483208,0.0
2021-06-15,221.34,222.6625,218.77,221.18,565516,0.0
2021-06-16,220.46,220.915,213.585,215.1,775960,0.0
2021-06-17,215,216.4185,206.71,211.26,741408,0.0
2021-06-18,208.33,211.8,207.1062,210.63,680743,0.0
2021-06-21,212.5,216,212.22,214.52,469975,0.0
2021-06-22,214.52,216.36,212.25,215.56,342526,0.0
2021-06-23,215.95,216.75,213.6,214.48,268522,0.0
2021-06-24,215.63,216.66,213.11,214.77,408043,0.0
2021-06-25,216.26,218.43,215.05,216.12,308817,0.0
2021-06-28,215.25,217,214.31,215.6,315593,0.0
2021-06-29,217.12,219.75,216.6,217.83,314249,0.0
2021-06-30,216.76,218.34,216.41,217.88,315201,0.0
2021-07-01,219.07,220.79,217.59,219.66,460858,0.0
2021-07-02,220.2,222.83,219.15,222.55,470502,0.0
2021-07-06,222.49,222.49,215.245,217.3,733999,0.0
2021-07-07,219.67,224.23,219.09,222.35,768348,0.0
2021-07-08,219.09,222.195,216,219.8374,500960,0.0
2021-07-09,222.43,225.37,222.3,225.08,443057,0.0
2021-07-12,224.45,225.97,222.5,225.03,504223,0.0
2021-07-13,223.58,224.09,218.5,218.84,523337,0.0
2021-07-14,220.43,223.6,220.03,221.34,369714,0.0
2021-07-15,220,223.35,220,222.92,238983,0.0
2021-07-16,223.16,224.36,219.45,219.8915,260390,0.0
2021-07-19,216.05,216.76,210.63,212.39,740147,0.0
2021-07-20,210.63,213.82,205.95,213.17,1367720,0.0
2021-07-21,214.87,219.97,214.84,217.36,971386,0.0
2021-07-22,216.9,217.05,208.2,214.67,1723009,0.0
2021-07-23,216.95,220.215,215.5,219.49,885301,0.0
2021-07-26,219.99,222,217.38,220.18,616951,0.0
2021-07-27,218.27,222.36,216.49,219.37,550878,0.0
2021-07-28,220.25,221.605,217.37,219.95,416262,0.0
2021-07-29,221.5,225.59,221.47,224.48,484489,0.0
2021-07-30,223.89,227.4,221.22,221.53,452275,0.0
2021-08-02,223.26,225.66,221.17,221.56,334255,0.0
2021-08-03,222.2,227.15,220.59,224.95,452159,0.0
2021-08-04,224.06,225.94,220.61,220.67,334265,0.0
2021-08-05,222.15,224.35,221.05,221.68,338805,0.0
2021-08-06,222.28,224.75,220.45,220.48,329954,0.0
2021-08-09,220.02,222.95,219.04,220.78,238670,0.0
2021-08-10,221.31,225.555,220.445,223.07,504152,0.0
2021-08-11,222.9,230.055,222.44,229.57,586438,0.0
2021-08-12,230.07,232.3165,228.835,230.83,341781,0.0
2021-08-13,230.8,233.33,230.635,232.69,344064,0.0
2021-08-16,231.94,234.29,228.97,232.8,293585,0.0
2021-08-17,229.95,229.95,221.06,223.96,348776,0.0
2021-08-18,223.02,225.325,220.12,220.12,325199,0.0
2021-08-19,218.18,221.73,216.6,219.45,256130,0.0
2021-08-20,219.36,222.69,218.9656,221.22,250515,0.0
2021-08-23,223.02,223.02,219.31,220.18,252160,0.0
2021-08-24,221.61,223.04,219.855,221.11,252903,0.0
2021-08-25,222.05,226.885,222.05,223.89,333399,0.0
2021-08-26,222.74,223,220.22,221.16,207916,0.0
2021-08-27,221.98,227.34,221.9201,225.93,316192,0.0
2021-08-30,227.18,227.58,223.91,224.04,399030,0.0
2021-08-31,224.28,224.31,220.45,221.43,440633,0.0
2021-09-01,221.55,224.9,220.86,223.79,500756,0.0
2021-09-02,224.45,227.555,223.14,226.48,517579,0.0
2021-09-03,226.09,227.77,224.24,225.91,366570,0.0
2021-09-07,224.5,225.68,217.23,217.51,562075,0.0
2021-09-08,216.6,217.14,213.26,216.13,524801,0.0
2021-09-09,216.98,219.63,215.69,217.22,486641,0.0
2021-09-10,217.86,219.47,215.46,215.74,610451,0.0
2021-09-13,217.5,220,216,218.66,696012,0.0
2021-09-14,219.8,220.01,215.8,216.15,565982,0.0
2021-09-15,215.63,219.12,214.43,217.26,582226,0.0
2021-09-16,216.03,217.22,212.45,212.7,440355,0.0
2021-09-17,211.69,213.19,208.63,210.63,656289,0.0
2021-09-20,206.01,209.845,204.92,209.01,545936,0.0
2021-09-21,210.7,211.03,205,205.65,407060,0.0
2021-09-22,207.94,208.87,206.81,207.3,463146,0.0
2021-09-23,209.72,212.35,208.5,209.07,471294,0.0
2021-09-24,209.13,211.4,208.72,210.16,379214,0.0
2021-09-27,210.09,214.81,209.8701,212.13,355944,0.0
2021-09-28,211.4,213.54,208.78,210.4,351876,0.0
2021-09-29,211.98,212.8,210.92,211.63,260401,0.0
2021-09-30,212.54,212.545,203.73,203.77,716269,0.0
2021-10-01,205.21,206.34,201.06,205.26,501331,0.0
2021-10-04,204.6,210.02,204.6,205.14,576203,0.0
2021-10-05,204.55,207.605,202.915,203.93,513585,0.0
2021-10-06,203.4,204.3776,196.955,201.03,846408,0.0
2021-10-07,203.77,208.78,203.75,204.89,538575,0.0
2021-10-08,205.45,206,198.58,198.76,617864,0.0
2021-10-11,198.72,201.28,196.82,198.45,519857,0.0
2021-10-12,198.3,200.97,196.65,199.68,505697,0.0
2021-10-13,200.73,200.73,196.75,198.25,621499,0.0
2021-10-14,199.66,205.22,199.06,204.7,737767,0.0
2021-10-15,207,210.43,206.05,206.7,502934,0.0
2021-10-18,205,207.115,203.8,206.68,370212,0.0
2021-10-19,207.88,207.88,205.54,205.73,448500,0.0
2021-10-20,205.64,210.105,205.64,209.25,577674,0.0
2021-10-21,207.24,209.58,206.03,207.59,887577,0.0
2021-10-22,200.82,215.63,200.1,213.35,2244626,0.0
2021-10-25,209.22,212.98,208.1,208.3,1128712,0.0
2021-10-26,210,210.535,204.6301,206,707344,0.0
2021-10-27,206.56,208.38,201.71,202.05,712013,0.0
2021-10-28,203.42,210.64,202.56,210.18,618503,0.0
2021-10-29,210.61,213.61,209.6,210.83,570703,0.0
2021-11-01,211.49,215.26,210.89,214.45,525238,0.0
2021-11-02,214.56,216.26,212.0967,215.45,561574,0.0
2021-11-03,216.31,222.56,215,218.09,735493,0.0
2021-11-04,218.76,221.99,216.46,218.17,442509,0.0
2021-11-05,220.21,222.28,217.07,218.1,460641,0.0
2021-11-08,218.12,219.84,216.41,218.51,340062,0.0
2021-11-09,218.2,222.09,218.095,221.06,356489,0.0
2021-11-10,220.56,223.74,220.1466,221.15,462521,0.0
2021-11-11,221.6,227.11,220.44,225.28,491319,0.0
2021-11-12,226.03,233.6,225.56,232.18,708855,0.0
2021-11-15,233.37,237.78,232.86,234.48,611215,0.0
2021-11-16,234.63,237.19,233.2,235.28,428989,0.0
2021-11-17,234.7,235.32,231.17,232.79,324581,0.0
2021-11-18,233.14,233.14,228.43,229.62,416497,0.0
2021-11-19,230.11,232.82,229,229.28,334367,0.0
2021-11-22,230.12,233.24,229.08,230.54,344279,0.0
2021-11-23,230.81,232.43,228.805,231.32,282186,0.0
2021-11-24,229.92,233,228.07,231.26,281138,0.0
2021-11-26,223.8,227.18,223.6,226.32,272319,0.0
2021-11-29,227,227.796,222.23,222.75,302697,0.0
2021-11-30,220.87,221.77,216.8,217.68,449939,0.0
2021-12-01,220.13,226.03,216.18,216.42,497157,0.0
2021-12-02,218.41,225.05,217.95,222.2,501779,0.0
2021-12-03,221.63,224.36,221.05,223.04,527650,0.0
2021-12-06,226.1,230.08,225.18,228.12,405553,0.0
2021-12-07,230.5,231.44,228.4802,229.66,257970,0.0
2021-12-08,230.65,231.68,227.18,227.935,575198,0.0
2021-12-09,226.64,229.32,225.87,226.17,473755,0.0
2021-12-10,228.04,230.555,226.91,230.06,493678,0.0
2021-12-13,230.15,231.46,225.565,229.69,214859,0.0
2021-12-14,227.81,233.37,226.5436,232.02,608901,0.0
2021-12-15,231.54,238.3817,230.57,237.81,669830,0.0
2021-12-16,238.5,241.62,238.1,238.33,686100,0.0
2021-12-17,239.01,240.29,229.66,230.37,898130,0.0
2021-12-20,226.86,227.23,216.78,220.29,664459,0.0
2021-12-21,222.07,222.315,218.84,221.4,313567,0.0
2021-12-22,221.07,225.51,220.525,224.39,237309,0.0
2021-12-23,225.65,228.38,224.97,227.34,174133,0.0
2021-12-27,228,230.99,226.84,230.74,169688,0.0
2021-12-28,229.99,232.44,229.81,230.73,275657,0.0
2021-12-29,230.07,234.36,230.07,233.2,209950,0.0
2021-12-30,233.41,235.58,232.13,232.66,191398,0.0
2021-12-31,231.95,235.77,230.6,234.6,211637,0.0
2022-01-03,235.69,237.585,229.39,232.7,501381,0.0
2022-01-04,234.1,240.72,233.86,239.54,386720,0.0
2022-01-05,240.81,245.44,235.04,235.45,498257,0.0
2022-01-06,236.97,236.97,229.59,233.68,417314,0.0
2022-01-07,233.94,234.32,226.83,226.94,443488,0.0
2022-01-10,224.66,225.735,219.96,222.44,526919,0.0
2022-01-11,223.33,227.4,219,227.26,357222,0.0
2022-01-12,226.99,229.7,223.175,225.28,457990,0.0
2022-01-13,226.46,230.7399,225.35,226.8,348539,0.0
2022-01-14,223.21,223.21,214.01,216.96,893299,0.0
2022-01-18,215.49,214.33,207.07,209.75,780967,0.0
2022-01-19,210.19,211.74,206.75,206.88,795200,0.0
2022-01-20,207.55,209.8,200.96,201.33,788880,0.0
2022-01-21,201.87,205.78,200.82,201.51,848595,0.0
2022-01-24,197,208.15,196.35,207.37,994122,0.0
2022-01-25,201.54,211.349,201.28,208.31,933988,0.0
2022-01-26,211.22,213.12,204.3801,207.84,1252018,0.0
2022-01-27,211.52,214.1,197.42,199.83,1461636,0.0
2022-01-28,199.61,205.33,197.93,205.25,831830,0.0
2022-01-31,203.83,210.29,203.83,210.06,644887,0.0
2022-02-01,209.9,211.19,205.09,208.48,607080,0.0
2022-02-02,209.45,211.29,204.63,211.28,512048,0.0
2022-02-03,209.19,209.835,205.1,205.65,392844,0.0
2022-02-04,204.24,205.39,200.09,202.05,501283,0.0
2022-02-07,202.04,204.18,199.35,200.19,381761,0.0
2022-02-08,201.07,203.32,198.9,200.38,626140,0.0
2022-02-09,202.8,207.62,202.03,206.22,400378,0.0
2022-02-10,203.56,206.64,199.27,199.59,540531,0.0
2022-02-11,200,201.73,193.47,195.66,625014,0.0
