Date,Open,High,Low,Close,volume,trade_count,vwap
2020-12-31,116.57,118.06,116.48,117.93,898834,12488,117.516258
2021-01-04,118.0,118.07,114.2562,114.83,1731113,24960,115.180696
2021-01-05,114.51,115.42,114.05,115.21,1336495,20140,114.842551
2021-01-06,115.64,118.44,115.21,117.76,1617851,22543,117.277556
2021-01-07,117.5,118.3899,116.875,118.05,1827592,25018,117.821479
2021-01-08,118.39,118.9488,117.23,118.6,1372742,20858,118.207497
2021-01-11,117.6,118.12,116.6608,117.04,1541741,25498,117.304727
2021-01-12,117.2,117.64,115.524,116.4,1477582,21846,116.257031
2021-01-13,116.13,116.84,115.61,116.21,1444831,21645,116.260204
2021-01-14,116.63,116.76,114.43,114.64,1605682,21614,115.285504
2021-01-15,114.25,115.5,114.1,114.72,3799177,30088,114.738451
2021-01-19,115.35,116.3252,114.78,115.01,1636884,20793,115.361156
2021-01-20,115.07,115.85,114.83,115.05,1916328,23048,115.297439
2021-01-21,114.92,115.2,112.97,114.58,2268544,25212,114.417219
2021-01-22,114.44,115.8,113.82,115.36,1978234,21651,115.096407
2021-01-25,115.36,116.02,113.95,114.19,1542526,23833,114.531002
2021-01-26,114.51,114.535,113.6565,113.95,1695466,27135,114.083081
2021-01-27,113.0,113.23,110.15,110.96,2505098,32275,111.075554
2021-01-28,111.5,114.46,111.3,112.11,1952863,28875,113.091783
2021-01-29,111.71,112.64,110.45,111.32,1891855,25542,111.479203
2021-02-01,111.89,112.59,111.155,112.09,1229643,19645,112.001325
2021-02-02,112.91,113.91,112.59,113.0,1579507,25904,113.217487
2021-02-03,112.89,113.29,112.05,112.22,1343157,19500,112.360492
2021-02-04,112.18,113.5,111.88,113.08,1206562,16943,112.873125
2021-02-05,113.59,114.6,113.32,113.73,1423234,18902,113.902212
2021-02-08,114.08,114.75,113.65,114.38,1618545,21082,114.273241
2021-02-09,114.66,114.77,113.46,113.55,1155765,21484,113.818875
2021-02-10,114.25,114.4156,112.44,113.69,1734014,26442,113.325683
2021-02-11,114.0,114.15,112.89,113.22,1289834,17225,113.302034
2021-02-12,112.84,113.34,112.37,113.25,1123226,17203,112.939849
2021-02-16,112.23,113.79,112.12,112.6,2078120,24773,112.817451
2021-02-17,112.16,112.82,111.93,112.21,2090292,26922,112.340384
2021-02-18,111.12,113.64,111.09,113.43,3645603,40671,112.546563
2021-02-19,113.55,113.55,110.86,111.63,2934536,32441,111.589067
2021-02-22,111.15,111.24,109.24,110.56,3271803,34478,110.162392
2021-02-23,111.27,112.51,109.11,109.92,2892483,39215,110.261375
2021-02-24,110.33,111.97,110.0,111.87,3076452,31485,111.470118
2021-02-25,111.6,113.49,111.6,112.27,2567340,37423,112.741801
2021-02-26,112.61,113.73,110.71,110.89,2607671,30911,111.875883
2021-03-01,111.67,113.168,111.67,112.48,1937139,24407,112.542234
2021-03-02,112.34,114.5,111.83,114.33,3245269,32792,113.508829
2021-03-03,114.33,114.8,113.34,113.97,2824186,30492,114.177031
2021-03-04,114.3,116.76,114.05,115.52,3803547,45699,115.740722
2021-03-05,116.04,119.03,115.59,118.68,3281257,45642,118.171694
2021-03-08,118.95,122.97,118.715,121.73,3122115,42493,121.377764
2021-03-09,121.18,122.25,119.6,119.6,2268688,29558,120.799705
2021-03-10,119.85,122.27,118.93,121.69,2625121,30778,121.30994
2021-03-11,120.51,121.06,119.2839,120.0,1956464,27088,120.131605
2021-03-12,120.5,121.93,120.16,121.79,1768941,22151,121.270039
2021-03-15,121.11,122.63,120.64,122.62,1599341,19781,122.099307
2021-03-16,122.71,123.1399,122.2,122.91,1544453,20792,122.734126
2021-03-17,123.33,123.33,118.47,118.99,3825807,42758,120.087575
2021-03-18,119.18,122.02,118.94,121.9,2105817,30534,121.291961
2021-03-19,122.2,122.735,120.82,121.57,3644904,27211,121.709964
2021-03-22,121.86,123.53,121.14,123.37,2098832,24880,122.954021
2021-03-23,123.26,124.81,122.76,124.1,1961526,23464,124.07108
2021-03-24,123.79,125.91,123.37,124.82,2088371,29208,125.108833
2021-03-25,125.43,127.56,124.425,127.43,2953290,31400,126.800501
2021-03-26,127.34,129.97,127.11,129.8,2240310,30524,129.126986
2021-03-29,128.99,131.38,128.95,130.34,2394584,28109,130.50598
2021-03-30,129.8,130.46,128.84,129.28,2069507,24744,129.293627
2021-03-31,128.79,129.935,128.75,129.02,1814704,23781,129.203303
2021-04-01,129.25,130.08,127.94,129.28,1303815,23267,129.221559
2021-04-05,129.81,131.17,129.7,130.99,1590349,22069,130.800377
2021-04-06,131.38,132.54,130.73,131.6,1804563,25812,131.742836
2021-04-07,132.81,133.2267,132.03,132.41,1688905,24241,132.503453
2021-04-08,132.31,133.05,132.1,132.84,1537620,22290,132.756423
2021-04-09,133.07,134.69,132.87,134.68,1592068,23083,134.154074
2021-04-12,135.0,135.46,134.065,134.47,1366485,25074,134.536608
2021-04-13,133.4,134.9,133.15,134.46,1177299,20483,134.25071
2021-04-14,134.35,134.49,133.73,133.88,788840,18806,134.047718
2021-04-15,134.04,134.9,134.04,134.52,1102567,20829,134.508471
2021-04-16,135.22,135.59,134.53,135.05,1083983,19311,135.068605
2021-04-19,134.55,134.9509,133.805,134.43,1244842,22153,134.418541
2021-04-20,134.29,135.355,133.96,134.87,1102656,19353,134.853413
2021-04-21,135.29,136.35,134.86,135.56,1179443,18459,135.737682
2021-04-22,135.57,135.97,134.485,134.75,1608639,25262,135.060793
2021-04-23,134.84,135.86,134.41,135.5,1089302,16385,135.357462
2021-04-26,135.0,135.83,133.89,133.93,1487666,23963,134.406739
2021-04-27,134.46,136.0,133.845,135.06,1734668,24177,135.067257
2021-04-28,135.59,136.57,135.03,136.23,1376581,21118,136.091576
2021-04-29,136.87,137.83,136.8,137.18,1687823,19393,137.322134
2021-04-30,136.98,138.56,136.79,137.97,1713528,25609,137.869338
2021-05-03,138.72,140.68,138.455,140.34,1405036,21804,140.01753
2021-05-04,140.21,141.31,140.0,140.88,1543359,27008,140.635233
2021-05-05,141.09,141.9,140.11,141.64,1402891,21198,141.266261
2021-05-06,141.87,142.3999,141.21,141.48,1424977,22782,141.550101
2021-05-07,141.22,142.15,140.76,141.38,1581557,25919,141.397104
2021-05-10,142.06,144.535,142.05,143.33,1503945,27177,143.556273
2021-05-11,142.89,143.46,140.66,141.2,1786074,31266,141.248636
2021-05-12,140.92,141.01,138.12,138.18,1435217,27703,139.115521
2021-05-13,138.7,141.96,138.36,141.42,1018263,23157,141.002606
2021-05-14,141.85,142.91,141.53,141.94,831335,19339,142.312715
2021-05-17,141.75,142.61,140.6,141.51,1482184,23660,141.422628
2021-05-18,141.03,141.91,140.44,140.47,1672840,25635,141.055343
2021-05-19,139.95,139.95,137.62,139.15,1311412,20918,138.753012
2021-05-20,139.37,141.04,139.01,140.43,1029538,19571,140.327897
2021-05-21,141.17,141.83,140.1606,140.97,1573506,20554,141.023731
2021-05-24,141.62,142.0,141.02,141.11,1137318,18490,141.383959
2021-05-25,140.94,141.3009,140.45,140.69,1560997,18911,140.775895
2021-05-26,140.18,140.76,139.515,139.77,1259180,19171,139.840299
2021-05-27,140.29,140.83,139.205,140.55,2207166,23010,140.308318
2021-05-28,141.32,141.55,140.64,140.68,925616,16161,140.854119
2021-06-01,141.42,141.48,139.95,140.07,1117897,21044,140.384996
2021-06-02,140.31,141.24,139.8,141.12,1354742,21594,140.767725
2021-06-03,140.49,141.2,139.97,140.58,890613,18623,140.566934
2021-06-04,140.97,141.22,140.0241,140.75,641876,16008,140.588125
2021-06-07,140.7,140.99,139.37,139.57,1087197,17983,139.758693
2021-06-08,139.79,140.005,138.86,139.34,1112348,20061,139.426581
2021-06-09,139.18,139.8695,139.01,139.58,890349,18906,139.620509
2021-06-10,139.96,140.2,139.55,139.93,937772,17658,139.832641
2021-06-11,140.31,140.42,139.19,139.91,1258399,23488,139.691966
2021-06-14,139.91,140.27,139.27,140.25,812181,14515,139.9629
2021-06-15,140.18,141.11,139.42,140.86,933522,18244,140.63658
2021-06-16,141.5,141.5,139.41,139.82,1382724,24128,140.24912
2021-06-17,139.63,139.88,138.33,139.3,1203409,23644,139.130903
2021-06-18,138.07,138.59,136.97,137.07,2696978,31754,137.55371
2021-06-21,137.8,139.4,137.63,139.36,1454098,24636,138.951349
2021-06-22,139.29,140.04,139.11,139.67,1042770,20275,139.652085
2021-06-23,139.53,139.53,138.5,138.52,933226,17902,138.916397
2021-06-24,138.99,139.21,138.08,138.54,1068539,20678,138.643611
2021-06-25,138.28,139.48,138.28,139.11,1535853,16788,139.103215
2021-06-28,139.06,139.48,138.44,139.18,1012363,18240,139.121709
2021-06-29,139.17,139.77,138.874,139.46,1145180,19600,139.481256
2021-06-30,139.41,140.34,139.16,140.11,1204762,17765,139.881128
2021-07-01,141.7,141.7,140.64,141.17,1287866,20133,141.164126
2021-07-02,141.15,142.665,140.88,141.97,1467127,21147,142.106832
2021-07-06,142.38,142.8599,141.07,142.77,1196481,22227,142.259922
2021-07-07,142.77,144.74,142.3801,144.04,1628873,22584,143.798157
2021-07-08,142.99,143.27,141.82,142.17,1312769,22797,142.391981
2021-07-09,142.94,143.37,142.17,143.04,891907,16838,142.942251
2021-07-12,142.98,143.675,142.57,143.11,1086571,18690,143.153457
2021-07-13,143.5,143.72,142.215,142.52,1189234,22576,142.829508
2021-07-14,142.85,144.09,142.61,143.99,843454,19234,143.721232
2021-07-15,143.46,145.51,143.45,145.36,1212948,24795,144.960652
2021-07-16,145.9,146.92,145.72,145.8,1122241,22932,146.224005
2021-07-19,144.99,145.51,142.24,143.63,1929131,41543,143.440428
2021-07-20,143.95,146.39,143.91,145.17,1658718,28991,145.415035
2021-07-21,145.56,145.96,144.59,144.85,969209,19940,144.994269
2021-07-22,145.1,145.29,144.24,144.98,1064189,14653,144.951465
2021-07-23,145.03,146.85,145.03,146.39,904320,16156,146.304936
2021-07-26,146.2,147.02,145.73,146.69,1246860,22319,146.594223
2021-07-27,148.5,149.95,146.76,146.96,1874682,34190,147.971769
2021-07-28,147.26,147.26,145.36,145.67,1217387,23176,145.940555
2021-07-29,146.65,147.26,146.135,146.21,940896,20333,146.418581
2021-07-30,146.13,148.64,146.13,148.26,1384557,21812,148.104677
2021-08-02,148.7,149.15,146.61,147.27,923406,18211,147.399213
2021-08-03,147.44,149.47,147.283,149.41,1338025,18920,148.915952
2021-08-04,149.16,150.83,148.73,148.86,1549921,28760,149.297796
2021-08-05,149.17,149.7563,147.74,148.33,1135071,21816,148.281025
2021-08-06,148.12,149.4,147.51,147.84,1201242,19435,148.160591
2021-08-09,147.81,148.305,146.93,147.23,1053663,16591,147.288517
2021-08-10,147.0,148.0,146.735,146.98,1271588,19522,147.153406
2021-08-11,147.73,149.1997,147.63,149.13,1221821,20719,148.703945
2021-08-12,148.87,150.3,148.85,150.08,1355715,24107,149.899882
2021-08-13,150.47,151.149,149.89,150.61,905410,17838,150.534059
2021-08-16,150.67,152.0,150.2,151.93,1138949,20898,151.605857
2021-08-17,151.97,152.4074,150.86,151.7,1290885,20907,151.60973
2021-08-18,151.26,151.69,149.44,149.56,1360538,21843,150.098767
2021-08-19,148.5,151.961,148.37,151.62,1340107,22659,150.807342
2021-08-20,151.65,153.29,151.26,152.94,1401247,23204,152.630577
2021-08-23,153.26,153.41,151.71,151.76,1334783,20957,152.198525
2021-08-24,151.76,152.555,151.27,152.39,1249280,17805,152.267629
2021-08-25,152.46,153.2,151.9201,152.83,1079765,17528,152.772278
2021-08-26,153.0,153.9,152.6,153.6,882866,16693,153.560806
2021-08-27,154.21,154.65,153.67,154.15,1055399,19474,154.216864
2021-08-30,154.16,155.4,154.09,155.13,657130,14898,155.005706
2021-08-31,155.34,155.62,154.32,155.11,1730271,23059,154.999744
2021-09-01,154.55,156.32,154.19,155.85,1530303,23551,155.665663
2021-09-02,155.9,156.6,155.23,155.81,1709816,24245,155.690784
2021-09-03,156.0,156.19,155.32,155.4,1419194,21836,155.701325
2021-09-07,155.08,155.35,153.085,153.26,1563783,29546,153.693127
2021-09-08,153.0,154.9,152.73,154.24,1771722,28085,154.119971
2021-09-09,154.38,154.555,153.55,153.8,1382680,22635,153.998347
2021-09-10,154.15,154.9,153.58,154.45,1246112,21541,154.427351
2021-09-13,155.49,156.739,154.19,155.13,1968541,32867,155.171786
2021-09-14,155.52,156.12,154.2481,154.58,1047851,17424,154.914978
2021-09-15,154.55,156.34,154.17,155.63,1051922,19890,155.492793
2021-09-16,155.89,156.09,153.82,153.89,848993,18315,154.193257
2021-09-17,153.11,153.6,152.24,152.68,3109072,25593,152.769331
2021-09-20,150.99,152.98,150.5104,152.73,1447655,24884,152.229366
2021-09-21,153.13,154.255,152.63,152.75,1126567,20175,153.124923
2021-09-22,153.66,154.17,152.67,153.42,1187603,18770,153.584369
2021-09-23,154.33,155.03,153.25,153.5,1103131,19507,153.992643
2021-09-24,153.15,154.21,153.15,154.19,1235971,20398,153.956852
2021-09-27,153.81,154.145,151.58,152.05,2117313,29675,152.359771
2021-09-28,151.57,151.83,149.28,149.92,1782903,33166,150.24947
2021-09-29,150.5,151.975,149.95,151.6,1541811,24824,151.427425
2021-09-30,152.03,152.45,149.31,149.36,1561087,24022,150.244846
2021-10-01,149.72,150.66,147.525,149.84,1235764,22260,149.569772
2021-10-04,149.39,150.72,147.9,148.83,1396234,24062,148.808444
2021-10-05,149.08,150.45,148.25,149.85,1117323,19430,149.934792
2021-10-06,149.0,151.46,148.66,151.28,1470070,22502,150.589345
2021-10-07,152.24,154.15,152.24,153.99,1643524,24995,153.697497
2021-10-08,153.9,155.18,153.251,154.72,1554601,22686,154.454995
2021-10-11,154.69,155.74,154.07,154.08,1028618,18253,154.637397
2021-10-12,154.9,155.8871,154.035,154.46,1588834,20855,154.838672
2021-10-13,154.66,155.65,152.0,154.97,1297270,21280,154.265256
2021-10-14,156.19,158.065,156.0354,157.96,1340393,22462,157.54746
2021-10-15,159.0,159.53,158.08,158.17,1144612,19062,158.504788
2021-10-18,157.83,158.16,156.63,157.16,1520223,25096,157.227771
2021-10-19,157.7,158.9,157.16,158.84,1946031,22685,158.112974
2021-10-20,158.6,160.57,158.6,160.5,1429658,22003,160.149916
2021-10-21,162.08,162.33,160.45,161.88,1472879,22543,161.577385
2021-10-22,162.23,164.585,162.08,164.42,1222926,19693,163.82119
2021-10-25,163.93,164.815,160.55,161.15,2758904,38874,161.895154
2021-10-26,157.8,160.23,154.01,159.28,2986248,48864,158.388505
2021-10-27,158.81,159.94,154.7,155.15,2550167,39701,155.716825
2021-10-28,156.02,157.7,155.4,157.5,1877798,29021,156.968359
2021-10-29,157.5,160.615,157.27,160.23,1585694,23067,159.878578
2021-11-01,160.92,161.55,158.54,159.28,1274304,20374,159.435139
2021-11-02,159.42,161.815,159.0627,161.23,1166464,22023,160.948747
2021-11-03,161.03,161.81,158.56,159.72,1107062,21888,159.712412
2021-11-04,159.64,161.505,159.608,160.71,1064470,19715,160.690736
2021-11-05,161.1,161.68,159.27,159.89,1135698,20733,160.256992
2021-11-08,160.68,161.855,159.5,160.05,1303174,24914,160.36477
2021-11-09,159.61,160.29,159.1,159.58,1193072,23311,159.630521
2021-11-10,158.94,162.47,158.65,162.08,1775000,24232,161.531712
2021-11-11,161.8,162.29,160.66,161.24,971967,21380,161.455979
2021-11-12,162.03,163.45,161.3983,162.98,2194816,21630,162.937
2021-11-15,163.0,164.0088,162.44,163.0,1238939,21318,162.854707
2021-11-16,163.35,164.705,163.23,164.63,1449509,23762,164.245437
2021-11-17,165.0,165.91,164.2,165.41,1737119,29129,165.174152
2021-11-18,165.41,166.35,164.28,164.49,1682547,25581,165.043721
2021-11-19,164.86,165.52,162.59,163.39,1879724,26189,163.490396
2021-11-22,163.54,164.25,162.71,163.02,1811400,28162,163.293074
2021-11-23,162.82,165.0,162.29,164.84,1064935,19447,164.349601
2021-11-24,164.4,165.92,163.82,165.72,1191865,17980,165.444816
2021-11-26,164.18,165.775,163.09,163.47,1117104,21522,163.965341
2021-11-29,164.84,168.039,164.2197,166.83,2029081,30299,166.8021
2021-11-30,165.5,166.55,160.28,160.67,4332403,40805,162.275194
2021-12-01,161.98,164.61,160.37,160.51,1645507,32083,162.312615
2021-12-02,160.98,164.77,160.535,163.74,1321413,24894,163.627548
2021-12-03,164.3,164.87,161.68,163.22,1200111,22090,163.01228
2021-12-06,165.0,165.74,163.2206,163.48,2161473,22651,163.788232
2021-12-07,165.67,166.76,163.5,164.25,1404376,24825,164.85151
2021-12-08,164.25,164.48,162.18,163.53,1246658,22888,163.186748
2021-12-09,162.62,163.7097,162.21,162.79,1575580,19231,162.946569
2021-12-10,164.13,165.66,163.33,164.72,1486146,25336,164.61817
2021-12-13,164.72,165.68,163.84,164.23,2328375,23188,164.379083
2021-12-14,163.6,164.19,161.14,162.58,1966877,26989,162.525072
2021-12-15,163.0,163.6,161.21,162.53,3036956,40847,162.50546
2021-12-16,163.61,166.5,163.21,166.04,2262636,33924,165.471326
2021-12-17,165.87,166.1874,161.17,161.31,2610458,25822,162.669274
2021-12-20,160.02,160.94,157.89,160.59,1369192,25425,159.774399
2021-12-21,161.62,162.49,158.995,160.03,1185169,25125,160.002855
2021-12-22,160.19,161.01,159.53,160.66,1493512,19118,160.423257
2021-12-23,160.71,162.61,160.67,161.94,1777474,16939,162.016637
2021-12-27,162.49,163.89,162.06,163.79,1291284,20568,163.097368
2021-12-28,164.05,165.27,163.84,165.14,1003653,14351,164.725172
2021-12-29,165.14,166.86,164.94,166.38,772317,14001,166.211949
2021-12-30,167.0,167.4346,165.44,165.73,822035,14068,166.038738
2021-12-31,165.29,167.61,165.29,166.9,844140,13742,166.818686
2022-01-03,166.47,166.63,161.0,162.74,2703514,36391,162.528399
2022-01-04,163.0,166.04,162.97,164.3,2114404,29921,164.753864
2022-01-05,164.35,165.03,161.4778,161.84,1748131,30655,162.656782
2022-01-06,161.36,164.01,161.0,162.85,1167921,21487,162.939632
2022-01-07,162.65,163.88,160.69,161.76,1557043,24925,161.763092
2022-01-10,160.0,160.753,158.3,159.41,2283454,36144,159.274221
2022-01-11,159.8,159.94,157.83,159.46,2163699,32795,158.86483
2022-01-12,159.99,160.9223,158.63,159.43,1569901,27321,159.453221
2022-01-13,159.86,160.16,157.15,157.45,1386433,26138,158.168413
2022-01-14,155.7,157.4194,155.1175,156.65,2082821,31644,156.484721
2022-01-18,155.41,156.19,153.76,155.35,1948887,33509,155.248333
2022-01-19,155.51,157.285,154.92,155.08,1486578,25320,155.857545
2022-01-20,155.76,156.97,152.85,153.23,2479388,31875,154.802933
2022-01-21,152.92,154.15,151.15,151.4,2512912,32112,152.334055
2022-01-24,149.73,150.36,146.94,149.79,4006436,53510,148.815611
2022-01-25,148.0,149.1,145.52,148.01,3636600,51581,147.372076
2022-01-26,148.1,150.76,146.6,147.96,2342614,37722,148.740896
2022-01-27,148.25,150.08,145.28,146.25,2838616,45296,147.134832
2022-01-28,146.36,147.93,144.05,147.9,3205934,43412,146.204661
2022-01-31,147.51,150.64,147.3801,150.44,2036151,32734,149.74382
2022-02-01,150.5,151.25,147.91,149.76,3054586,50335,149.4504
2022-02-02,143.75,148.569,142.98,148.12,4093776,50523,147.306282
2022-02-03,146.77,148.37,146.26,146.43,2217372,31333,147.085555
2022-02-04,145.0,146.71,144.25,145.03,1619298,30300,145.435953
2022-02-07,145.68,146.51,144.78,145.09,1663188,26879,145.530363
2022-02-08,145.2,145.83,144.31,145.15,1755666,26159,145.089497
2022-02-09,145.78,147.49,145.71,146.64,1515427,23820,146.731027
2022-02-10,145.27,146.6,143.28,143.82,1852602,27211,144.541992
2022-02-11,143.9,144.555,141.48,142.64,2165737,33865,143.085258
2022-02-14,142.5,143.1523,140.57,141.77,1985135,36820,141.549307
2022-02-15,143.01,143.385,141.8464,142.68,2025714,27705,142.603868
2022-02-16,142.22,143.15,141.31,142.57,1954425,27589,142.349215
2022-02-17,141.91,143.5273,141.52,143.06,1853377,27537,142.96747
2022-02-18,142.77,143.99,142.07,142.33,1659087,25915,142.748196
2022-02-22,142.25,142.53,140.78,141.53,2297000,37232,141.533882
2022-02-23,141.96,142.53,140.53,140.6,2084524,30311,141.396268
2022-02-24,139.2,142.42,138.58,141.91,3067522,40616,140.780083
2022-02-25,142.21,145.53,142.0,145.16,1485880,26785,144.51532
2022-02-28,143.87,145.36,143.16,144.4,2075398,26390,144.119532
2022-03-01,144.31,147.28,144.06,146.58,3025089,36892,146.0209
2022-03-02,147.33,151.0,147.06,150.16,2019349,32334,149.964355
2022-03-03,151.25,154.43,151.15,152.81,2072116,33721,152.898011
2022-03-04,151.75,158.0,151.13,157.82,2483605,35683,156.276018
2022-03-07,157.21,158.44,155.44,155.85,2836532,41269,156.413115
2022-03-08,155.0,156.27,147.86,147.96,2843665,42236,150.186121
2022-03-09,149.86,151.08,148.28,149.98,1844559,30829,150.091521
2022-03-10,148.93,151.82,148.93,151.45,1857482,28946,150.711091
2022-03-11,152.2,153.58,151.39,151.47,1338664,23125,152.131045
2022-03-14,152.22,154.62,151.13,154.45,1726170,25921,153.468149
2022-03-15,155.93,156.04,153.85,155.17,1906572,27038,154.973365
2022-03-16,154.92,155.67,152.2,154.5,1924274,33992,153.856031
2022-03-17,154.67,155.72,154.22,155.63,1297655,25368,155.239981
2022-03-18,155.66,156.45,154.11,155.67,2788605,28175,155.425133
2022-03-21,156.04,157.3339,155.48,156.03,1458942,22174,156.108836
2022-03-22,156.25,157.06,154.22,154.83,1278277,23209,154.798239
2022-03-23,154.7,154.99,153.42,153.55,1293177,21119,153.917234
2022-03-24,153.96,155.09,153.34,155.04,1299186,23732,154.677785
2022-03-25,155.35,156.35,154.73,156.28,1102316,21288,155.720911
2022-03-28,156.57,158.17,156.3,158.16,1439127,20782,157.761342
2022-03-29,159.24,159.22,156.01,157.75,1278500,25864,157.361727
2022-03-30,158.13,159.48,157.8,159.45,1166033,19107,158.923957
2022-03-31,159.8,161.18,158.5,158.5,1618838,28017,159.475406
2022-04-01,158.43,160.0,157.8,159.81,1599240,22264,159.421272
2022-04-04,159.65,160.0,158.21,159.39,960692,21048,159.272614
2022-04-05,159.32,162.28,159.245,160.59,1287589,28093,161.286703
2022-04-06,160.13,162.17,159.78,161.1,1795040,28865,161.019454
2022-04-07,161.41,164.51,160.61,163.78,1958238,28029,163.23385
2022-04-08,164.11,165.79,163.295,165.15,1534018,26643,165.043773
2022-04-11,165.0,165.85,163.66,164.16,1378847,22915,164.363054
2022-04-12,163.29,164.55,161.57,161.85,1662927,28297,162.691453
2022-04-13,161.65,162.4,158.39,159.74,1793610,30639,159.712387
2022-04-14,160.09,161.15,159.045,159.16,1279783,23431,159.856826
2022-04-18,158.64,160.03,157.08,158.01,1093293,23226,158.201424
2022-04-19,158.36,159.74,158.31,159.08,1338921,24496,159.072355
2022-04-20,159.7,161.23,159.47,160.59,1535393,30642,160.435483
2022-04-21,161.5,162.66,160.74,161.16,1343207,26525,161.433013
2022-04-22,161.21,161.51,157.31,157.51,1593796,33963,158.797654
2022-04-25,157.44,157.64,153.1543,155.96,2521724,48176,155.226376
2022-04-26,165.65,167.75,162.04,164.15,3373787,59086,164.859396
2022-04-27,165.0,168.38,164.55,167.45,3304936,55742,167.072025
2022-04-28,166.97,170.18,165.405,169.65,2149713,43041,168.950273
2022-04-29,168.99,169.62,164.11,164.44,2235152,38508,166.117897
2022-05-02,163.6,164.9,157.05,159.04,2376507,44609,160.07461
2022-05-03,159.16,162.22,158.47,159.33,1698750,33645,160.067473
2022-05-04,159.02,162.55,158.41,162.33,1674768,32605,160.896345
2022-05-05,161.78,162.03,157.4,158.64,1924766,36887,159.03064
