Date,Open,High,Low,Close,Volume,OpenInterest
2020-12-04,30,31.05,29.92,30.72,5756463,0.0
2020-12-07,30.72,30.72,29.83,30.23,2568530,0.0
2020-12-08,30.05,31.02,29.885,30.8,4002117,0.0
2020-12-09,31.07,31.79,30.92,31.72,5184636,0.0
2020-12-10,31.54,31.76,31.19,31.75,3357954,0.0
2020-12-11,31.4,32.06,31.2532,31.99,3255821,0.0
2020-12-14,32.27,33,32.14,32.36,4118531,0.0
2020-12-15,32.47,33.56,32.47,33.56,4680408,0.0
2020-12-16,33.67,33.98,33.445,33.9,3669562,0.0
2020-12-17,34,34.705,33.95,34.46,4448643,0.0
2020-12-18,34.39,34.5,33.5,33.75,4940316,0.0
2020-12-21,33.17,33.53,32.78,33.32,2588596,0.0
2020-12-22,33.48,33.65,33.08,33.34,1750151,0.0
2020-12-23,33.76,34.3,33.58,33.61,2286819,0.0
2020-12-24,33.71,33.88,33.5,33.84,990660,0.0
2020-12-28,34,34.08,33.57,33.71,1833559,0.0
2020-12-29,33.83,34.03,33.26,33.34,1791215,0.0
2020-12-30,33.41,34.01,33.24,33.66,1618750,0.0
2020-12-31,33.68,33.73,33.19,33.51,2038627,0.0
2021-01-04,33.53,33.67,32.6,32.81,3248882,0.0
2021-01-05,32.87,33.32,32.805,33.13,2568336,0.0
2021-01-06,33.23,33.59,32.925,33.3,4367300,0.0
2021-01-07,33.5,33.81,33.3,33.62,2759577,0.0
2021-01-08,33.81,34.36,33.24,33.38,3484639,0.0
2021-01-11,33.01,33.4,32.9,33.11,2976841,0.0
2021-01-12,33,33.18,32.56,32.71,6475716,0.0
2021-01-13,32.74,33.02,32.095,32.16,7243539,0.0
2021-01-14,32.5,33.11,32.27,32.67,2871235,0.0
2021-01-15,32.39,32.65,31.885,32.52,2329150,0.0
2021-01-19,32.73,32.98,32.44,32.71,1979975,0.0
2021-01-20,32.74,33.665,32.6,33.55,2849783,0.0
2021-01-21,33.3,33.535,33.032,33.35,3812886,0.0
2021-01-22,33.17,33.3595,32.565,33.2,3984089,0.0
2021-01-25,33.22,33.76,33.12,33.5,4870844,0.0
2021-01-26,33.6,33.86,33.13,33.13,3380712,0.0
2021-01-27,32.76,33.1,31.56,32.21,4915185,0.0
2021-01-28,32.47,33.3,32.28,33.01,3940308,0.0
2021-01-29,32.6,33.1,30.97,31.21,4879804,0.0
2021-02-01,31.42,32.05,30.87,32.04,3910685,0.0
2021-02-02,32.25,32.51,31.745,32.45,3417108,0.0
2021-02-03,32.53,34.02,32.32,33.98,6608030,0.0
2021-02-04,33.91,34.305,33.54,33.96,3881077,0.0
2021-02-05,34.16,34.5621,33.85,34.4,2852771,0.0
2021-02-08,34.63,35.19,34.427,35.15,3334895,0.0
2021-02-09,35.15,35.23,34.5421,34.56,2312949,0.0
2021-02-10,34.77,34.83,34.17,34.41,2115211,0.0
2021-02-11,34.47,34.52,33.75,34.25,2876867,0.0
2021-02-12,34.06,35.13,34,35.04,3035863,0.0
2021-02-16,35.16,35.62,34.73,34.88,3224105,0.0
2021-02-17,34.72,34.85,33.815,34.16,2808744,0.0
2021-02-18,34.15,34.25,33.58,33.8,2955830,0.0
2021-02-19,33.92,35.38,33.8065,35,3822847,0.0
2021-02-22,35.03,35.85,34.811,35.48,3932382,0.0
2021-02-23,35.53,35.55,34.49,35.04,4314395,0.0
2021-02-24,34.85,35.98,34.84,35.89,4521367,0.0
2021-02-25,35.73,36.215,34.34,34.41,6138849,0.0
2021-02-26,34.38,34.81,33.73,33.87,5145537,0.0
2021-03-01,34.42,35.53,34.42,35.06,4077879,0.0
2021-03-02,35,35,33.78,33.79,4556670,0.0
2021-03-03,33.95,34.16,33.33,33.54,4385932,0.0
2021-03-04,33.32,33.91,32.325,32.81,5455379,0.0
2021-03-05,33.09,33.85,31.795,33.76,5691364,0.0
2021-03-08,33.94,34.75,33.68,34.03,2927005,0.0
2021-03-09,34.37,34.765,34.31,34.41,3287569,0.0
2021-03-10,34.79,35.82,34.64,35.53,3194931,0.0
2021-03-11,35.51,36.17,35.47,35.68,3356087,0.0
2021-03-12,35.73,35.95,35.35,35.91,3423089,0.0
2021-03-15,35.8,36.115,35.15,36.09,3116440,0.0
2021-03-16,36.05,36.1,35.56,35.64,2786661,0.0
2021-03-17,35.5,36.15,35.1,36.15,3300730,0.0
2021-03-18,35.97,36.07,34.37,34.465,3177077,0.0
2021-03-19,34.39,34.66,33.805,33.88,4829289,0.0
2021-03-22,33.79,34.52,33.44,34.31,2648908,0.0
2021-03-23,34.54,35.01,33.415,33.56,2439309,0.0
2021-03-24,33.63,34.49,33.51,33.81,2936144,0.0
2021-03-25,33.66,34.85,33.43,34.8,3003539,0.0
2021-03-26,35,35.51,34.68,35.45,3202707,0.0
2021-03-29,35.32,35.83,34.81,35.22,1917195,0.0
2021-03-30,35.27,35.72,34.95,35.43,1868551,0.0
2021-03-31,35.37,36.21,35.21,35.59,3009006,0.0
2021-04-01,35.99,36.87,35.9,36.84,3125887,0.0
2021-04-05,37.01,37.28,36.52,36.73,3788665,0.0
2021-04-06,36.75,37.28,36.56,37.14,3524627,0.0
2021-04-07,37.17,37.27,36.44,36.83,3151492,0.0
2021-04-08,36.84,37.22,36.695,37.04,2088664,0.0
2021-04-09,37,37.65,36.93,37.54,2429374,0.0
2021-04-12,37.58,37.8,36.86,37.31,3314806,0.0
2021-04-13,37.36,37.47,37,37.41,3289727,0.0
2021-04-14,37.37,38.49,37.17,38.03,3827281,0.0
2021-04-15,38.27,38.74,38.1,38.51,2912924,0.0
2021-04-16,38.8,39.48,38.78,39.32,3421455,0.0
2021-04-19,39.4,39.785,38.78,38.88,3825531,0.0
2021-04-20,38.71,39.22,38.095,38.39,3801100,0.0
2021-04-21,38.4,38.5,37.98,38.19,3340898,0.0
2021-04-22,38.19,38.43,37.715,37.83,3634939,0.0
2021-04-23,38.2,38.53,38,38.2,4329878,0.0
2021-04-26,39.28,39.625,38.73,38.84,5163318,0.0
2021-04-27,39.44,39.88,39.04,39.37,5172464,0.0
2021-04-28,39.33,40.115,39.31,39.77,4623792,0.0
2021-04-29,40.27,40.56,39.28,39.64,4842498,0.0
2021-04-30,38.35,38.915,37.02,38.81,10828585,0.0
2021-05-03,38.94,39.68,38.23,39.38,4904578,0.0
2021-05-04,39.49,39.75,38.925,39.2,5098705,0.0
2021-05-05,39.21,39.275,38.42,38.57,5322112,0.0
2021-05-06,38.62,39.275,38.38,39.22,4852170,0.0
2021-05-07,39.32,40.18,39.36,39.99,4194794,0.0
2021-05-10,40.25,41.68,40.08,40.8,5616560,0.0
2021-05-11,40.1,40.24,39.11,39.63,5630539,0.0
2021-05-12,39.57,39.57,37.5,37.615,5209355,0.0
2021-05-13,37.92,38.5,37.64,38.11,3895622,0.0
2021-05-14,38.32,38.75,38.16,38.3,3682129,0.0
2021-05-17,38.23,38.305,37.84,38.07,3924182,0.0
2021-05-18,38.18,38.18,37.23,37.32,6110676,0.0
2021-05-19,36.58,37.32,35.58,37.28,11022521,0.0
2021-05-20,37.28,37.49,36.715,37.12,4960651,0.0
2021-05-21,37.24,37.435,36.925,37.05,3362705,0.0
2021-05-24,37.35,37.45,37.02,37.15,2478099,0.0
2021-05-25,37.3,37.73,37.08,37.26,3581838,0.0
2021-05-26,37.59,38.1684,37.5,37.93,3636813,0.0
2021-05-27,38,38.64,37.985,38.34,4614701,0.0
2021-05-28,38.51,38.69,37.705,37.97,3253087,0.0
2021-06-01,38.5,38.7268,37.99,38.64,3663168,0.0
2021-06-02,38.87,38.87,37.57,37.755,4439688,0.0
2021-06-03,37.23,37.34,36.225,36.29,5880552,0.0
2021-06-04,36.54,36.78,35.815,36.01,6669347,0.0
2021-06-07,36.07,36.18,35.65,35.7,4864245,0.0
2021-06-08,35.81,35.92,35.45,35.565,6025598,0.0
2021-06-09,35.83,36.3,35.3,36.03,4824260,0.0
2021-06-10,36.19,36.2,34.975,35,5743648,0.0
2021-06-11,35,35.4225,34.86,35.33,4736178,0.0
2021-06-14,35.3,35.38,34.22,34.53,6665675,0.0
2021-06-15,34.43,34.79,34.0101,34.68,4491779,0.0
2021-06-16,34.73,34.99,34.33,34.38,4292717,0.0
2021-06-17,34.32,34.42,33.331,34.04,4545824,0.0
2021-06-18,33.59,33.95,33.385,33.4,4538580,0.0
2021-06-21,33.61,34.36,33.55,34.26,3991264,0.0
2021-06-22,34.32,34.365,33.92,34.13,3354413,0.0
2021-06-23,34.13,34.36,33.86,33.91,3210596,0.0
2021-06-24,34.33,34.39,33.92,34.23,4452963,0.0
2021-06-25,34.22,34.59,34.11,34.285,3721558,0.0
2021-06-28,34.25,34.3,33.69,34,3734236,0.0
2021-06-29,34.08,34.5531,34,34.14,2458944,0.0
2021-06-30,34,34.48,33.9458,34.42,3797741,0.0
2021-07-01,34.5,34.67,34.04,34.33,3041023,0.0
2021-07-02,34.49,34.675,34.22,34.32,3069869,0.0
2021-07-06,34.16,34.24,33.55,33.97,5268545,0.0
2021-07-07,33.79,34.985,33.79,34.84,5559397,0.0
2021-07-08,34.59,35.39,34.1,35.05,6296110,0.0
2021-07-09,35.31,35.92,35.17,35.83,4454731,0.0
2021-07-12,35.68,35.93,35.49,35.64,2187828,0.0
2021-07-13,35.5,35.69,34.49,34.62,3670632,0.0
2021-07-14,34.47,34.85,34.26,34.7,4254662,0.0
2021-07-15,34.82,35.04,34.405,34.64,3176675,0.0
2021-07-16,34.63,34.82,33.935,34.02,4053603,0.0
2021-07-19,33.06,33.4,32.645,32.97,4483588,0.0
2021-07-20,32.95,33.77,32.66,33.65,3371450,0.0
2021-07-21,33.89,34.2826,33.85,34.09,3297106,0.0
2021-07-22,34,34.19,33.4,34.17,2534184,0.0
2021-07-23,34.39,34.67,34.07,34.59,2563700,0.0
2021-07-26,34.58,34.83,34.27,34.66,2224776,0.0
2021-07-27,35.01,35.01,34.52,34.86,2724311,0.0
2021-07-28,34.97,35.02,34.31,34.37,2787717,0.0
2021-07-29,34.57,35.14,34.57,34.83,3495333,0.0
2021-07-30,34.13,34.77,33.47,33.74,5129551,0.0
2021-08-02,33.74,34.58,33.72,34.23,3455794,0.0
2021-08-03,34.4,34.57,34.02,34.54,2477745,0.0
2021-08-04,34.52,34.62,34.01,34.05,2476127,0.0
2021-08-05,34.3,34.605,33.99,34.49,2904552,0.0
2021-08-06,34.63,34.83,34.39,34.55,2205685,0.0
2021-08-09,34.55,34.63,34.115,34.13,2830785,0.0
2021-08-10,34.13,35.02,33.96,34.61,2557018,0.0
2021-08-11,34.76,35.41,34.5,35.33,2651493,0.0
2021-08-12,35.44,35.85,34.775,35.02,1852920,0.0
2021-08-13,35.03,35.13,34.71,34.82,2123194,0.0
2021-08-16,34.5,34.8075,34.23,34.68,1991016,0.0
2021-08-17,34.26,34.28,33.61,33.88,1964038,0.0
2021-08-18,33.9,34.52,33.681,33.81,2218841,0.0
2021-08-19,33.34,34.03,33.2813,33.91,2900938,0.0
2021-08-20,33.77,34.32,33.69,34.16,1689405,0.0
2021-08-23,34.42,34.58,34.095,34.53,1850312,0.0
2021-08-24,34.67,35,34.5,34.86,2147328,0.0
2021-08-25,34.96,35.43,34.66,35.26,1923209,0.0
2021-08-26,35.35,35.44,34.995,35.2,2178987,0.0
2021-08-27,35.25,36.1,35.12,35.96,2374503,0.0
2021-08-30,36.03,36.345,35.76,36.27,2545562,0.0
2021-08-31,36.23,36.3,35.69,36,2459026,0.0
2021-09-01,36.39,36.55,36.01,36.32,2924284,0.0
2021-09-02,36.35,36.59,36.09,36.58,2281124,0.0
2021-09-03,36.41,36.71,36.065,36.64,2856003,0.0
2021-09-07,36.46,36.56,36,36.14,2939763,0.0
2021-09-08,35.79,35.855,35.14,35.35,3494859,0.0
2021-09-09,35.14,35.56,34.86,34.88,2770346,0.0
2021-09-10,35.14,35.24,34.7,34.71,1692672,0.0
2021-09-13,35.12,35.12,34.455,34.55,1899135,0.0
2021-09-14,34.73,34.77,33.99,34.11,2039359,0.0
2021-09-15,33.97,35.08,33.97,35.05,3122455,0.0
2021-09-16,35.01,35.72,34.93,35.69,3550447,0.0
2021-09-17,35.78,36.34,35.7,36.17,4578100,0.0
2021-09-20,35.45,35.87,35.21,35.74,4546785,0.0
2021-09-21,35.83,35.93,35.25,35.25,3272403,0.0
2021-09-22,35.89,36.59,35.54,36.41,4140182,0.0
2021-09-23,36.75,37.57,36.75,37.25,4761468,0.0
2021-09-24,37.22,37.66,37.137,37.19,3418074,0.0
2021-09-27,37.36,37.585,37.06,37.1,2813551,0.0
2021-09-28,36.81,36.96,36.46,36.55,2535298,0.0
2021-09-29,36.65,36.78,36.26,36.59,2507458,0.0
2021-09-30,36.86,36.94,35.56,35.57,2907526,0.0
2021-10-01,35.73,36.11,35.3,35.78,3253481,0.0
2021-10-04,35.26,35.87,35.26,35.73,3048449,0.0
2021-10-05,35.6,35.935,35.29,35.72,3273174,0.0
2021-10-06,35.41,36,35.03,35.81,3025843,0.0
2021-10-07,36.24,36.41,35.91,35.975,2568934,0.0
2021-10-08,36.08,36.31,35.97,36.27,2114593,0.0
2021-10-11,36.45,37.38,36.4,37.25,3328564,0.0
2021-10-12,37.36,38.29,37.32,37.42,4225840,0.0
2021-10-13,37.33,37.66,36.99,37.39,3205408,0.0
2021-10-14,37.54,37.87,37.295,37.54,3295260,0.0
2021-10-15,38.04,38.09,37.185,37.24,2291428,0.0
2021-10-18,36.97,37.37,36.85,36.96,2052035,0.0
2021-10-19,37.21,37.381,36.5835,36.78,3337107,0.0
2021-10-20,36.87,37.48,36.86,37.3,3053191,0.0
2021-10-21,37.31,37.7,36.55,36.79,2708736,0.0
2021-10-22,36.79,37.3061,36.66,37.14,3880900,0.0
2021-10-25,37.2,37.81,37.11,37.73,3771248,0.0
2021-10-26,37.83,37.97,36.69,36.74,3296816,0.0
2021-10-27,36.71,36.76,35.66,35.7099,2998987,0.0
2021-10-28,35.77,36.41,35.74,36.4,3138420,0.0
2021-10-29,36.275,37.28,35.52,35.71,4045437,0.0
2021-11-01,35.96,37.1,35.9,36.98,4226781,0.0
2021-11-02,37.16,37.41,36.09,36.15,3676521,0.0
2021-11-03,35.99,38.41,35.87,38.28,6682253,0.0
2021-11-04,38.37,38.7825,37.975,38.14,3050562,0.0
2021-11-05,38.74,38.87,38.1301,38.33,2534372,0.0
2021-11-08,38.78,38.85,37.605,37.73,2199034,0.0
2021-11-09,37.66,37.88,37.395,37.55,1636080,0.0
2021-11-10,37.44,37.68,35.56,36.89,2338034,0.0
2021-11-11,36.75,36.93,36.5513,36.81,2515826,0.0
2021-11-12,36.85,37.12,36.71,36.92,1427712,0.0
2021-11-15,37.02,37.59,36.63,37.42,3994441,0.0
2021-11-16,37.46,38.57,37.31,38.37,5005383,0.0
2021-11-17,38.16,38.63,37.75,38.52,4064717,0.0
2021-11-18,38.66,38.8,37.725,37.95,2487606,0.0
2021-11-19,37.98,38.605,37.8,38.04,2308074,0.0
2021-11-22,38.21,39.31,38.4,38.84,2669057,0.0
2021-11-23,39.01,39.16,38.28,38.53,1866607,0.0
2021-11-24,38.57,39.05,38.37,38.99,1726070,0.0
2021-11-26,38.11,38.67,37.89,38.39,1874189,0.0
2021-11-29,38.66,39.15,38.05,38.74,2500337,0.0
2021-11-30,38.22,38.9,37.63,37.645,3980644,0.0
2021-12-01,38.33,38.97,37.63,37.64,2932589,0.0
2021-12-02,37.725,38.67,37.72,38.52,3016792,0.0
2021-12-03,38.7,39.16,37.945,38.33,2273051,0.0
2021-12-06,38.75,38.96,38.255,38.46,2746331,0.0
2021-12-07,38.82,39.54,38.61,39.36,2701748,0.0
2021-12-08,39.37,39.66,39.08,39.48,1924710,0.0
2021-12-09,39.4,39.95,39.13,39.75,2415687,0.0
2021-12-10,39.95,40.2,39.73,40.01,2798851,0.0
2021-12-13,39.88,40.285,39.54,40.25,1300625,0.0
2021-12-14,40.13,40.13,38.79,38.91,4158829,0.0
2021-12-15,39.12,39.65,38.77,39.46,2918880,0.0
2021-12-16,39.82,40.21,39.42,39.63,2358762,0.0
2021-12-17,39.68,40.34,39.47,39.64,5214661,0.0
2021-12-20,39.1,39.19,37.91,38.13,3956834,0.0
2021-12-21,38.5,38.97,38.015,38.45,3594433,0.0
2021-12-22,38.41,39.04,38.38,38.83,1927102,0.0
2021-12-23,38.79,39.05,38.445,38.64,1781002,0.0
2021-12-27,38.86,39.67,38.665,39.67,1686769,0.0
2021-12-28,39.58,39.9692,39.385,39.86,1471328,0.0
2021-12-29,39.91,40.78,39.82,40.69,1786208,0.0
2021-12-30,40.68,41.17,40.61,40.97,1841555,0.0
2021-12-31,40.87,41.325,40.76,41.18,1349710,0.0
2022-01-03,41.45,41.65,40.46,40.58,3269056,0.0
2022-01-04,40.95,41.39,40.75,41.09,2588014,0.0
2022-01-05,41.09,41.6,40.03,40.08,3162453,0.0
2022-01-06,40.4,40.81,40.07,40.39,2841562,0.0
2022-01-07,40.33,40.94,40.16,40.34,2567230,0.0
2022-01-10,40.08,40.34,39.59,40.15,2538311,0.0
2022-01-11,40.27,40.79,39.875,40.72,3287731,0.0
2022-01-12,40.73,41.5216,40.64,41.05,2895934,0.0
2022-01-13,41.26,41.8,41.21,41.68,2631721,0.0
2022-01-14,41.38,41.585,40.49,40.98,2439533,0.0
2022-01-18,40.59,40.68,38.98,39.29,3252072,0.0
2022-01-19,39.53,39.85,39.17,39.18,2609249,0.0
2022-01-20,39.25,39.565,38.215,38.28,2386526,0.0
2022-01-21,38.4,38.65,37.96,38.01,3262659,0.0
2022-01-24,37.5,38.88,37.1306,38.85,4307320,0.0
2022-01-25,38.27,38.75,37.63,38.48,4031542,0.0
2022-01-26,38.75,39.38,37.96,38.07,3101569,0.0
2022-01-27,38.25,39.17,37.7,37.89,4534217,0.0
2022-01-28,37.37,39.66,37.3078,39.66,4119082,0.0
2022-01-31,39.45,40.475,39.28,40.43,3565688,0.0
2022-02-01,40.62,40.79,39.76,40.61,3059416,0.0
2022-02-02,40.84,41.615,40.61,41.47,3547887,0.0
2022-02-03,41.12,41.63,40.73,41.31,2839152,0.0
2022-02-04,41.1,41.51,40.475,40.5,2786894,0.0
2022-02-07,40.82,41.37,40.365,40.98,2561197,0.0
2022-02-08,41,41.97,40.86,41.8,3507953,0.0
2022-02-09,42.04,43.04,42.04,42.58,3624027,0.0
2022-02-10,42.11,42.715,41.595,41.82,3122502,0.0
2022-02-11,42.42,42.51,41.29,41.56,3487640,0.0
