Date,Open,High,Low,Close,Volume,OpenInterest
2017-07-20,82.8,82.99,82.09,82.6,981478,0.0
2017-07-21,82.18,82.66,81.68,81.86,399448,0.0
2017-07-24,81.81,81.82,81.18,81.57,497516,0.0
2017-07-25,81.59,82.32,81.52,81.78,650444,0.0
2017-07-26,82,82,81.24,81.52,435357,0.0
2017-07-27,81.8,81.8,78.46,79.75,912573,0.0
2017-07-28,79.33,80.165,79.06,79.71,528454,0.0
2017-07-31,79.99,79.99,78.25,78.98,1139694,0.0
2017-08-01,79.19,79.67,78.81,79.61,752852,0.0
2017-08-02,79.57,79.57,77.93,79.09,1551169,0.0
2017-08-03,79.32,79.32,75.68,77.49,3217027,0.0
2017-08-04,77.51,78.48,77.26,78.16,1134983,0.0
2017-08-07,78.06,79.13,77.82,78.47,854732,0.0
2017-08-08,78.18,78.42,76.47,76.75,1494143,0.0
2017-08-09,76.24,76.65,76.055,76.22,1394263,0.0
2017-08-10,75.62,76.1298,74.53,74.68,1048531,0.0
2017-08-11,74.83,75.05,74.09,74.62,1004889,0.0
2017-08-14,75.19,76.07,73.3346,75.84,1282469,0.0
2017-08-15,75.8999,75.8999,74.68,74.96,819096,0.0
2017-08-16,75.11,76.36,74.95,76.3,1055911,0.0
2017-08-17,75.85,76.28,74.38,74.52,834376,0.0
2017-08-18,74.4,75.24,74.13,74.71,649733,0.0
2017-08-21,74.64,75.23,74.25,75.1,651458,0.0
2017-08-22,75.38,76.03,75.2,76.01,536780,0.0
2017-08-23,75.74,75.93,74.82,75.28,810458,0.0
2017-08-24,74.96,75.46,74.49,75.34,585354,0.0
2017-08-25,75.79,76.36,75.33,75.39,525494,0.0
2017-08-28,75.54,75.88,75.31,75.6,765012,0.0
2017-08-29,74.88,76.58,74.75,76.42,833346,0.0
2017-08-30,76.4,77.55,76.245,77,908128,0.0
2017-08-31,77.22,78.34,77.03,78.21,983393,0.0
2017-09-01,78.5,78.68,77.83,78.51,943177,0.0
2017-09-05,78.64,78.64,75.91,76.99,1426956,0.0
2017-09-06,77.3,77.57,76.1,76.35,829499,0.0
2017-09-07,76.64,76.64,75.07,75.36,957785,0.0
2017-09-08,75.28,75.66,75.09,75.14,629895,0.0
2017-09-11,75.9,76.73,75.73,76.28,1249657,0.0
2017-09-12,76.39,76.52,75.15,76.51,740791,0.0
2017-09-13,75.97,77.16,75.97,77.15,833019,0.0
2017-09-14,76.78,76.78,76.06,76.64,816955,0.0
2017-09-15,76.11,76.58,75.01,76.22,1474297,0.0
2017-09-18,76.24,76.62,75.83,76.46,704030,0.0
2017-09-19,76.89,76.89,76.21,76.48,505913,0.0
2017-09-20,76.22,76.71,75.57,76.47,926500,0.0
2017-09-21,76.5,76.74,75.76,76.3,574796,0.0
2017-09-22,76.11,76.72,75.69,76.22,895599,0.0
2017-09-25,76.06,76.34,75.19,75.73,672185,0.0
2017-09-26,76.18,76.48,75.48,75.55,781455,0.0
2017-09-27,75.82,77.31,75.82,76.45,803289,0.0
2017-09-28,76.17,76.98,75.87,76.68,711333,0.0
2017-09-29,76.62,77.24,76.47,76.819,642777,0.0
2017-10-02,77.64,80.88,77.5,79.49,1824011,0.0
2017-10-03,79.65,79.74,78.38,78.51,1430256,0.0
2017-10-04,78.51,78.82,77.7,78.3,967252,0.0
2017-10-05,78.74,79.89,78.38,79.69,1197046,0.0
2017-10-06,79.39,79.54,78.68,79.47,648502,0.0
2017-10-09,79.44,80.67,79.1257,80.62,727990,0.0
2017-10-10,80.5,81.21,80.25,81.2,1233673,0.0
2017-10-11,80.95,81.205,80,80.57,1623562,0.0
2017-10-12,80.29,81.96,80.29,81.3,939084,0.0
2017-10-13,81.77,81.85,80.97,81.47,723472,0.0
2017-10-16,81.55,81.91,80.9303,81.64,464707,0.0
2017-10-17,81.68,82.12,81.27,81.99,774197,0.0
2017-10-18,82.15,82.43,81.405,82.27,715463,0.0
2017-10-19,81.98,82.76,81.66,82.74,959802,0.0
2017-10-20,83.17,83.9796,82.84,83.48,1130330,0.0
2017-10-23,83.85,83.85,82.94,83.15,690061,0.0
2017-10-24,83.15,83.36,82.765,83.2,805720,0.0
2017-10-25,82.51,83.75,81.875,82.43,1616917,0.0
2017-10-26,82.35,83.36,80.2,81.2,3629286,0.0
2017-10-27,81.4,82.81,80.65,82.695,1486821,0.0
2017-10-30,82.19,82.73,81.79,82.39,1214712,0.0
2017-10-31,82.53,83.18,81.87,82.62,1289683,0.0
2017-11-01,83.1,83.31,81.96,82.221,1065854,0.0
2017-11-02,81.92,82.56,81.11,82.36,1042188,0.0
2017-11-03,84.04,86.11,84.04,84.9,2038447,0.0
2017-11-06,84.86,85.8,84.19,84.34,1277593,0.0
2017-11-07,84.54,84.9499,83.79,84.49,809656,0.0
2017-11-08,84.32,86.05,82.46,85.92,2363154,0.0
2017-11-09,85.28,85.45,83.255,84.04,1446583,0.0
2017-11-10,83.51,84.48,83.11,84.24,997713,0.0
2017-11-13,83.88,84.67,83.3201,84.27,584667,0.0
2017-11-14,84.19,86.39,83.91,85.22,1870424,0.0
2017-11-15,85.01,85.4279,83.75,84.12,1514451,0.0
2017-11-16,84.47,86,84.3592,85.64,1386927,0.0
2017-11-17,85.83,87.49,85.44,86.51,1665996,0.0
2017-11-20,86.5,87.17,86.05,86.13,889205,0.0
2017-11-21,86.56,87.03,86.01,86.56,923881,0.0
2017-11-22,86.78,87.18,86.39,86.66,901736,0.0
2017-11-24,86.7,86.78,85.66,86.23,223309,0.0
2017-11-27,86.4,86.6,85.95,86.15,757419,0.0
2017-11-28,86.35,88.08,86.04,87.67,1309644,0.0
2017-11-29,87.63,87.68,86.5,87,1333636,0.0
2017-11-30,87.18,88.06,86.965,87.64,1184602,0.0
2017-12-01,87.59,88.96,87,88.37,1613601,0.0
2017-12-04,88.5,88.92,86.65,86.75,1351014,0.0
2017-12-05,86.62,87.96,86.04,87.2,1450259,0.0
2017-12-06,87.21,87.96,86.31,87.4,1021925,0.0
2017-12-07,87.26,87.75,86.93,87.19,1032902,0.0
2017-12-08,87.8,87.93,87.07,87.585,869478,0.0
2017-12-11,87.59,87.79,86.74,87.01,1118519,0.0
2017-12-12,87,87.685,86.36,87.25,800179,0.0
2017-12-13,87.71,87.99,86.78,87.17,732812,0.0
2017-12-14,87.61,87.92,86.98,87.04,747015,0.0
2017-12-15,87.04,88.21,86.5082,87.53,1021294,0.0
2017-12-18,88.17,88.74,87.52,87.77,1061396,0.0
2017-12-19,87.85,88.15,87.33,87.86,683092,0.0
2017-12-20,87.96,88.31,86.92,88.16,804449,0.0
2017-12-21,88.38,88.89,87.53,88.14,833512,0.0
2017-12-22,88.07,88.35,87.63,87.9,491316,0.0
2017-12-26,87.77,88.46,87.67,87.93,566551,0.0
2017-12-27,88.17,88.72,87.82,88.44,660989,0.0
2017-12-28,88.77,88.98,87.93,88.63,504930,0.0
2017-12-29,88.31,88.79,87.9,88.01,379828,0.0
2018-01-02,88.54,89.42,88.16,88.69,648062,0.0
2018-01-03,88.9,89.85,88.59,89.65,825837,0.0
2018-01-04,89.91,90.99,89.7,90.7,739825,0.0
2018-01-05,91.2,91.63,90.91,91.42,679202,0.0
2018-01-08,89.75,91.05,89.44,91,1029978,0.0
2018-01-09,91.21,91.83,90.84,91.22,577836,0.0
2018-01-10,90.92,91.77,90.66,90.82,605250,0.0
2018-01-11,89.86,90.38,88.87,89.8,1405501,0.0
2018-01-12,90.19,90.2,89.55,90.01,722404,0.0
2018-01-16,90.31,91.23,89.82,89.97,789862,0.0
2018-01-17,90.78,91.36,90.035,91.19,705754,0.0
2018-01-18,91.24,92.62,91.1,91.4,686044,0.0
2018-01-19,91.69,92.87,91.41,92.72,595435,0.0
2018-01-22,92.73,94.03,92.2,93.84,755776,0.0
2018-01-23,93.59,94.44,93.37,94,712241,0.0
2018-01-24,94.5,94.7,93.32,93.8,725593,0.0
2018-01-25,94.32,94.78,93.81,94.01,706943,0.0
2018-01-26,94.65,94.94,93.75,94.7,1137512,0.0
2018-01-29,94.47,94.74,93.52,93.68,795746,0.0
2018-01-30,93.34,94.0525,92.6,92.68,818672,0.0
2018-01-31,92.81,93.5,92.59,92.83,1609204,0.0
2018-02-01,92.02,94.5,91.28,93.42,1616514,0.0
2018-02-02,92.56,93.985,92,92.19,1079186,0.0
2018-02-05,91.91,93.01,89.05,89.08,1786273,0.0
2018-02-06,88.01,89.68,87.05,89.14,1712489,0.0
2018-02-07,88.55,89.33,87.42,87.61,1445440,0.0
2018-02-08,87.59,87.99,84.35,84.53,1360349,0.0
2018-02-09,85.07,86.84,83.7,85.72,1593660,0.0
2018-02-12,86.4,87.72,86.29,86.77,1081211,0.0
2018-02-13,85.58,87.38,85.1,86.86,1013295,0.0
2018-02-14,86.45,89.62,86.16,89.44,1069769,0.0
2018-02-15,90.2,91.11,89.46,91,1003227,0.0
2018-02-16,91.19,92.25,90.45,91.21,1037115,0.0
2018-02-20,90.92,92.32,90.6,91.78,1203482,0.0
2018-02-21,92.08,92.81,91.32,91.38,1031644,0.0
2018-02-22,91.58,92.5,91.47,91.61,1257543,0.0
2018-02-23,92.35,92.92,92.18,92.82,962348,0.0
2018-02-26,92.83,93.15,92.38,92.97,1449658,0.0
2018-02-27,92.66,93.48,92.25,92.38,1161876,0.0
2018-02-28,92.84,93.48,92,92,1226525,0.0
2018-03-01,92.33,92.72,90.53,90.8,1618345,0.0
2018-03-02,89.96,92.21,89.75,91.97,1348306,0.0
2018-03-05,91.34,93.37,90.89,92.725,943852,0.0
2018-03-06,93.18,94.21,92.95,93.64,1083642,0.0
2018-03-07,93.22,94.6,92.36,94.35,1045248,0.0
2018-03-08,94.24,94.96,94,94.57,690959,0.0
2018-03-09,95.07,95.695,94.65,95.5,848738,0.0
2018-03-12,95.52,96.29,95.18,95.86,1038790,0.0
2018-03-13,96.56,96.96,95.43,95.62,909178,0.0
2018-03-14,96.21,96.4,95.1,95.3,1034034,0.0
2018-03-15,95.37,95.96,94.84,95.47,1062191,0.0
2018-03-16,95.95,96.295,95.11,95.13,885721,0.0
2018-03-19,94.27,95.56,93.52,94.53,1384048,0.0
2018-03-20,94.33,96,94.3,94.53,615410,0.0
2018-03-21,94.22,95.27,93.98,94.46,827669,0.0
2018-03-22,93.5,94.85,92.8088,93.32,1105692,0.0
2018-03-23,93.5,93.76,91.54,91.61,1419399,0.0
2018-03-26,93.09,93.97,92.12,93.85,761417,0.0
2018-03-27,94.38,94.7,92.025,92.46,1315513,0.0
2018-03-28,92.44,92.84,91.06,91.71,1391597,0.0
2018-03-29,92.32,93.63,91.98,92.8,684769,0.0
2018-04-02,91.89,92.6093,90.7914,91.32,1273932,0.0
2018-04-03,91.28,92.33,91,91.87,1007973,0.0
2018-04-04,90.6,92.95,90.32,92.67,907565,0.0
2018-04-05,93.48,93.86,92.44,92.71,607476,0.0
2018-04-06,91.82,92.97,91.25,91.77,866017,0.0
2018-04-09,92.36,93.87,92.15,92.25,562697,0.0
2018-04-10,93.19,93.94,92.75,93.4,598801,0.0
2018-04-11,92.62,94.16,92.49,93.64,776850,0.0
2018-04-12,94.05,94.88,93.44,94.56,378206,0.0
2018-04-13,95,95.54,94.465,94.9,546856,0.0
2018-04-16,95.51,96.7,95.15,95.97,649572,0.0
2018-04-17,96.67,97.88,96.18,97.53,766162,0.0
2018-04-18,97.73,98.6,97.28,98.22,853546,0.0
2018-04-19,97.94,98.145,97,97.22,1006394,0.0
2018-04-20,97.24,97.55,95.54,96.57,1144377,0.0
2018-04-23,96.94,97.79,96.56,97.03,746972,0.0
2018-04-24,97.61,98.52,96.33,96.6,1087608,0.0
2018-04-25,96.68,97.855,93.9052,96.58,1347872,0.0
2018-04-26,102.2,102.88,99.43,101.17,3890096,0.0
2018-04-27,100.27,103.57,100.1,103.27,2217084,0.0
2018-04-30,103.79,104,102.21,102.93,1271720,0.0
2018-05-01,104.71,104.88,103.15,104.71,1883398,0.0
2018-05-02,104.42,105,103.82,104.43,1538590,0.0
2018-05-03,104,104.97,102.93,104.82,1495802,0.0
2018-05-04,104.39,105.87,104.03,105.245,1104988,0.0
2018-05-07,105.79,106.92,105.4,106.58,1346324,0.0
2018-05-08,106.59,107.63,106.01,107.27,1121868,0.0
2018-05-09,106.24,107.99,105.23,107.775,1716873,0.0
2018-05-10,108.19,108.42,107.15,108.17,1526640,0.0
2018-05-11,108.08,108.08,107.03,107.47,1261947,0.0
2018-05-14,107.77,108.3,106.27,106.72,957958,0.0
2018-05-15,105.88,106.39,105.32,106.14,1669652,0.0
2018-05-16,105.98,106.28,105.29,105.89,875130,0.0
2018-05-17,105.79,106.26,104.845,105.64,836740,0.0
2018-05-18,105.69,105.81,104.7,105.34,720780,0.0
2018-05-21,105.95,106.34,104.98,105.56,430905,0.0
2018-05-22,106.23,106.75,105.26,105.41,775960,0.0
2018-05-23,104.67,106.67,104.501,106.54,513984,0.0
2018-05-24,106.33,106.915,105.68,106.56,705062,0.0
2018-05-25,106.31,107.06,105.95,106.57,504836,0.0
2018-05-29,105.88,106.31,104.91,105.97,591411,0.0
2018-05-30,106.65,107.24,105.88,106.61,668298,0.0
2018-05-31,106.55,106.87,105.22,105.62,1357798,0.0
2018-06-01,106.33,107.285,105.84,106.84,721957,0.0
2018-06-04,106.97,107.79,106.91,107.6,683509,0.0
2018-06-05,107.78,108.97,107.27,108.81,838410,0.0
2018-06-06,109.02,109.4265,108.53,109.23,681638,0.0
2018-06-07,109.15,109.27,107.42,108.26,648203,0.0
2018-06-08,107.64,108.29,107.13,107.95,1331498,0.0
2018-06-11,108.13,108.41,106.59,107.07,1995678,0.0
2018-06-12,106.82,107.1018,104.9916,106.6,2471430,0.0
2018-06-13,106.83,107.5,105.66,105.85,2191948,0.0
2018-06-14,106.82,106.97,105.69,106.82,1237232,0.0
2018-06-15,106.71,107.28,105.5,106.94,950060,0.0
2018-06-18,106.4,107.9,105.941,107.47,960365,0.0
2018-06-19,106.64,108.54,106.035,108.37,1459926,0.0
2018-06-20,108.57,109.02,108.05,108.66,1048606,0.0
2018-06-21,108.37,108.98,106.52,107.12,1096173,0.0
2018-06-22,107.04,107.04,104.68,105.49,781624,0.0
2018-06-25,105.13,105.18,103.72,104.48,1185980,0.0
2018-06-26,104.82,105.34,103.93,104.69,854235,0.0
2018-06-27,105.07,105.53,102.56,102.59,1072334,0.0
2018-06-28,102.59,104.53,102.3,104.18,1020167,0.0
2018-06-29,104.29,105.63,104.21,104.84,768692,0.0
2018-07-02,104.34,106.81,103.42,106.7,1138399,0.0
2018-07-03,107.08,107.92,104.71,106.33,529187,0.0
2018-07-05,107.12,107.22,105.14,105.83,650631,0.0
2018-07-06,106.06,106.85,105.551,106.55,357537,0.0
2018-07-09,107.23,107.36,106.07,107.08,344982,0.0
2018-07-10,106.96,107.91,105.8,106.87,548375,0.0
2018-07-11,103.72,107.21,103.72,107.16,494371,0.0
2018-07-12,107.23,109.92,107.22,109.85,1147863,0.0
2018-07-13,109.8,110.44,109.19,109.78,619485,0.0
2018-07-16,109.92,110.22,109.37,109.98,703926,0.0
2018-07-17,109.35,110.47,109.18,110.12,697871,0.0
2018-07-18,109.89,110.94,109.62,110.7,582391,0.0
2018-07-19,110.38,110.46,109.32,109.65,676985,0.0
2018-07-20,108.29,109.26,107.49,108.26,1328767,0.0
2018-07-23,108.19,108.34,107.29,108.04,946754,0.0
2018-07-24,108.77,109.01,107.28,107.6,1043639,0.0
2018-07-25,107.72,109.435,107.72,109.25,1018967,0.0
2018-07-26,116.3,116.815,111.5,113.01,3044166,0.0
2018-07-27,112.87,113.535,111.05,112.05,1192631,0.0
2018-07-30,111.66,112,110.05,110.56,1565170,0.0
2018-07-31,110.78,110.95,109.51,109.98,1372022,0.0
2018-08-01,110.3,110.99,109.46,109.97,811884,0.0
2018-08-02,109.12,110.23,108.79,109.82,1596652,0.0
2018-08-03,109.92,110.13,108.71,109.94,899941,0.0
2018-08-06,109.85,111.3,109.69,111.13,704356,0.0
2018-08-07,111.78,111.81,110.95,111.19,710308,0.0
2018-08-08,111.13,111.58,110.85,111.43,500553,0.0
2018-08-09,111.63,112.33,111.04,111.18,811717,0.0
2018-08-10,110.81,112.25,110.81,111.43,697663,0.0
2018-08-13,111.46,112.2,110.78,110.98,567865,0.0
2018-08-14,111.28,111.945,109.12,111.72,574243,0.0
2018-08-15,111.09,111.85,110.19,111.33,839544,0.0
2018-08-16,111.83,112.5,111.09,111.33,964902,0.0
2018-08-17,111.14,111.14,109.44,110.86,1142737,0.0
2018-08-20,110.73,111.56,110.45,111.2,550102,0.0
2018-08-21,111.52,112.22,110.662,111.34,739227,0.0
2018-08-22,111.36,112.44,111,112.14,489384,0.0
2018-08-23,112.12,112.92,111.835,111.96,634627,0.0
2018-08-24,112.08,113.12,112.08,112.98,630380,0.0
2018-08-27,113.92,114.16,112.41,113.05,694895,0.0
2018-08-28,113.41,113.57,112.66,113.31,659188,0.0
2018-08-29,113.56,114.55,113,114.41,1001936,0.0
2018-08-30,114.32,114.38,113.67,114.13,565766,0.0
2018-08-31,113.95,114.29,113.64,114.03,480260,0.0
2018-09-04,113.88,114,112.52,113.42,800498,0.0
2018-09-05,112.88,113.22,111.24,112.38,1439802,0.0
2018-09-06,112.57,113.24,111.8,112.3,800825,0.0
2018-09-07,111.89,111.99,110.54,110.97,554454,0.0
2018-09-10,111.55,111.67,110.28,110.79,888485,0.0
2018-09-11,110.78,111.6,110.535,111.24,691636,0.0
2018-09-12,111.21,112.35,110.51,112.14,720526,0.0
2018-09-13,112.27,112.87,111.75,112.09,602457,0.0
2018-09-14,112.06,112.79,111.76,112.33,534432,0.0
2018-09-17,112.22,112.51,110.22,110.74,1269820,0.0
2018-09-18,110.68,111.61,110.3,110.85,616495,0.0
2018-09-19,110.7,110.94,109.47,110.91,1123503,0.0
2018-09-20,111.18,111.64,110.24,110.44,1328919,0.0
2018-09-21,110.9,111.33,109.89,110.35,1061728,0.0
2018-09-24,109.86,110.32,109.251,109.69,980523,0.0
2018-09-25,109.85,111.51,109.8,111.28,1762924,0.0
2018-09-26,111.3881,112.32,110.58,111,1025440,0.0
2018-09-27,111.24,111.64,110.81,110.88,501546,0.0
2018-09-28,110.89,111.48,110.89,111.16,532784,0.0
2018-10-01,111.62,112.21,110.83,111.12,1032601,0.0
2018-10-02,111.37,111.42,110.25,110.59,511464,0.0
2018-10-03,111.13,111.13,110.15,110.42,417170,0.0
2018-10-04,109.78,110.04,107.95,108.48,866170,0.0
2018-10-05,108.55,109.54,106.89,107.89,1026774,0.0
2018-10-08,107.41,107.98,105.45,106.81,648914,0.0
2018-10-09,106.92,107.82,105.99,106.47,746720,0.0
2018-10-10,105.98,106.19,104.11,104.3,2528177,0.0
2018-10-11,104.26,104.99,101.93,102.16,2020827,0.0
2018-10-12,104.1,104.76,101.0526,102.541,1530364,0.0
2018-10-15,102.835,103.07,101.1,101.91,821047,0.0
2018-10-16,102.54,104.35,102.5,104.14,910049,0.0
2018-10-17,104.11,105.28,103.68,105.12,1736063,0.0
2018-10-18,104.4,105.19,103.29,103.42,1462954,0.0
2018-10-19,103.7,105.12,100.53,100.71,2344909,0.0
2018-10-22,101.24,102.74,100.72,102.42,997589,0.0
2018-10-23,101.29,103.44,100.59,102.19,1550739,0.0
2018-10-24,102.36,102.99,99.84,100,2483702,0.0
2018-10-25,101.88,103.95,99.06,102.05,2410741,0.0
2018-10-26,99.62,101.14,97.88,100.58,1890365,0.0
2018-10-29,104.07,105,99.6,101.3,2443403,0.0
2018-10-30,101.43,103.16,100.26,101.56,749889,0.0
2018-10-31,102.53,103.38,102.13,102.47,1317085,0.0
2018-11-01,102.69,103.56,101.78,103.18,1186550,0.0
2018-11-02,103.16,104.1,102.02,102.76,830161,0.0
2018-11-05,102.98,103.669,102.56,103.47,669388,0.0
2018-11-06,103.06,104.99,102.94,104.38,881372,0.0
2018-11-07,105.49,106.82,105.37,105.99,1316232,0.0
2018-11-08,105.91,107.16,105.62,107.065,645437,0.0
2018-11-09,106.8,107.19,105.78,107.01,646158,0.0
2018-11-12,107,107,105.2428,105.55,1221223,0.0
2018-11-13,106.15,107.25,105.475,106.02,948325,0.0
2018-11-14,106.9,107.25,105.57,105.77,1287697,0.0
2018-11-15,105.64,108.11,104.1299,107.65,1291491,0.0
2018-11-16,107.08,109.2,107.05,108.74,1249545,0.0
2018-11-19,108.57,109.23,106.58,107.089,1395115,0.0
2018-11-20,106,106.84,104.73,106.12,1264108,0.0
2018-11-21,106.6,107.84,105.42,106.9,848710,0.0
2018-11-23,106.15,107.495,106.15,106.62,477936,0.0
2018-11-26,108.05,108.37,107.16,107.8,913702,0.0
2018-11-27,107.41,108.87,107.25,108.52,1050453,0.0
2018-11-28,109.31,111.835,108.535,111.45,1927989,0.0
2018-11-29,110.92,112.27,110.42,110.46,1457705,0.0
2018-11-30,110.49,110.87,108.14,108.97,2689207,0.0
2018-12-03,109.5,111.07,108.215,110.3,2249449,0.0
2018-12-04,110.38,111.08,107.9,108.88,1741004,0.0
2018-12-06,106.62,109.67,105.43,109.32,1527553,0.0
2018-12-07,108.61,109.3,106.59,107.36,1485327,0.0
2018-12-10,107.45,109.295,106.84,108.55,1688947,0.0
2018-12-11,110.15,110.66,108.77,109.26,1052794,0.0
2018-12-12,110.87,111.44,109.98,110.26,1251293,0.0
2018-12-13,110.68,111.02,109.74,110.2,1017902,0.0
2018-12-14,109.65,111,108.1,109.08,1290730,0.0
2018-12-17,108.76,109.32,106.14,106.63,1553854,0.0
2018-12-18,107.67,107.96,105.83,106.5,1090964,0.0
2018-12-19,106.74,108.87,104.96,105.97,1111353,0.0
2018-12-20,105.72,105.92,100.67,103.21,2244414,0.0
2018-12-21,103.54,104.5,100.59,100.62,2564768,0.0
2018-12-24,100.24,101.61,99.46,99.47,915227,0.0
2018-12-26,99.99,101.45,98.74,101.4,1616970,0.0
2018-12-27,100.14,102.45,99.355,102.17,1051047,0.0
2018-12-28,102.61,103,101.27,101.85,753576,0.0
2018-12-31,102.5,103,101.86,102.07,776342,0.0
2019-01-02,100.55,102.485,100.55,102.07,1140733,0.0
2019-01-03,101.26,101.84,100.41,100.88,1197026,0.0
2019-01-04,102.1,103.32,101.16,102.64,1542908,0.0
2019-01-07,103,103.67,102.49,103.16,1121265,0.0
2019-01-08,103.48,104.51,103.29,103.93,1089309,0.0
2019-01-09,104.05,105.58,103.56,104.8,1382766,0.0
2019-01-10,104.64,105.78,104.4,105.54,1783833,0.0
2019-01-11,105.24,106.405,105.17,106.035,886424,0.0
2019-01-14,105,106.58,104.98,106.01,1684577,0.0
2019-01-15,106.08,107.92,105.77,107.4,2016379,0.0
2019-01-16,107.27,107.57,106.54,107.07,901429,0.0
2019-01-17,107.01,107.94,106.48,106.98,1054456,0.0
2019-01-18,108.04,109.23,107.47,108.58,1496770,0.0
2019-01-22,108.23,108.93,107.19,107.99,1528030,0.0
2019-01-23,108.76,109.49,107.5319,108.61,1900936,0.0
2019-01-24,100.04,103.9,100.04,101.87,5035655,0.0
2019-01-25,102.46,102.82,100.5,102.62,1978466,0.0
2019-01-28,101.95,102.07,100.95,101.94,1672210,0.0
2019-01-29,102.1,102.49,100.36,101.17,1377576,0.0
2019-01-30,101.21,101.67,100.71,101.47,1923868,0.0
2019-01-31,101.61,102.53,101.1564,102.53,1291872,0.0
2019-02-01,102.58,104.07,102.4,103.8,1433086,0.0
2019-02-04,103.84,105.5,103,104.89,1167561,0.0
2019-02-05,105.33,106.04,105.1,105.93,1609733,0.0
2019-02-06,106.3,106.9,105.34,105.58,1217929,0.0
2019-02-07,104.9,105.57,104.26,105.04,1464470,0.0
2019-02-08,104.66,105.47,104.63,105.27,1048765,0.0
2019-02-11,105.86,106.4,104.64,105.1,1009086,0.0
2019-02-12,105.98,105.98,105.1,105.48,1605666,0.0
2019-02-13,105.87,106.15,104.75,105.08,849536,0.0
2019-02-14,105.08,106.52,104.48,106.24,1814570,0.0
2019-02-15,106.94,107.15,105.85,106.47,1150755,0.0
2019-02-19,106.17,106.94,105.7,106.2,916014,0.0
2019-02-20,106.4,106.99,105.09,105.38,1554867,0.0
2019-02-21,105.31,105.31,104.355,104.99,1525498,0.0
2019-02-22,105.59,105.75,104.44,105.19,1152201,0.0
2019-02-25,105.78,105.94,105.145,105.48,1345495,0.0
2019-02-26,105.46,106.325,104.945,105.44,1389167,0.0
2019-02-27,105.04,105.74,104.77,105.35,1284616,0.0
2019-02-28,105.32,106.04,104.79,105.53,1596309,0.0
2019-03-01,106.37,106.58,105.14,106.01,1696066,0.0
2019-03-04,106.78,107,104.0007,104.92,1751166,0.0
2019-03-05,104.94,105.28,104.27,104.38,1718486,0.0
2019-03-06,104.52,105.07,103.29,103.64,1373269,0.0
2019-03-07,103.12,103.66,102.4,102.88,1656278,0.0
2019-03-08,102.15,102.97,98.15,99.98,6755310,0.0
2019-03-11,100.33,100.78,99.63,100.12,2385388,0.0
2019-03-12,100.53,100.53,99,100.2,2811201,0.0
2019-03-13,100.2,101.525,100.18,100.56,2225052,0.0
2019-03-14,100.55,102.14,100.4,101.67,1927677,0.0
2019-03-15,102,102.43,100.67,100.82,2064845,0.0
2019-03-18,100.88,102.02,100.78,101.55,1550297,0.0
2019-03-19,101.76,102.0109,100.92,101.27,1696999,0.0
2019-03-20,101.23,101.79,100.16,100.48,1524050,0.0
2019-03-21,100.39,101.87,100.09,101.69,1585620,0.0
2019-03-22,101.34,101.82,100.02,100.48,1921281,0.0
2019-03-25,100.18,100.31,98.86,99.09,2288145,0.0
2019-03-26,99.65,100.62,99.04,100,2697733,0.0
2019-03-27,99.93,100.86,98.76,99.36,1313926,0.0
2019-03-28,99.43,99.92,98.53,99.44,2076921,0.0
2019-03-29,100.07,100.4,99.31,99.66,1953315,0.0
2019-04-01,100,100.9,99.15,99.69,835858,0.0
2019-04-02,99.7,100.25,99.11,100.12,1725388,0.0
2019-04-03,100.49,107.15,99.6,102.47,6824628,0.0
2019-04-04,102.67,103.16,99.23,100.03,3345737,0.0
2019-04-05,100.33,101.39,100.01,101,1617726,0.0
2019-04-08,100.68,101.62,100.35,100.93,1154562,0.0
2019-04-09,100.78,101.7,100.205,101.38,1293934,0.0
2019-04-10,101.42,102.19,101.15,101.57,1218532,0.0
2019-04-11,101.86,102.05,101.13,101.9,871645,0.0
2019-04-12,102,102.83,101.26,102.26,1164778,0.0
2019-04-15,102.3,102.83,101.89,102.26,821512,0.0
2019-04-16,102.45,102.925,101.34,101.78,1036465,0.0
2019-04-17,102.03,102.28,99.99,100.2,1227367,0.0
2019-04-18,100.35,100.35,98.72,100.13,1555744,0.0
2019-04-22,99.65,100.17,99.32,99.86,932816,0.0
2019-04-23,100.18,101.515,99.9154,100.88,1606047,0.0
2019-04-24,101.48,101.93,100.11,100.51,1430424,0.0
2019-04-25,99.52,100.17,96.81,99.51,2306891,0.0
2019-04-26,99.32,101.41,98.8731,100.99,1692925,0.0
2019-04-29,100.9,101.72,100.51,100.81,1461566,0.0
2019-04-30,100.81,101.28,100.1,100.98,1259299,0.0
2019-05-01,101,101.37,100.263,100.79,2008545,0.0
2019-05-02,101.14,101.19,99.13,99.2,1568259,0.0
2019-05-03,99.46,99.89,98.66,99.14,1085343,0.0
2019-05-06,97.67,98.795,96.9801,98.4,1336795,0.0
2019-05-07,97.58,97.91,96.98,97.54,1491921,0.0
2019-05-08,97.39,97.7,96.495,97.53,941898,0.0
2019-05-09,96.49,97.35,95.76,96.85,1828606,0.0
2019-05-10,96.58,97.43,95.28,97.19,1386278,0.0
2019-05-13,95.6,96.36,95,95.32,2024844,0.0
2019-05-14,95.64,96.59,95.38,95.81,1330089,0.0
2019-05-15,95.72,96.63,95.46,96.04,1052716,0.0
2019-05-16,96.39,97.2,95.92,96.58,1015537,0.0
2019-05-17,96.28,96.57,95.64,95.8,1006461,0.0
2019-05-20,95.14,95.37,94.17,95.1,1098673,0.0
2019-05-21,95.78,96.16,95.56,95.66,961130,0.0
2019-05-22,95.32,96.83,95,96.13,863795,0.0
2019-05-23,95.25,95.71,94.65,95.19,1726789,0.0
2019-05-24,95.67,95.8,93.99,94.64,1165860,0.0
2019-05-28,94.98,95.66,94.515,94.99,1741131,0.0
2019-05-29,94.75,95.07,94.01,94.4,1201580,0.0
2019-05-30,94.5,95.15,94.23,94.74,859785,0.0
2019-05-31,93.71,94.33,93.56,94.13,1371761,0.0
2019-06-03,93.99,94.49,93.12,93.48,1697979,0.0
2019-06-04,94.61,94.84,93.54,94.33,1638654,0.0
2019-06-05,95.11,95.73,93.93,94.91,1080968,0.0
2019-06-06,96.4,96.4573,95.15,95.36,1627588,0.0
2019-06-07,95.81,96.53,95.55,95.85,1064353,0.0
2019-06-10,96.49,96.78,95.78,96,1053975,0.0
2019-06-11,96.43,96.68,95.49,95.84,917359,0.0
2019-06-12,95.6,96.9,94.5025,96.53,1386909,0.0
2019-06-13,96.94,98.39,96.64,96.76,1972952,0.0
2019-06-14,96.37,97.04,96,96.8,2203139,0.0
2019-06-17,97.16,98.33,96.905,97.11,1629907,0.0
2019-06-18,97.81,98.66,97.55,97.7,1431214,0.0
2019-06-19,98.04,99.1,97.225,98.93,1677900,0.0
2019-06-20,100.07,100.73,99.12,99.36,1590471,0.0
2019-06-21,99.63,100,99.11,99.79,1437539,0.0
2019-06-24,100,100.37,99.45,99.58,960108,0.0
2019-06-25,99.61,99.67,97.96,98.17,1194308,0.0
2019-06-26,98.58,98.9287,97.24,97.41,1044167,0.0
2019-06-27,97.65,98.43,97.47,97.72,655444,0.0
2019-06-28,98,98.29,97.54,98.14,738621,0.0
2019-07-01,99.44,99.885,98.07,98.37,1166193,0.0
2019-07-02,98.37,99.32,98.2,99.28,1086253,0.0
2019-07-03,99.81,99.97,99.005,99.73,820506,0.0
2019-07-05,99.15,99.9,98.25,99.84,1055160,0.0
2019-07-08,99.72,99.81,98.43,99,1025632,0.0
2019-07-09,97.86,98.98,97.86,98.96,944944,0.0
2019-07-10,99.21,100.29,99.21,99.64,1146979,0.0
2019-07-11,99.85,99.93,98.98,99.71,1242589,0.0
2019-07-12,99.94,101.17,99.93,100.83,1255380,0.0
2019-07-15,101.14,101.66,100.84,101.52,962337,0.0
2019-07-16,101.48,101.67,100.64,100.85,1077123,0.0
2019-07-17,101,101.13,100.11,100.58,1048535,0.0
2019-07-18,100.5,101.95,100.04,101.74,1336813,0.0
2019-07-19,101.96,102.62,101.03,101.2,1121184,0.0
2019-07-22,101.29,102.05,100.72,101.54,1123903,0.0
2019-07-23,101.79,101.96,100.35,100.9,1030904,0.0
2019-07-24,100.98,101.34,100.26,100.72,1534969,0.0
2019-07-25,96.94,97.27,94.85,95.1,9720886,0.0
2019-07-26,95.26,96.53,94.77,95.6,2367852,0.0
2019-07-29,95.54,95.88,94.25,95.31,1645523,0.0
2019-07-30,94.81,95.24,94.27,95.14,2000136,0.0
2019-07-31,95.03,95.29,93.33,94.25,1910604,0.0
2019-08-01,94.62,95.13,93.76,94.27,1955607,0.0
2019-08-02,93.81,94.17,93.19,93.55,1730572,0.0
2019-08-05,92.5,92.94,91.62,92,2820703,0.0
2019-08-06,92.33,92.67,90.7,91.6,2549503,0.0
2019-08-07,90.87,91.62,90.28,91.41,2597770,0.0
2019-08-08,92.04,92.54,91.65,92.43,1998523,0.0
2019-08-09,92.06,92.505,91.07,91.98,1576733,0.0
2019-08-12,91.49,91.81,91.17,91.18,1414610,0.0
2019-08-13,91.13,92.605,90.57,92.3,1629637,0.0
2019-08-14,91.4,92.06,90.98,91.3,1681922,0.0
2019-08-15,91.35,92.14,91.07,91.51,1306338,0.0
2019-08-16,92.35,92.88,92.1,92.44,1533768,0.0
2019-08-19,93.37,93.5,91.75,92.51,1749422,0.0
2019-08-20,92.31,92.93,91.88,91.89,1338173,0.0
2019-08-21,92.58,93,92.34,92.7,971586,0.0
2019-08-22,92.71,93.22,92.35,92.99,893795,0.0
2019-08-23,92.76,93.29,91.38,91.46,1903133,0.0
2019-08-26,92.15,92.6,91.72,92.2,998814,0.0
2019-08-27,92.77,92.79,92.105,92.41,1283258,0.0
2019-08-28,92.04,92.78,91.19,92.11,952801,0.0
2019-08-29,92.85,93.305,92.59,92.77,1079768,0.0
2019-08-30,93.49,93.63,92.63,92.99,976029,0.0
2019-09-03,92.34,92.9,92.11,92.9,1220876,0.0
2019-09-04,93.71,93.71,92.87,93.17,918109,0.0
2019-09-05,93.65,94.965,93.36,94.35,1700156,0.0
2019-09-06,94.51,95.17,94.27,94.41,1173978,0.0
2019-09-09,94.74,95.14,94.24,94.96,1512554,0.0
2019-09-10,94.58,95.79,94.23,95.79,1326346,0.0
2019-09-11,96.04,96.755,95.59,96.5,1204916,0.0
2019-09-12,96.94,97.3499,96.48,96.53,1032668,0.0
2019-09-13,96.37,96.68,95.57,95.95,957287,0.0
2019-09-16,95.66,96.78,95.12,96.64,1136119,0.0
2019-09-17,96.53,96.77,95.39,95.73,1410602,0.0
2019-09-18,95.73,96.91,95.37,96.72,1211410,0.0
2019-09-19,96.64,97.22,95.97,96.43,1322929,0.0
2019-09-20,96.22,97.12,96.12,96.96,1762077,0.0
2019-09-23,96.76,97.17,96.23,96.24,1121469,0.0
2019-09-24,96.51,96.84,94.68,95.16,1819761,0.0
2019-09-25,95.42,96.15,94.36,95.97,955418,0.0
2019-09-26,96.13,96.59,95.62,95.84,1056132,0.0
2019-09-27,96.42,96.645,94.99,95.81,1290476,0.0
2019-09-30,95.89,96.935,95.76,96.48,1035155,0.0
2019-10-01,96.95,97.39,95.71,96.05,1068505,0.0
2019-10-02,95.3,95.6,94.75,95.18,1528826,0.0
2019-10-03,95.04,95.92,94.17,95.7,990884,0.0
2019-10-04,96.11,96.74,95.675,96.51,1968832,0.0
2019-10-07,96.23,97.58,95.575,96.78,2920764,0.0
2019-10-08,96.07,96.54,94.2,95.77,2507262,0.0
2019-10-09,96.63,96.92,95.99,96.58,1456784,0.0
2019-10-10,96.29,97.33,96.29,96.95,1363723,0.0
2019-10-11,98,99.46,97.45,98.19,1940440,0.0
2019-10-14,98.13,98.875,97.68,98.29,1648147,0.0
2019-10-15,98.76,99.77,98.19,99.45,1662219,0.0
2019-10-16,99.04,99.94,98.34,99.94,1954429,0.0
2019-10-17,99.91,100.86,99.09,100.81,1672495,0.0
2019-10-18,100.79,101.95,100.51,101.52,2982100,0.0
2019-10-21,102.36,103.96,102.36,103.19,1636036,0.0
2019-10-22,103.29,104.355,103.217,104.12,1369304,0.0
2019-10-23,104.24,104.59,103.35,103.6,1825518,0.0
2019-10-24,106.98,108.46,105,107.77,2779767,0.0
2019-10-25,107.77,108.12,104.32,105.64,2411939,0.0
2019-10-28,105.53,107.11,105.38,106.92,1416276,0.0
2019-10-29,107.04,107.58,106.735,107.16,1414697,0.0
2019-10-30,107.36,108.85,106.99,108.83,1337501,0.0
2019-10-31,108.58,108.97,108.16,108.88,1158152,0.0
2019-11-01,109.07,109.93,108.6,109.54,1331045,0.0
2019-11-04,109.57,110.06,109.22,109.24,1201088,0.0
2019-11-05,109.79,110.03,108.64,108.79,1540326,0.0
2019-11-06,108.74,109.89,108.6,109.6396,1152414,0.0
2019-11-07,109.9,110.35,109.348,110.11,1361684,0.0
2019-11-08,109.95,110.755,109.6,110.73,1013341,0.0
2019-11-11,110.65,111.51,110.31,111.37,926521,0.0
2019-11-12,111.57,111.81,111.03,111.44,1142786,0.0
2019-11-13,111.05,112.255,111.05,111.94,858619,0.0
2019-11-14,111.46,111.93,111.14,111.39,1091203,0.0
2019-11-15,111.9,112.67,111.4,112.6,1764216,0.0
2019-11-18,112.61,112.88,112.22,112.55,1256295,0.0
2019-11-19,113.06,113.7,112.48,113.35,1042845,0.0
2019-11-20,113.08,113.69,112.48,112.93,1302893,0.0
2019-11-21,113.05,113.45,112.5,113.24,1511210,0.0
2019-11-22,113.38,114.29,112.96,113.75,1664602,0.0
2019-11-25,114.16,114.73,113.91,114.04,1280250,0.0
2019-11-26,114.24,114.65,113.16,113.95,2095005,0.0
2019-11-27,114.28,114.28,112.68,113.52,1183221,0.0
2019-11-29,113.01,113.135,112.55,112.82,595152,0.0
2019-12-02,112.48,112.74,110.89,111.9,1075498,0.0
2019-12-03,111.55,111.59,110.24,111.21,1303246,0.0
2019-12-04,111.24,111.97,110.74,110.8,785623,0.0
2019-12-05,110.8,110.95,110.3,110.82,769281,0.0
2019-12-06,111.39,111.735,110.61,110.61,701901,0.0
2019-12-09,110.35,111.2,110.28,110.28,841351,0.0
2019-12-10,110.22,110.65,109.59,109.68,884826,0.0
2019-12-11,109.96,110.23,109.29,109.4,791609,0.0
2019-12-12,109.24,110.33,108.86,110.29,1066189,0.0
2019-12-13,109.93,110.67,109.77,110.36,885090,0.0
2019-12-16,110.72,111.77,110.66,111.76,1315646,0.0
2019-12-17,111.66,112.25,111.06,111.21,791352,0.0
2019-12-18,111.01,111.885,110.84,111.27,903668,0.0
2019-12-19,111.42,112.13,111.14,111.8,544485,0.0
2019-12-20,112.25,112.25,110.97,111.07,1142437,0.0
2019-12-23,111.22,111.48,110.05,110.17,583585,0.0
2019-12-24,110.53,111,110.16,110.66,316713,0.0
2019-12-26,110.9,111.36,110.76,111.26,449251,0.0
2019-12-27,111.04,111.57,110.41,110.8,435324,0.0
2019-12-30,110.95,111.315,110.27,110.34,466135,0.0
2019-12-31,110.06,110.97,110.06,110.95,441395,0.0
2020-01-02,111.59,111.99,111.06,111.67,954536,0.0
2020-01-03,110.57,111.97,110.36,111.86,738355,0.0
2020-01-06,111.32,113.06,111.32,113.02,848502,0.0
2020-01-07,112.51,113.43,112.22,112.41,692599,0.0
2020-01-08,112.63,114.025,112.61,113.72,1029743,0.0
2020-01-09,113.99,114.37,113.51,114.19,1317225,0.0
2020-01-10,114.63,114.805,113.46,113.751,811737,0.0
2020-01-13,114.21,115.51,112.29,115.12,1242829,0.0
2020-01-14,115,115.39,114.39,114.96,728181,0.0
2020-01-15,114.89,116.14,114.31,115.32,769387,0.0
2020-01-16,115.7,117.47,115.7,116.89,645374,0.0
2020-01-17,117.15,117.29,116.085,117.21,962760,0.0
2020-01-21,116.7,118.15,116.7,117.84,2376520,0.0
2020-01-22,118.02,119.62,118.02,119.17,3090514,0.0
2020-01-23,123.09,130.55,122.2,128.42,7135328,0.0
2020-01-24,128.44,129.26,126.76,128.25,3687628,0.0
2020-01-27,127.33,128.24,126.75,126.88,1088557,0.0
2020-01-28,126.55,127.2,125.21,125.56,1323086,0.0
2020-01-29,126.07,126.07,122.88,123.02,1365164,0.0
2020-01-30,122.44,123.4,121.62,122.54,1215033,0.0
2020-01-31,123.55,123.775,120.69,121.23,1719682,0.0
2020-02-03,121.09,123.29,121.09,122.68,1219537,0.0
2020-02-04,122.93,124.11,122.67,123.5,1152952,0.0
2020-02-05,123.67,124.12,122.26,122.79,1430539,0.0
2020-02-06,123.2,123.83,121.75,122.23,973404,0.0
2020-02-07,121.9,122.54,120.86,121.09,858427,0.0
2020-02-10,120.94,121.87,120.2948,121.83,890402,0.0
2020-02-11,122.41,122.62,121.39,121.62,867862,0.0
2020-02-12,122.18,122.59,121.34,122.07,897753,0.0
2020-02-13,121.59,123.43,121.59,123.06,635938,0.0
2020-02-14,122.88,123.45,121.7523,122.04,594430,0.0
2020-02-18,121.94,123.54,121.84,123.51,1130504,0.0
2020-02-19,123.64,124.49,122.1,122.24,879776,0.0
2020-02-20,122.14,122.52,118.91,119.56,1098846,0.0
2020-02-21,119.01,119.92,115.84,116.07,1342184,0.0
2020-02-24,114.13,114.89,111.84,111.94,1618251,0.0
2020-02-25,112.08,112.4,108.36,108.65,1828718,0.0
2020-02-26,109.68,110.39,106.405,106.76,1216982,0.0
2020-02-27,105.05,107.04,102.91,102.93,2077566,0.0
2020-02-28,100.7,103.47,100.31,103.46,3013169,0.0
2020-03-02,104.06,108.97,103.79,108.82,3524528,0.0
2020-03-03,108.17,109.42,105.06,106.4,2291828,0.0
2020-03-04,107.86,110.12,107.25,110.11,2143304,0.0
2020-03-05,107.51,117.37,107.51,116.45,6694372,0.0
2020-03-06,112.24,120.13,112.1,117.91,3835272,0.0
2020-03-09,112,118.7,111.0483,115.96,2545393,0.0
2020-03-10,118.8,119.25,109.88,114.78,4957492,0.0
2020-03-11,111.82,116.96,110.68,114.69,5861616,0.0
2020-03-12,109.4,113.69,103.81,105.03,3165566,0.0
2020-03-13,108.82,113.84,106.38,113.68,2750986,0.0
2020-03-16,106.16,119.81,104.75,110.73,7164924,0.0
2020-03-17,113.76,134.41,113.73,127.45,4657734,0.0
2020-03-18,122.64,139.15,120,130.41,3075371,0.0
2020-03-19,132.09,141.01,123.63,125.31,6672664,0.0
2020-03-20,126,131.97,116.83,119.33,4001033,0.0
2020-03-23,121.33,123.29,114.57,121.5,2786711,0.0
2020-03-24,125.24,126,116.21,121.95,2575677,0.0
2020-03-25,126,131.11,121.84,126.65,6146782,0.0
2020-03-26,125.99,139.49,125.97,137.87,3061705,0.0
2020-03-27,135.36,142.97,133.02,140.24,5796332,0.0
2020-03-30,141.3,146.25,134.57,145.91,2820430,0.0
2020-03-31,144.08,146.4,140.53,141.5,4514918,0.0
2020-04-01,138.96,142.65,136.39,138.98,2111693,0.0
2020-04-02,137.86,145.43,137.39,142.51,5410458,0.0
2020-04-03,142.01,145.9,140.66,141.31,3169481,0.0
2020-04-06,142.69,150.33,136.31,147.14,3102076,0.0
2020-04-07,147.39,148,142.9138,145.79,2832209,0.0
2020-04-08,146.61,148.2241,145,146.82,3426312,0.0
2020-04-09,146.23,146.64,138.76,139.34,3071192,0.0
2020-04-13,138.82,142.62,138.41,140,1779685,0.0
2020-04-14,141.51,143.84,140.12,143.8,4182116,0.0
2020-04-15,142.81,145.57,141.44,145.1,5321508,0.0
2020-04-16,147.2,151.53,146.01,150.54,5028066,0.0
2020-04-17,147.69,150.72,144.52,150.45,5427485,0.0
2020-04-20,150.71,152.49,148.92,150.7,3874527,0.0
2020-04-21,150.16,150.65,145.22,146.5,4804261,0.0
2020-04-22,148.3,151.92,147.18,151.33,3182693,0.0
2020-04-23,143.27,145.64,139.295,141.55,15831436,0.0
2020-04-24,142.6,146.21,142.05,146.04,8443763,0.0
2020-04-27,146.5,148.7,146.2004,147.48,5098206,0.0
2020-04-28,147.19,147.49,141.01,141.19,3934952,0.0
2020-04-29,141.32,141.93,139.16,139.99,4383030,0.0
2020-04-30,140.57,145.36,140.02,145.11,3383210,0.0
2020-05-01,143.62,144.79,140.46,142.66,1318228,0.0
2020-05-04,143.42,146.42,142.59,146.32,1117877,0.0
2020-05-05,146.31,148.2,144.96,146.56,2828868,0.0
2020-05-06,147.7,149.98,145.6,147.78,1201135,0.0
2020-05-07,149.03,152.42,147.615,150.63,2778998,0.0
2020-05-08,151.59,151.59,147.935,150.97,2500074,0.0
2020-05-11,151.89,155.1,151.24,153.99,2566946,0.0
2020-05-12,154.7,154.99,146.72,146.88,3426406,0.0
2020-05-13,147.36,149.51,144.22,146.48,1491072,0.0
2020-05-14,146.28,146.96,143.4829,146.06,1297210,0.0
2020-05-15,144.89,148.18,144.44,146.72,2282460,0.0
2020-05-18,146.44,147.26,139.73,139.83,5289390,0.0
2020-05-19,140.66,141.16,137.05,137.13,2293517,0.0
2020-05-20,138.04,138.96,135.18,137.44,1545782,0.0
2020-05-21,137.81,138.3,135.05,136.73,2600500,0.0
2020-05-22,137.16,137.88,135.13,137.09,2839492,0.0
2020-05-26,138.81,140.271,137.24,138.95,1744492,0.0
2020-05-27,136.84,139.41,135.51,139.21,2872590,0.0
2020-05-28,139.31,142.79,139.0163,141.19,1467580,0.0
2020-05-29,141.72,148.53,141.54,148.12,2042429,0.0
2020-06-01,147.39,148.71,145.17,146.68,2459658,0.0
2020-06-02,145.9,146.025,140.76,143.87,2799182,0.0
2020-06-03,143.85,143.85,139.08,139.54,2592046,0.0
2020-06-04,137.97,140.705,137.804,139.92,1109188,0.0
2020-06-05,137.62,139.55,135.34,139.16,1829752,0.0
2020-06-08,136.41,140.54,136.1,139.93,2682534,0.0
2020-06-09,141.36,142.365,139.11,140.2,2048744,0.0
2020-06-10,141.72,143.59,140.22,141.25,1396357,0.0
2020-06-11,140.73,143.37,137.5,137.9,3068342,0.0
2020-06-12,139.49,141.24,139.3,140.79,292678,0.0
2020-06-15,140.06,143.33,139.1333,143.24,2658938,0.0
2020-06-16,143.67,146.99,143.6,145.47,2188001,0.0
2020-06-17,145.42,146.975,144.505,145.37,1369764,0.0
2020-06-18,145.92,146.99,144.24,146.61,1967470,0.0
2020-06-19,148,148.75,144.94,144.98,1402233,0.0
2020-06-22,145.03,145.48,143.09,144.87,819641,0.0
2020-06-23,145.06,145.475,142.57,142.62,934234,0.0
2020-06-24,142.94,144.925,141.59,142.17,1113665,0.0
2020-06-25,142.66,143.64,140.11,140.9,1088575,0.0
2020-06-26,140.89,144.14,139.9,142.81,1348483,0.0
2020-06-29,142.46,145.399,141.03,144.82,1194718,0.0
2020-06-30,146.57,148.36,145.57,147.76,897442,0.0
2020-07-01,147.01,149.84,145.66,149.38,932967,0.0
2020-07-02,150,151.62,149.27,149.99,853109,0.0
2020-07-06,151.49,152.212,148.91,150.39,779945,0.0
2020-07-07,150.13,152.6,149.82,150.07,839056,0.0
2020-07-08,151.04,151.66,148.75,149.65,931472,0.0
2020-07-09,151.29,153.29,150.05,152.68,860552,0.0
2020-07-10,152.87,153.39,150.82,152.19,760306,0.0
2020-07-13,153.06,154.5,148.99,149.07,1147311,0.0
2020-07-14,147.96,153.88,146.75,153.59,1366708,0.0
2020-07-15,152.08,154.2885,150.39,150.82,1018009,0.0
2020-07-16,150.41,152.56,149.37,151.86,885108,0.0
2020-07-17,152.81,156.3,152.111,155.84,931162,0.0
2020-07-20,159.44,167.9498,158.455,167.78,2042108,0.0
2020-07-21,167,169.32,164.1,165.87,1947631,0.0
2020-07-22,168.71,173.56,167.05,167.15,1914428,0.0
2020-07-23,153.43,160.7,143.92,145.5,4800034,0.0
2020-07-24,145.4832,147.59,141.17,142.52,2948555,0.0
2020-07-27,143.5,144.39,140.1,142.13,1656323,0.0
2020-07-28,142.08,142.08,137.53,138.065,1928458,0.0
2020-07-29,138.93,140.77,137.67,139.3,1328834,0.0
2020-07-30,138.4,142.01,136.93,141.68,1721222,0.0
2020-07-31,142.54,144.15,138.18,142.78,1863751,0.0
2020-08-03,142.91,143.44,139.305,139.86,1459853,0.0
2020-08-04,138.85,142.75,137.8,142.69,1158258,0.0
2020-08-05,142.75,142.78,140.15,142.7,1000744,0.0
2020-08-06,142.29,142.98,140.15,140.79,844693,0.0
2020-08-07,141.03,143.3134,140.32,141.14,950905,0.0
2020-08-10,138.1,138.26,136.015,137.51,1036219,0.0
2020-08-11,138.13,138.3828,135.36,135.76,1310290,0.0
2020-08-12,135.71,137.89,135.45,136.49,741522,0.0
2020-08-13,137,138.48,136.42,137.36,805793,0.0
2020-08-14,137.32,138.46,135.96,136.34,590877,0.0
2020-08-17,137.1,138.74,136.91,138.08,662263,0.0
2020-08-18,138.96,141.12,138.37,140.39,845263,0.0
2020-08-19,139.9,141.98,139.075,140.42,685656,0.0
2020-08-20,140.2,141.99,139.67,141.55,729940,0.0
2020-08-21,141.3,143.73,140.2716,143.17,971081,0.0
2020-08-24,144.01,144.49,141.27,142.8,783146,0.0
2020-08-25,143.26,144.4,142.3907,142.89,734589,0.0
2020-08-26,142.92,144.92,142.4,144.31,746371,0.0
2020-08-27,144.15,144.39,140.96,142.35,839242,0.0
2020-08-28,143.08,146.49,142.62,144.03,810647,0.0
2020-08-31,143.59,145.48,142.67,145.2,853503,0.0
2020-09-01,145.04,148.47,144.5,145.15,1369572,0.0
2020-09-02,145.88,148.47,144.395,147.8,1082210,0.0
2020-09-03,147.12,147.1283,138.47,140.69,1578954,0.0
2020-09-04,139.06,141.04,135.13,137.09,1383805,0.0
2020-09-08,133.89,140.8,133.11,138.65,2356693,0.0
2020-09-09,140.4,142.24,137.37,141.51,1173153,0.0
2020-09-10,140.995,141.16,134.16,134.89,1647554,0.0
2020-09-11,135.71,136.93,131.15,132.37,1479474,0.0
2020-09-14,134.02,136.22,133.33,135.48,997046,0.0
2020-09-15,135.78,137.59,135.23,135.85,1177637,0.0
2020-09-16,137.05,138.63,134.96,135.13,957584,0.0
2020-09-17,132.67,134.85,131.41,134,1131804,0.0
2020-09-18,134.14,135.86,132.3,134.07,1626287,0.0
2020-09-21,133.76,134.84,132.405,134.23,1037904,0.0
2020-09-22,135.7,137.81,133.9,137.23,674636,0.0
2020-09-23,136.64,137.48,132.86,133.22,659979,0.0
2020-09-24,132.13,135.17,132.07,133.85,451135,0.0
2020-09-25,133.7,136.765,133.335,136.18,525422,0.0
2020-09-28,137.7,139,136.69,138.32,566656,0.0
2020-09-29,138.19,139.05,136.89,136.89,579977,0.0
2020-09-30,137.22,139.14,136.06,137.73,584703,0.0
2020-10-01,139.03,139.93,137.75,139.21,645167,0.0
2020-10-02,137.42,138.49,134.6,134.91,606085,0.0
2020-10-05,135.49,136.17,134.2,135.61,627563,0.0
2020-10-06,134.9813,137.43,132.86,133.35,797122,0.0
2020-10-07,134.05,134.84,132.21,133.41,942630,0.0
2020-10-08,134.79,135.77,133.65,135.57,565366,0.0
2020-10-09,137.02,139.4758,136.1,139.43,713802,0.0
2020-10-12,141,146.9372,140.7102,145.25,1354399,0.0
2020-10-13,145,146.03,141.9,144.07,1187738,0.0
2020-10-14,142.47,143.99,139.5,140.81,998825,0.0
2020-10-15,140.15,140.51,138.24,138.87,660514,0.0
2020-10-16,139.16,139.73,137.67,138.36,893516,0.0
2020-10-19,139.11,140.17,134.36,134.83,770223,0.0
2020-10-20,136.29,139.41,135.98,136.72,988402,0.0
2020-10-21,136.68,137.94,135.86,136.45,974795,0.0
2020-10-22,135.39,136.1,125.75,126.67,4171234,0.0
2020-10-23,124.6,125.47,120.76,122.72,3741378,0.0
2020-10-26,121.83,124.29,120.71,123.82,1528070,0.0
2020-10-27,124.35,125.96,119.25,119.45,2114447,0.0
2020-10-28,117.855,118.39,114.68,114.76,1609284,0.0
2020-10-29,115.01,116.13,113.7,113.87,1268448,0.0
2020-10-30,113.78,114.98,111.865,113.28,1294774,0.0
2020-11-02,113.62,114.78,111.6,114.43,1315498,0.0
2020-11-03,115.07,116.77,114.025,115.93,1140138,0.0
2020-11-04,118.9,119.47,116.45,116.89,1376496,0.0
2020-11-05,119.04,120.88,118.32,119.43,1070148,0.0
2020-11-06,119.33,119.51,117.18,118.98,784167,0.0
2020-11-09,118.25,119.66,114.55,114.67,2245217,0.0
2020-11-10,113.84,115.78,111.26,114.15,1912342,0.0
2020-11-11,115.76,116.42,114.42,114.84,1121943,0.0
2020-11-12,115.58,116.9,114.69,115.45,906525,0.0
2020-11-13,116.82,118.3,115.2101,118.065,950351,0.0
2020-11-16,117.8,118.45,116.38,118.22,930887,0.0
2020-11-17,118.79,121.265,118.31,119.67,1435670,0.0
2020-11-18,119.32,121.325,118.43,118.94,1615611,0.0
2020-11-19,118.24,121.22,117.2574,120.86,1423135,0.0
2020-11-20,120.75,122.555,120.17,120.47,1651918,0.0
2020-11-23,120.23,121.3906,119.23,120.16,1189544,0.0
2020-11-24,120.41,125.42,119.94,122.08,2090010,0.0
2020-11-25,123.64,124,120.995,121.32,1077621,0.0
2020-11-27,121.73,123.94,120.6,122.43,605510,0.0
2020-11-30,123.34,124.11,121.16,124.09,1392157,0.0
2020-12-01,124.31,126.18,123.7,125.52,1536843,0.0
2020-12-02,125.01,127.55,124.19,127.32,1150231,0.0
2020-12-03,126.59,129.145,125.02,127.87,1076979,0.0
2020-12-04,128.47,130.66,127.9,130.56,1076924,0.0
2020-12-07,130.56,131.57,129.82,131.37,916989,0.0
2020-12-08,129.76,131.88,129.33,130.905,1095509,0.0
2020-12-09,131.41,132.23,129.7,131.76,1150947,0.0
2020-12-10,130.73,133.045,130.13,132.67,1213948,0.0
2020-12-11,131.68,132.89,127.75,130.69,1736985,0.0
2020-12-14,130.58,131.82,127.9,128.47,1371484,0.0
2020-12-15,129.44,130.11,126.73,127.5,1092274,0.0
2020-12-16,127.76,129.89,127.1,129.3,1001546,0.0
2020-12-17,130.59,131.34,128.72,130.71,1363742,0.0
2020-12-18,131.4,134.85,129.86,132.46,2292732,0.0
2020-12-21,130.67,132.19,129.02,131.11,940659,0.0
2020-12-22,131.82,133.27,129.94,132.72,1129532,0.0
2020-12-23,133.58,134.09,131.77,131.77,812902,0.0
2020-12-24,132.4,133.12,131.14,132.58,396201,0.0
2020-12-28,132.82,134,132.29,132.97,860384,0.0
2020-12-29,133.94,134.8,129.83,130.1,594809,0.0
2020-12-30,130.33,130.45,128.19,128.26,733798,0.0
2020-12-31,128.67,130.32,127.93,130.08,467545,0.0
2021-01-04,130.75,130.88,126.27,128.37,906071,0.0
2021-01-05,128,128.33,126.78,127.65,658121,0.0
2021-01-06,127.7,128.1,125.5,125.77,977939,0.0
2021-01-07,126.31,128.88,126.03,128.45,744050,0.0
2021-01-08,129.39,131.11,128.22,130.91,888445,0.0
2021-01-11,130.52,131.93,129.12,129.61,703610,0.0
2021-01-12,128.535,133.66,128.535,133.14,1240820,0.0
2021-01-13,133.16,133.2,130.39,131.5,821504,0.0
2021-01-14,132.515,132.92,130.87,131.98,966897,0.0
2021-01-15,130.88,132.96,130.54,132.01,870295,0.0
2021-01-19,132.49,137.01,130.56,135.35,2976551,0.0
2021-01-20,136.12,136.4981,132.49,132.57,1580846,0.0
2021-01-21,134.17,134.17,126.9416,127.34,2125497,0.0
2021-01-22,127.06,127.45,124.88,126.8,976730,0.0
2021-01-25,127.98,131.77,127.001,131.73,1563022,0.0
2021-01-26,132.32,139.19,131.35,139.11,1629964,0.0
2021-01-27,139.24,145.19,138.72,144.48,2884726,0.0
2021-01-28,141.5,144.44,136.32,136.34,2432286,0.0
2021-01-29,136,138,133.14,133.2,1555472,0.0
2021-02-01,133.47,134.43,130.68,132.58,1166622,0.0
2021-02-02,132.63,134.495,131.23,133.11,971132,0.0
2021-02-03,132.78,134.33,131.23,132.39,751206,0.0
2021-02-04,132.35,133.24,131.14,132.64,708991,0.0
2021-02-05,131.87,133.38,131.2,131.82,547732,0.0
2021-02-08,132.96,134.11,131.95,133.99,718647,0.0
2021-02-09,134.94,137,134.28,136.08,563107,0.0
2021-02-10,137.35,137.44,135.01,136.99,564862,0.0
2021-02-11,137.33,138.64,137,137.78,551674,0.0
2021-02-12,137.3,137.74,135.48,137.68,473391,0.0
2021-02-16,137.97,138.74,136.42,136.68,572823,0.0
2021-02-17,135.18,136.37,132.81,134.05,640782,0.0
2021-02-18,133.38,133.49,131.21,132.1,739291,0.0
2021-02-19,132.91,133.34,130.6,132.96,902320,0.0
2021-02-22,133.07,135.79,132.11,135.18,978859,0.0
2021-02-23,134.95,138.695,133.97,136.8,1558588,0.0
2021-02-24,135.69,137.78,135.05,136.91,769969,0.0
2021-02-25,136.1,139.67,135.9092,138.78,1360210,0.0
2021-02-26,137.61,139.1,132.17,133.41,2475509,0.0
2021-03-01,134.77,138.86,133.79,138.64,1014984,0.0
2021-03-02,139.22,139.49,135.1683,136.68,674434,0.0
2021-03-03,136.92,136.92,130.81,132.22,995200,0.0
2021-03-04,132.65,136.14,130.83,131.08,1502951,0.0
2021-03-05,132.11,135.65,130.19,135.36,995552,0.0
2021-03-08,135.08,135.195,131.15,131.29,933082,0.0
2021-03-09,133.39,134.93,131.93,132.43,931589,0.0
2021-03-10,133.21,134.81,131.64,131.76,972221,0.0
2021-03-11,132.78,136.65,132.2,135.21,1229063,0.0
2021-03-12,134.11,134.78,132.99,133.47,625492,0.0
2021-03-15,133.22,135.31,132.37,134.97,580853,0.0
2021-03-16,135.34,136.38,134.05,136.04,669910,0.0
2021-03-17,136.47,136.47,132.86,133.41,1113128,0.0
2021-03-18,132.14,132.3,128.65,131.5,1245198,0.0
2021-03-19,131.17,134.53,131.07,133.72,936968,0.0
2021-03-22,134.53,138.215,134.02,137.79,660748,0.0
2021-03-23,137.99,140.34,137.56,138.36,633530,0.0
2021-03-24,136.6,137.6,134.98,135.02,654690,0.0
2021-03-25,134.71,136.99,133.58,135.09,932299,0.0
2021-03-26,133.69,136.76,133.69,136.74,817843,0.0
2021-03-29,137.07,140.55,136.54,138.83,1032753,0.0
2021-03-30,137.05,138.68,134.245,138.41,1238128,0.0
2021-03-31,138.87,141.88,138.39,140.36,881545,0.0
2021-04-01,140.07,142.35,138.95,140.28,751128,0.0
2021-04-05,138.55,142.73,138.32,142.49,762899,0.0
2021-04-06,142.01,143.71,140.4,141.98,618576,0.0
2021-04-07,143.24,143.98,142.525,142.68,1064979,0.0
2021-04-08,143.82,143.91,142.24,142.76,554319,0.0
2021-04-09,142.53,142.94,141.6763,142.31,633903,0.0
2021-04-12,141.16,142.27,141.16,142.08,716220,0.0
2021-04-13,140.82,141.3,136.75,138.94,1106416,0.0
2021-04-14,139,139.38,136.9,137.74,890144,0.0
2021-04-15,137.59,139.25,136.495,138.84,780526,0.0
2021-04-16,139.32,141.065,138.64,140.5,628370,0.0
2021-04-19,139.93,140.67,137.5602,138.85,684328,0.0
2021-04-20,138.13,140.46,137.75,138.12,453881,0.0
2021-04-21,140.86,144.47,140.45,141.5,1239220,0.0
2021-04-22,140.39,142.06,139.745,140.32,1140112,0.0
2021-04-23,140.23,141.72,138.49,140.41,548114,0.0
2021-04-26,140.8,142.08,139.5,140.6,949417,0.0
2021-04-27,140.66,141.45,139,140.39,515595,0.0
2021-04-28,141.27,141.28,138.24,138.5,913967,0.0
2021-04-29,124.37,130.92,124,127.83,3957902,0.0
2021-04-30,126.51,127.54,122.87,123.8,2178457,0.0
2021-05-03,123.49,124.04,121.39,123.33,1572159,0.0
2021-05-04,122.3,122.52,118.05,119.29,1652872,0.0
2021-05-05,119.9,120.485,118.6,119.25,769353,0.0
2021-05-06,118.59,121.79,118.3965,121.66,917912,0.0
2021-05-07,123.11,123.68,120.81,121.05,824318,0.0
2021-05-10,120.7,120.89,118.66,119.3,880027,0.0
2021-05-11,117.49,119.65,116.61,119.24,873444,0.0
2021-05-12,118.25,119.48,116.56,116.8,898301,0.0
2021-05-13,117.2,118.41,116.37,116.66,1004075,0.0
2021-05-14,117.76,118.36,117.29,117.72,616440,0.0
2021-05-17,117.14,117.58,115.93,116.85,673376,0.0
2021-05-18,116.89,117.23,115.53,115.85,679533,0.0
2021-05-19,115.1,115.515,113.83,115.4,731716,0.0
2021-05-20,115.85,117.82,115.61,115.77,1574007,0.0
2021-05-21,115.98,116.67,115.67,115.85,957425,0.0
2021-05-24,116.8,117.34,115.74,115.86,583262,0.0
2021-05-25,116.06,116.65,114.74,115.23,860313,0.0
2021-05-26,114.87,116.47,114.47,114.84,701574,0.0
2021-05-27,115.06,115.58,113.47,113.69,964868,0.0
2021-05-28,113.97,115.9,113.97,114.92,1296922,0.0
2021-06-01,114.91,115.68,113.73,113.9,1153496,0.0
2021-06-02,113.93,115.825,113.68,114.89,1482620,0.0
2021-06-03,114.11,116.81,113.84,116.57,867632,0.0
2021-06-04,116.66,119.62,116.61,119.15,1021738,0.0
2021-06-07,119.36,119.36,116.53,117.07,549209,0.0
2021-06-08,117.83,118.89,117.41,118.42,992504,0.0
2021-06-09,118.49,118.85,117,118.11,761612,0.0
2021-06-10,117.99,118.825,116.9119,118.67,521436,0.0
2021-06-11,118.65,120.63,118.29,120.45,782938,0.0
2021-06-14,121.01,121.87,120.55,120.66,953667,0.0
2021-06-15,120.75,121.2,119.71,119.79,1074983,0.0
2021-06-16,119.77,120.69,117.03,117.61,665276,0.0
2021-06-17,117.06,119.49,116.755,118.06,702247,0.0
2021-06-18,117.81,118,115.08,115.81,850218,0.0
2021-06-21,115.22,116.67,114.1,116.08,647747,0.0
2021-06-22,115.9,116.55,114.34,114.795,747423,0.0
2021-06-23,114.68,114.82,112.98,113.34,1052334,0.0
2021-06-24,113.95,114.99,113.245,114.52,626336,0.0
2021-06-25,114.52,116.145,114.49,115.97,566642,0.0
2021-06-28,116.77,119.22,116.61,117.37,1097935,0.0
2021-06-29,117.01,117.93,116.37,117.87,386244,0.0
2021-06-30,118.32,118.47,117.0735,117.26,368347,0.0
2021-07-01,117.15,117.74,116.31,117.42,516343,0.0
2021-07-02,117.95,119.07,117.09,118.93,510286,0.0
2021-07-06,118.53,118.65,115.74,116.06,732827,0.0
2021-07-07,116.91,117.95,115.55,117.22,620282,0.0
2021-07-08,116.88,117.76,115.07,116.85,1074631,0.0
2021-07-09,116.72,117.19,115.5703,116.14,719629,0.0
