Date,Open,High,Low,Close,Volume,OpenInterest
2018-04-27,38,40.89,37,39.75,15929777,0.0
2018-04-30,39.9047,40.19,37.53,38.51,3153172,0.0
2018-05-01,38.7,39.89,37.85,39.42,1157483,0.0
2018-05-02,39.85,40.5,38.75,39.52,1176749,0.0
2018-05-03,39.69,42.57,38.81,41.9689,1649712,0.0
2018-05-04,42.4,42.66,41.01,41.04,705297,0.0
2018-05-07,41.65,41.912,41.04,41.3,569635,0.0
2018-05-08,41.5,43.6799,40.5,43.22,768405,0.0
2018-05-09,44.44,44.87,43.245,44.16,1098819,0.0
2018-05-10,44.88,46.699,43.66,44.01,1368152,0.0
2018-05-11,44.56,45.8895,44.01,44.34,700197,0.0
2018-05-14,44.99,45.7265,43.37,44.19,960251,0.0
2018-05-15,44.39,45.73,43.495,45.46,389051,0.0
2018-05-16,45.34,45.65,44.56,45.23,262124,0.0
2018-05-17,45.2,46.4,44.55,44.9,304541,0.0
2018-05-18,44.75,45,44.36,44.78,318313,0.0
2018-05-21,45.5,45.62,41.72,42.92,739015,0.0
2018-05-22,43.24,44.72,42.851,43.08,994985,0.0
2018-05-23,43.64,45.62,43.1,45.42,1057202,0.0
2018-05-24,45.94,47.7,45.2962,46.77,940367,0.0
2018-05-25,47.5,48.9,46.1071,46.34,621195,0.0
2018-05-29,46.67,49.33,45.855,48.4,865847,0.0
2018-05-30,48.9,51,48.56,50.02,737170,0.0
2018-05-31,50.13,51.2009,49.53,49.79,768862,0.0
2018-06-01,50.28,50.74,49.76,50.14,459029,0.0
2018-06-04,51,54.15,50.54,53.61,995789,0.0
2018-06-05,54.29,58.28,52,54.67,2256341,0.0
2018-06-06,55.63,57.38,54.36,57.31,868677,0.0
2018-06-07,58.95,59.86,53.5,56,2805689,0.0
2018-06-08,58.25,60.45,55.31,57.95,6337700,0.0
2018-06-11,58.3,60,58.2,59.54,1931470,0.0
2018-06-12,60.49,63.35,60,61.85,2184143,0.0
2018-06-13,63.28,64.97,62,63.76,1922547,0.0
2018-06-14,64.99,65.8159,63.1,63.53,1680363,0.0
2018-06-15,63.09,64.58,62.3,63.95,2130837,0.0
2018-06-18,63.51,66.191,61.6452,63.91,1387860,0.0
2018-06-19,62.14,64.7,57.6,63.83,3476369,0.0
2018-06-20,64.67,66.8,62.03,62.41,2167620,0.0
2018-06-21,63.06,63.19,57.47,57.51,2819884,0.0
2018-06-22,58.9,58.99,55,57.55,2346013,0.0
2018-06-25,55.58,55.6552,52.05,55,2617001,0.0
2018-06-26,55.49,56.9689,54.9,56.46,1210712,0.0
2018-06-27,56.95,57.2,51.74,51.75,2041094,0.0
2018-06-28,51.62,54,50.3435,52.99,1996812,0.0
2018-06-29,53.67,54,51.8305,52.94,1320162,0.0
2018-07-02,52.46,53.16,50.5,52.34,1695453,0.0
2018-07-03,52.46,53.5,51.85,51.95,645716,0.0
2018-07-05,52.49,55.39,51.5934,54.57,1965253,0.0
2018-07-06,54.75,55.96,54.07,54.91,1034412,0.0
2018-07-09,55.28,56.49,54.8711,55.33,786823,0.0
2018-07-10,55.77,55.77,52.19,52.32,1405184,0.0
2018-07-11,52,53.76,51.61,51.99,994461,0.0
2018-07-12,52.24,56.44,51.5,55.38,2203888,0.0
2018-07-13,55.38,56,54.68,55.33,938748,0.0
2018-07-16,55.25,57.2787,54.9,55.04,740117,0.0
2018-07-17,54.5,55.4,52.94,54.09,1297484,0.0
2018-07-18,53.93,55.015,52.91,53.01,816737,0.0
2018-07-19,52.93,53.81,51.93,52.34,1037489,0.0
2018-07-20,52.25,52.7652,51.71,52.21,568046,0.0
2018-07-23,51.97,55.85,51.75,55.5,1105045,0.0
2018-07-24,56.12,57.5,52.9,53.78,1540664,0.0
2018-07-25,53.76,55.6617,53.76,54.68,452409,0.0
2018-07-26,54.01,55.88,53.77,55.475,1347984,0.0
2018-07-27,56.73,57,53.5,54.82,1108406,0.0
2018-07-30,54.92,55.24,50.06,51.7,1895460,0.0
2018-07-31,51.89,54.96,51.51,53.84,970977,0.0
2018-08-01,54.3,56.15,54.1947,55.75,733826,0.0
2018-08-02,55.39,59.18,55,58.92,1174296,0.0
2018-08-03,59.15,59.5999,56.25,57.02,748420,0.0
2018-08-06,57.16,60.39,57.16,60,840050,0.0
2018-08-07,60.75,60.95,59.4564,59.92,815519,0.0
2018-08-08,59.45,61.81,59.2,61.36,740226,0.0
2018-08-09,61.67,62.15,60.175,60.44,700806,0.0
2018-08-10,60.3,60.45,57.12,58.2,1354625,0.0
2018-08-13,58.1,58.38,55.57,56.14,826176,0.0
2018-08-14,56.56,58.225,55.73,57.82,491463,0.0
2018-08-15,57.25,57.8,55.3,56.15,677780,0.0
2018-08-16,56.96,57.91,56.06,57.67,538247,0.0
2018-08-17,57.47,59.4,56.355,58.7065,532945,0.0
2018-08-20,58.91,62,57.9,61.28,1274965,0.0
2018-08-21,61.69,63.8,61.56,62.535,1208135,0.0
2018-08-22,62.3,63.3666,60.34,61.89,766568,0.0
2018-08-23,61.86,64.939,61.86,63.9,1138944,0.0
2018-08-24,64.25,67.21,64,65.45,963300,0.0
2018-08-27,66.99,67.71,64.63,65.45,914563,0.0
2018-08-28,66,68.35,65.72,66.34,1081753,0.0
2018-08-29,66.5,68.02,65.75,67.87,766753,0.0
2018-08-30,67.3,67.4,64.55,64.98,1422970,0.0
2018-08-31,64.47,65.3599,62.19,62.44,1896461,0.0
2018-09-04,62.8,65.7,60.83,64.79,1701187,0.0
2018-09-05,64.69,65.87,62.55,63.1,2558758,0.0
2018-09-06,59.08,59.9,56.79,57.84,3794575,0.0
2018-09-07,56.8,59.67,56.26,56.95,2016293,0.0
2018-09-10,58,58.24,53.64,53.93,2626250,0.0
2018-09-11,53.75,54.8,52.8301,53.97,1678600,0.0
2018-09-12,53.02,57.56,53.02,57.2,2365109,0.0
2018-09-13,57.25,57.49,55.06,55.39,1857265,0.0
2018-09-14,55.29,55.3,53.43,53.77,5044004,0.0
2018-09-17,53.85,54.89,51.6,52.18,2297584,0.0
2018-09-18,52.23,53.4,51.65,53.12,1418372,0.0
2018-09-19,52.77,53.1,51.5,51.73,1041850,0.0
2018-09-20,52.32,52.69,51.12,52.21,1018091,0.0
2018-09-21,52.93,53.32,51.7824,52.54,1370672,0.0
2018-09-24,52.1,52.33,51.4,51.86,1271837,0.0
2018-09-25,52.16,53.71,51.62,53.38,1468401,0.0
2018-09-26,53.51,54.02,52.44,52.51,1354112,0.0
2018-09-27,52.64,53.75,52.25,52.76,1614055,0.0
2018-09-28,52.77,53.03,52.1,52.57,1084905,0.0
2018-10-01,52.98,53,48.56,48.84,3704189,0.0
2018-10-02,49.19,49.2429,45.04,46.41,4767964,0.0
2018-10-03,46.48,47.735,45.3,47.11,2622425,0.0
2018-10-04,46.9,47.5499,44.9,45.77,1409156,0.0
2018-10-05,45.65,46.03,43.52,45.26,1458651,0.0
2018-10-08,44.63,45,42.25,43.23,1908965,0.0
2018-10-09,42.98,45,41.33,41.46,1761847,0.0
2018-10-10,42.03,42.03,38.28,40.62,3294229,0.0
2018-10-11,39.82,41.65,39.3418,40.25,2316932,0.0
2018-10-12,42.09,45,41.71,44.64,2913602,0.0
2018-10-15,44.44,45.16,42.64,43.81,950294,0.0
2018-10-16,44.75,48.01,44.52,47.72,2112671,0.0
2018-10-17,48,48.148,46.5,47.55,1315053,0.0
2018-10-18,47.03,48.3,45.55,46.19,1203682,0.0
2018-10-19,46.3,46.5,41.6,41.97,2388487,0.0
2018-10-22,42.72,43.7,41.8008,42.44,1112106,0.0
2018-10-23,41.33,42.28,40.7099,41.41,1806358,0.0
2018-10-24,40.5,41.16,39.12,39.17,3654401,0.0
2018-10-25,39.1,40.82,38.55,40.31,2454550,0.0
2018-10-26,39.51,41.34,38.55,41.18,2372307,0.0
2018-10-29,42.28,43,39.05,40.41,1569012,0.0
2018-10-30,40.16,42,39.81,41.74,1336068,0.0
2018-10-31,42.05,43.2,41.47,41.91,1921247,0.0
2018-11-01,42.14,42.56,40.35,41.85,1506845,0.0
2018-11-02,42,43.36,41.21,42.84,1518675,0.0
2018-11-05,42.63,42.99,40.9,42.35,1386911,0.0
2018-11-06,41.98,42.9,41.47,42.54,917361,0.0
2018-11-07,43,44.6,42.57,43.9,2856772,0.0
2018-11-08,43.99,45.15,43.8,44.83,1885857,0.0
2018-11-09,44.32,45,43.36,44.46,822496,0.0
2018-11-12,44.45,44.45,40.74,41.32,1989403,0.0
2018-11-13,41.7,43.08,41.38,42.64,773909,0.0
2018-11-14,43.07,43.15,39.68,39.81,2065806,0.0
2018-11-15,39.64,40.44,38.3,40.4,2197783,0.0
2018-11-16,40,40.01,38.6,39,1598030,0.0
2018-11-19,38.85,39.77,36.14,37.4,2636085,0.0
2018-11-20,35.55,38.58,35.06,38.3,3012284,0.0
2018-11-21,39.6,41.36,38.9,40.75,2042490,0.0
2018-11-23,40.42,41.24,40.02,40.82,400205,0.0
2018-11-26,41.33,42,40.27,41.11,1230188,0.0
2018-11-27,40.77,41.25,39.84,40.67,949930,0.0
2018-11-28,41.03,42.5,40.92,41.82,1728048,0.0
2018-11-29,41.75,42.51,41.11,41.76,1323017,0.0
2018-11-30,41.905,42.4133,40.14,41.76,1130175,0.0
2018-12-03,42.72,42.92,41.77,42.53,1832829,0.0
2018-12-04,42.15,42.94,41.16,41.52,2625382,0.0
2018-12-06,40.06,41.98,40.05,41.97,2870846,0.0
2018-12-07,42,43.22,38.75,39.65,4604821,0.0
2018-12-10,38.76,41.06,38.76,40.7,2692519,0.0
2018-12-11,39.67,41.66,39.4,41.65,5002610,0.0
2018-12-12,41.66,43.32,41.66,42.4,4060670,0.0
2018-12-13,42.23,43.32,42.14,43.17,3246991,0.0
2018-12-14,42.27,43.32,41.61,42.93,3355106,0.0
2018-12-17,42.51,43.35,41.23,41.75,3408643,0.0
2018-12-18,41.83,42.57,40.8835,41.78,4581879,0.0
2018-12-19,41.21,42.02,40.76,41.06,3518697,0.0
2018-12-20,40.9,41.74,39.02,39.9,3563031,0.0
2018-12-21,39.82,40.87,37.27,37.95,3931979,0.0
2018-12-24,37.29,37.96,36.2488,37.56,1332434,0.0
2018-12-26,37.83,39.72,37.57,39.63,1454631,0.0
2018-12-27,39.1,41,39,40.96,1416726,0.0
2018-12-28,40.99,41.05,39.89,40.525,1360593,0.0
2018-12-31,40.6,40.9799,39.15,39.94,2155896,0.0
2019-01-02,39.27,40.83,39.14,40.65,1571354,0.0
2019-01-03,40,40.52,38.82,38.85,943586,0.0
2019-01-04,39.52,41.4148,39.42,40.85,1735866,0.0
2019-01-07,40.04,42.2,39.5,41.81,2535233,0.0
2019-01-08,41.96,42.32,40.9314,42.17,3025660,0.0
2019-01-09,42,42.99,41.84,42.62,1978935,0.0
2019-01-10,42.2,44.6,42.16,44.055,7128766,0.0
2019-01-11,43.85,44.1022,43.1,43.46,1557554,0.0
2019-01-14,43.13,43.3,42.4,43.18,648721,0.0
2019-01-15,44.5,45.01,43.5,45,2699215,0.0
2019-01-16,45,45,42.52,43.11,3499113,0.0
2019-01-17,42.64,45.02,42.22,44.83,2553370,0.0
2019-01-18,45.1,47.205,45.05,46.99,3264464,0.0
2019-01-22,46.45,46.6,45.6,45.85,1679460,0.0
2019-01-23,45.88,47,44.54,45.35,1703801,0.0
2019-01-24,45.68,46.72,45.25,46.685,1068861,0.0
2019-01-25,47.22,48.56,47,48.515,1844651,0.0
2019-01-28,47.94,48.88,47.5504,48.7754,1793572,0.0
2019-01-29,48.99,49.38,47.54,48.28,1507929,0.0
2019-01-30,48.78,49.43,48.24,49.25,1938104,0.0
2019-01-31,49.46,50.03,49.11,49.55,2320085,0.0
2019-02-01,49.33,49.91,48.21,49.88,1742076,0.0
2019-02-04,49.99,51.23,49.76,51.01,2337471,0.0
2019-02-05,51.26,52.6,50.75,52.5,2282730,0.0
2019-02-06,52.45,52.45,50.5401,51.39,1703505,0.0
2019-02-07,50.9,51.55,49.77,50.72,1833348,0.0
2019-02-08,50.05,51.935,49.55,51.7,991337,0.0
2019-02-11,51.51,52.2492,50.4,51.58,1059801,0.0
2019-02-12,52,52.84,51.81,52.58,2280887,0.0
2019-02-13,53.15,54.08,52.75,53.66,2731617,0.0
2019-02-14,53.5,53.6,52.56,53.41,2705203,0.0
2019-02-15,53.5,54.04,53.39,53.68,1379357,0.0
2019-02-19,53.78,54.86,53.4,54.25,1180420,0.0
2019-02-20,54.33,54.885,53.85,54.1,1234974,0.0
2019-02-21,54.11,54.49,53.64,53.83,869906,0.0
2019-02-22,54.06,54.29,53.61,53.96,1184810,0.0
2019-02-25,54.5,54.97,54.09,54.74,1493037,0.0
2019-02-26,54.5,55.25,54.29,55,2114215,0.0
2019-02-27,54.95,56.23,54.66,55.51,3101537,0.0
2019-02-28,55.2,55.685,54.47,55.15,1147158,0.0
2019-03-01,55.91,56.69,55.73,56.3,2051973,0.0
2019-03-04,56.77,56.89,54.4373,55.56,2934841,0.0
2019-03-05,55.55,56,53.81,55.74,1466540,0.0
2019-03-06,55.59,55.98,54.55,55.21,1276754,0.0
2019-03-07,55,56,54.8,55.5,1464029,0.0
2019-03-08,54.89,56.1,54.4201,56,1098326,0.0
2019-03-11,56.32,57.74,56.1057,57.15,2381708,0.0
2019-03-12,57.19,57.98,57.07,57.28,1880805,0.0
2019-03-13,57.5,57.89,57.0815,57.66,1643412,0.0
2019-03-14,57.71,59.14,57.59,58.82,3193520,0.0
2019-03-15,58,59.6204,56.35,56.49,6893804,0.0
2019-03-18,56.95,57.78,56.11,57.75,2409057,0.0
2019-03-19,56.81,57.25,55.54,56.68,4447780,0.0
2019-03-20,56.07,56.22,54.3,55.4,3218505,0.0
2019-03-21,54.93,57.23,54.57,57.11,2233351,0.0
2019-03-22,56.68,57.01,53.13,53.33,2794977,0.0
2019-03-25,53.01,53.84,52.07,52.56,1623828,0.0
2019-03-26,53.25,54.34,53.1,53.74,2182274,0.0
2019-03-27,53.56,53.66,51.38,51.88,1574326,0.0
2019-03-28,52,52.46,51.14,51.79,1176396,0.0
2019-03-29,52.07,52.49,51.32,51.8075,1484864,0.0
2019-04-01,52.45,52.6873,51.63,52.1,773577,0.0
2019-04-02,52.23,53.85,51.7635,53.72,1748413,0.0
2019-04-03,54,54.72,53.75,54.15,2257485,0.0
2019-04-04,54.32,54.35,52.2,53.37,1620446,0.0
2019-04-05,53.45,54.202,53.3,53.83,1450903,0.0
2019-04-08,53.67,54.19,53.03,53.81,1175808,0.0
2019-04-09,53.38,53.98,53.2,53.58,3085138,0.0
2019-04-10,53.8,56.86,53.79,55.949,2966770,0.0
2019-04-11,56.09,56.36,55.0078,55.35,1103971,0.0
2019-04-12,55.75,55.86,54.81,55.25,1117058,0.0
2019-04-15,55.36,56.65,55.16,55.42,2186292,0.0
2019-04-16,55.77,56.02,54.81,55.25,1140250,0.0
2019-04-17,55.45,55.49,52.09,53.19,2188220,0.0
2019-04-18,53.2,53.5,50.92,52.76,1865082,0.0
2019-04-22,52.74,54.3659,52.5,54.12,978388,0.0
2019-04-23,54.4,55.5508,54.2,55.28,1364179,0.0
2019-04-24,55.47,56.25,55.09,55.88,1058138,0.0
2019-04-25,56.21,57.64,55.9,57.04,2435552,0.0
2019-04-26,57.2,57.95,56.65,57.24,1474429,0.0
2019-04-29,57.61,58.37,57.03,57.67,1438848,0.0
2019-04-30,56.5,56.94,55.375,56.66,1840796,0.0
2019-05-01,57.1,57.42,55.8,55.8,1412828,0.0
2019-05-02,55.77,56.5009,54.04,54.85,1141733,0.0
2019-05-03,55.08,56.73,54.55,56.46,1588100,0.0
2019-05-06,54.92,56.72,54.21,55.85,1264304,0.0
2019-05-07,54.98,55.5,52.31,53.18,2163263,0.0
2019-05-08,53.22,53.98,52.69,53.61,1285361,0.0
2019-05-09,52.78,54,51.52,53.53,1258519,0.0
2019-05-10,53.05,53.8823,50.95,53.05,1233357,0.0
2019-05-13,51.42,51.77,50.03,50.43,1549912,0.0
2019-05-14,51,52.84,50.9,52.58,1894767,0.0
2019-05-15,52.29,53.9,52,53.66,1251840,0.0
2019-05-16,53.69,55.32,53.69,54.74,1330853,0.0
2019-05-17,54.22,54.84,53.55,53.59,879312,0.0
2019-05-20,52.77,53.69,51.9,53.13,982825,0.0
2019-05-21,53.81,54.94,53.81,54.78,1301163,0.0
2019-05-22,54.59,55.28,54.02,54.78,1850077,0.0
2019-05-23,53.98,54,52.52,53.2,1193523,0.0
2019-05-24,53.76,54.76,53.51,54.09,924509,0.0
2019-05-28,54.25,55.1,53.88,54.47,1247855,0.0
2019-05-29,53.96,54.82,52.775,54.43,1378688,0.0
2019-05-30,54.51,55.7,54.51,55.48,1389620,0.0
2019-05-31,54.3,56.42,54.0701,56.06,2493572,0.0
2019-06-03,56,56.1,50.25,50.56,4081566,0.0
2019-06-04,52.5,53,50.735,52.92,2059391,0.0
2019-06-05,53.64,53.94,51.89,53.36,2257641,0.0
2019-06-06,53.77,54.94,52.77,54.68,3430959,0.0
2019-06-07,47.6,49.23,45.675,48.16,19458237,0.0
2019-06-10,49.63,49.89,47.6,48.31,5471791,0.0
2019-06-11,48.58,48.9,47.32,47.9,3504837,0.0
2019-06-12,47.9,48.45,47.54,48.085,1501087,0.0
2019-06-13,48.45,48.49,47.61,48.29,3939853,0.0
2019-06-14,47.81,51,47.8,50.74,8097609,0.0
2019-06-17,50.9,53.3645,50.8,52.76,2841888,0.0
2019-06-18,53.19,54.2,52.66,53.5,2565340,0.0
2019-06-19,53.56,53.8799,52.125,53.1,1586406,0.0
2019-06-20,54,54.96,53.7,54.87,2425257,0.0
2019-06-21,54.25,54.87,52.65,52.81,2099673,0.0
2019-06-24,52.95,53.38,50.86,50.98,2225531,0.0
2019-06-25,50.95,51.57,49.73,49.81,1590429,0.0
2019-06-26,50.16,50.65,49.49,49.49,1440637,0.0
2019-06-27,49.65,51.14,49.55,50.68,2433030,0.0
2019-06-28,51.085,51.085,49.23,49.72,1792778,0.0
2019-07-01,50.53,51.16,49.52,50.65,1811405,0.0
2019-07-02,50.84,51.86,50.21,51.35,1710379,0.0
2019-07-03,51.44,51.8,50.65,51.65,1232043,0.0
2019-07-05,50.91,52.2,50.7,52.17,1266641,0.0
2019-07-08,52,52.235,51.33,51.635,1060066,0.0
2019-07-09,51.46,52.52,51.27,52,2158941,0.0
2019-07-10,52.34,53,51.34,51.35,1802758,0.0
2019-07-11,51.76,53.88,51.745,53.8,2233369,0.0
2019-07-12,53.85,53.9,52.5301,53.23,1127321,0.0
2019-07-15,53.5,54.17,52.9,54.06,748666,0.0
2019-07-16,54,54.09,53.32,53.57,881250,0.0
2019-07-17,54.28,54.3,52.39,52.76,1511054,0.0
2019-07-18,52.51,53.3,52.41,53.05,2633181,0.0
2019-07-19,53.49,53.49,52.16,52.42,1070458,0.0
2019-07-22,52.68,52.97,52.02,52.36,1356846,0.0
2019-07-23,52.51,53.23,52.21,52.94,755742,0.0
2019-07-24,52.67,54.53,52.53,54.35,1095381,0.0
2019-07-25,54.3,54.3,52.23,52.46,2227241,0.0
2019-07-26,52.81,54.78,52.67,54.69,2627224,0.0
2019-07-29,54.68,54.694,52.36,53.92,1187826,0.0
2019-07-30,53.55,54.41,53.18,54.17,1108953,0.0
2019-07-31,54.17,54.2,51.3,51.72,1821675,0.0
2019-08-01,51.73,53,49.52,49.94,2000596,0.0
2019-08-02,49.86,49.93,48.25,48.79,1325813,0.0
2019-08-05,47,47.33,43.93,44.675,4279050,0.0
2019-08-06,45.59,46.275,44.12,44.59,2724046,0.0
2019-08-07,44,45.39,43.25,45.02,2169641,0.0
2019-08-08,45.83,46.45,44.11,46.33,2830561,0.0
2019-08-09,45.92,46.53,44.63,45.31,1642012,0.0
2019-08-12,44.88,45.1,43.9,44.19,1342396,0.0
2019-08-13,44,45.92,43.75,45.62,1164063,0.0
2019-08-14,44.23,44.4691,43.13,43.91,1544181,0.0
2019-08-15,44.27,44.61,43.61,44.13,2009837,0.0
2019-08-16,44.93,45.58,44.64,44.78,1335255,0.0
2019-08-19,45.61,45.99,44.325,44.57,1764198,0.0
2019-08-20,44.36,44.95,43.735,44.57,1491062,0.0
2019-08-21,45,45.88,44.66,44.99,1118450,0.0
2019-08-22,45.34,45.34,44.22,44.75,1053246,0.0
2019-08-23,44.66,45.24,43.77,44.01,1156289,0.0
2019-08-26,44.63,45.34,43.91,45.24,959250,0.0
2019-08-27,45.67,45.67,44.17,44.76,1118257,0.0
2019-08-28,44.45,45.57,44.08,45.46,1179259,0.0
2019-08-29,45.91,46.63,45.68,46.45,1162957,0.0
2019-08-30,46.9,46.98,45.83,46.69,1500929,0.0
2019-09-03,46.57,47.35,46.09,46.58,2103656,0.0
2019-09-04,47.2,47.755,46.42,46.85,2017042,0.0
2019-09-05,47.48,47.49,45.52,46.24,5187764,0.0
2019-09-06,55.7,57.3,54.1,56.28,24598825,0.0
2019-09-09,56,59.74,55.6,58.56,8865201,0.0
2019-09-10,56.23,60.8025,55.8,59.93,7836676,0.0
2019-09-11,59.5,63.45,59.1776,63.33,5080763,0.0
2019-09-12,62.97,64.18,62.3,62.93,4646192,0.0
2019-09-13,62.99,63.99,62.41,62.49,3041735,0.0
2019-09-16,61.05,62.8505,59.99,61.83,4109046,0.0
2019-09-17,61.16,62.115,61.04,61.91,2953884,0.0
2019-09-18,61.85,63.83,61.5,63.25,2965036,0.0
2019-09-19,63.13,63.6251,62.6,63.38,2437600,0.0
2019-09-20,63.72,65.07,63.51,64.81,3871617,0.0
2019-09-23,64.51,64.78,63.8,64.48,2849401,0.0
2019-09-24,64.7,64.78,61.375,61.69,3713679,0.0
2019-09-25,61.74,62.8599,60.61,62.5848,2561824,0.0
2019-09-26,62.31,62.7,61.54,62.34,1628493,0.0
2019-09-27,62.71,62.89,60.13,60.63,2168459,0.0
2019-09-30,60.62,62.22,59.58,61.95,2071504,0.0
2019-10-01,62.03,62.24,60.65,60.84,2258438,0.0
2019-10-02,60.8,61.0377,59.77,60.79,2601427,0.0
2019-10-03,61.45,63,60.38,62.22,4554097,0.0
2019-10-04,62.46,63.38,61.93,62.39,4924154,0.0
2019-10-07,62.57,65.6,62.08,65.02,9333505,0.0
2019-10-08,64.4,65.365,63.06,64.62,6561032,0.0
2019-10-09,65.26,67.61,64.7,67.05,8423255,0.0
2019-10-10,66.81,67.77,66.51,67.17,5024748,0.0
2019-10-11,67.8,68.11,65.61,66.53,5074235,0.0
2019-10-14,66.73,67.77,66.62,67.13,2478254,0.0
2019-10-15,67.64,67.94,66.85,66.99,3095465,0.0
2019-10-16,67.17,68.17,65.85,67.05,4216350,0.0
2019-10-17,67.15,67.6248,66.15,66.72,2761525,0.0
2019-10-18,66.55,66.88,61.68,64.52,6951439,0.0
2019-10-21,64.99,66.32,64.63,66.06,1676074,0.0
2019-10-22,66.11,66.37,62.94,63.16,1978087,0.0
2019-10-23,62.96,64.89,62.06,62.82,1697724,0.0
2019-10-24,63.71,65.22,63.37,64.88,1433575,0.0
2019-10-25,64.62,66.11,64.2001,65.3916,843446,0.0
2019-10-28,65.67,66.87,65.59,66.34,1012230,0.0
2019-10-29,66.19,67.1,65.83,66.38,977254,0.0
2019-10-30,66.63,66.9,65.24,66.79,970686,0.0
2019-10-31,66.77,66.77,64.97,66.2,1008559,0.0
2019-11-01,66.78,68,65.78,66.92,1223462,0.0
2019-11-04,68,69.89,67.62,68.45,2918496,0.0
2019-11-05,68.61,68.84,65.91,66,2100620,0.0
2019-11-06,66.28,66.31,64.25,66.01,1447532,0.0
2019-11-07,66.25,67.35,65.32,65.34,1027388,0.0
2019-11-08,65.47,66.79,65.0054,66.77,1270153,0.0
2019-11-11,66.65,68.47,66.5401,67.24,1273969,0.0
2019-11-12,67.48,67.767,66.3601,66.97,1085108,0.0
2019-11-13,66.69,68.03,66.4484,67.81,1018547,0.0
2019-11-14,68,68.6,67.4,67.75,816200,0.0
2019-11-15,67.9,68.47,67.08,67.76,1062805,0.0
2019-11-18,67.48,67.7495,66.24,66.62,1592339,0.0
2019-11-19,66.92,67.15,65.828,66.57,2257390,0.0
2019-11-20,66.54,68.3,66.4,67.88,1664598,0.0
2019-11-21,69.29,71.5,69.1978,69.94,3402232,0.0
2019-11-22,70.3,71.31,69.29,71.18,1868475,0.0
2019-11-25,71.63,73.22,71.26,71.51,2260370,0.0
2019-11-26,71.75,72.61,70.7301,72.31,1492798,0.0
2019-11-27,72.16,72.69,71.18,71.63,902245,0.0
2019-11-29,71.44,71.97,70.88,71.22,551529,0.0
2019-12-02,72.44,72.5,68.3674,69.89,2062720,0.0
2019-12-03,67.69,70.87,66.97,70.7338,1795629,0.0
2019-12-04,71.01,71.9,69.1,70.0095,2109743,0.0
2019-12-05,70.2,70.4657,68.95,69.49,2767179,0.0
2019-12-06,74.94,75.85,71.0604,75.58,9672494,0.0
2019-12-09,75.51,76.28,73.9,75.47,2633150,0.0
2019-12-10,75.3,75.3761,71.79,72.79,2710940,0.0
2019-12-11,72.85,72.96,71.2,72.45,1820819,0.0
2019-12-12,72.76,72.8304,71.438,71.97,1347280,0.0
2019-12-13,71.78,73.95,71.78,73.76,2176276,0.0
2019-12-16,74.0935,74.83,73.23,73.68,1302556,0.0
2019-12-17,73.64,73.97,72.71,73.64,1213579,0.0
2019-12-18,73.35,75.06,73.08,73.55,1127856,0.0
2019-12-19,73.41,74.45,73.17,73.38,805930,0.0
2019-12-20,74.21,74.25,73.06,74.17,915422,0.0
2019-12-23,74.01,74.4,73.16,73.33,824412,0.0
2019-12-24,73.2,73.87,72.86,73.7,355996,0.0
2019-12-26,73.8,75.02,73.5,74.5,928098,0.0
2019-12-27,74.51,74.98,73.55,74.37,854895,0.0
2019-12-30,74.13,74.4999,72.2,73.71,1178405,0.0
2019-12-31,73.67,74.29,73.14,74.12,686376,0.0
2020-01-02,74.31,76.83,74.11,75.9,2001466,0.0
2020-01-03,74.87,75.8099,73.68,75.54,1152066,0.0
2020-01-06,74.38,75.46,73.72,75.31,1378273,0.0
2020-01-07,75.67,75.67,74.01,75.2,1880649,0.0
2020-01-08,75.13,76.9,74.81,76.27,3280371,0.0
2020-01-09,76.49,77.01,75.53,75.7577,1718320,0.0
2020-01-10,75.55,75.85,74.36,74.84,1557114,0.0
2020-01-13,73.69,74.83,72.813,74.15,1285648,0.0
2020-01-14,73.96,74.36,71.68,72.83,2023394,0.0
2020-01-15,73,75.14,72.72,73.05,1438390,0.0
2020-01-16,73.2,74.09,72.63,73.08,1105145,0.0
2020-01-17,73.43,73.71,72.265,72.49,1867323,0.0
2020-01-21,72.35,74.83,72.04,73.13,2376534,0.0
2020-01-22,73.7,75.19,73.7,74.43,2098298,0.0
2020-01-23,74.61,74.735,73.15,74.33,2180520,0.0
2020-01-24,74.72,75.98,73.09,74.21,2663488,0.0
2020-01-27,72.41,73.29,70.55,72.74,1482495,0.0
2020-01-28,73.06,75.2,72.7806,74.93,1068910,0.0
2020-01-29,75.3,77.77,74.9299,76.95,2312907,0.0
2020-01-30,76.7,79.26,76.27,79.12,2222943,0.0
2020-01-31,78.83,80.26,77.16,78.51,2231853,0.0
2020-02-03,79.1,80.74,79.08,80.54,1447073,0.0
2020-02-04,81.46,83.2,80.4613,81.99,2085573,0.0
2020-02-05,82.91,83.3,79.93,80.72,1497253,0.0
2020-02-06,80.7,82,80.59,81.46,790841,0.0
2020-02-07,81.44,84.0399,80.89,83.16,1335425,0.0
2020-02-10,82.95,85.08,82.87,84.61,1314220,0.0
2020-02-11,84.86,85.98,84.26,85.32,992087,0.0
2020-02-12,87.18,87.41,84.24,87.34,1526397,0.0
2020-02-13,87.11,88.48,86.92,88.02,1099124,0.0
2020-02-14,88.43,89.6,88,89.43,1090086,0.0
2020-02-18,88.83,91.02,88.5,90.74,1103887,0.0
2020-02-19,91.68,92.55,90.86,91.52,988365,0.0
2020-02-20,91.78,92.52,87.51,90.24,1673427,0.0
2020-02-21,89.99,91.11,87.08,88.73,1747481,0.0
2020-02-24,83.61,86.995,80.14,86.46,2079146,0.0
2020-02-25,87.39,88.09,82.67,83,1786544,0.0
2020-02-26,83.12,86.46,82.83,83.58,1455163,0.0
2020-02-27,80.19,86.44,76.1801,83.23,2648495,0.0
2020-02-28,80.11,86.88,79.89,86.31,2764765,0.0
2020-03-02,87.39,88.5447,84.81,87.97,2365097,0.0
2020-03-03,87.77,88.37,83.5,85.81,1888733,0.0
2020-03-04,87.48,89.55,85.87,89.55,1671781,0.0
2020-03-05,88.07,90.7348,87.66,88.6,2662203,0.0
2020-03-06,87.1,87.78,81.25,84.02,2469342,0.0
2020-03-09,77.18,80.97,75.255,77.29,2980831,0.0
2020-03-10,80,80,75.3,79.92,4607324,0.0
2020-03-11,78.54,80.35,74.06,75,5165312,0.0
2020-03-12,68.3535,71.7,64.88,68.11,4160687,0.0
2020-03-13,75.02,79.5899,70.02,77.37,5866278,0.0
2020-03-16,68.88,85.75,66.12,72.31,13892320,0.0
2020-03-17,73.07,75.6317,68.52,70.885,4945462,0.0
2020-03-18,67,77.19,65.61,76.03,3891755,0.0
2020-03-19,76.53,83.46,74.52,75.9,10984396,0.0
2020-03-20,77,82.06,75.305,79.71,4625292,0.0
2020-03-23,80.01,87,79.59,83.43,4574656,0.0
2020-03-24,87.99,88.27,84.06,84.66,4587871,0.0
2020-03-25,85,86.7,80.25,81.19,5161274,0.0
2020-03-26,82.02,84.8199,81.2706,83.6,2936721,0.0
2020-03-27,83.06,83.09,79.74,82.57,5214054,0.0
2020-03-30,83.98,89.2897,83.2,88.07,4781245,0.0
2020-03-31,88.08,98.38,87.92,92.45,12481798,0.0
2020-04-01,90.82,95.6299,88.75,92.1,4337362,0.0
2020-04-02,92.45,93.9495,82.6085,84.03,9501454,0.0
2020-04-03,84.26,85.93,78.72,79,5612541,0.0
2020-04-06,81.63,90.48,80.55,90.01,5188451,0.0
2020-04-07,90.91,91.96,86.01,87.75,2894426,0.0
2020-04-08,89.28,90.6499,85.84,88.36,4472136,0.0
2020-04-09,89,91.38,86.13,90.63,3192108,0.0
2020-04-13,91.44,94.96,90.04,93.9746,3108346,0.0
2020-04-14,95.69,99.65,95.04,98.46,7510094,0.0
2020-04-15,97.93,101.5,95.92,100.52,8271860,0.0
2020-04-16,102.9,105.15,99.01,100.67,12016288,0.0
2020-04-17,99.43,102.0676,96.79,100.26,7933905,0.0
2020-04-20,101.37,103.45,100.6,101.78,6952668,0.0
2020-04-21,102.25,103.0629,96.55,99.33,7691025,0.0
2020-04-22,100.71,102.48,98.25,101.662,3724488,0.0
2020-04-23,101.83,104.3,100.5,102.19,5838967,0.0
2020-04-24,103.25,105.4398,100.115,105.07,8044222,0.0
2020-04-27,106.71,109.45,106.2,108.26,8843826,0.0
2020-04-28,109.52,111.36,103.3,103.99,5629449,0.0
2020-04-29,103.42,105.42,100.71,103.435,6055980,0.0
2020-04-30,103.59,107.85,103.294,104.53,3820940,0.0
2020-05-01,103.19,105.479,101.88,103.52,1364468,0.0
2020-05-04,103.43,108.96,103.16,107.07,1767854,0.0
2020-05-05,109,111.76,107.36,109.35,3847446,0.0
2020-05-06,110.88,116,110.88,115.57,2796580,0.0
2020-05-07,117.38,119.5375,115.11,117.69,5159432,0.0
2020-05-08,118.48,120.9,115.66,116.55,6064732,0.0
2020-05-11,117.68,121.84,117.5,120.66,6254696,0.0
2020-05-12,122,123.79,118.12,120.26,4777472,0.0
2020-05-13,121.11,124.28,115.57,119.05,3409339,0.0
2020-05-14,118.3,123.49,117.11,122,2949347,0.0
2020-05-15,121.75,126.28,121.47,125.88,4564224,0.0
2020-05-18,126.78,128.46,121.61,122.92,7405248,0.0
2020-05-19,124.14,130.36,123.39,127.17,2823041,0.0
2020-05-20,130,134.74,127.33,128.76,4139899,0.0
2020-05-21,132,136.29,131.08,132.85,9055182,0.0
2020-05-22,136.17,136.18,131.64,132.96,5359602,0.0
2020-05-26,136.01,136.04,126.5,128.97,4313144,0.0
2020-05-27,126.65,127.46,118.21,126.35,8533762,0.0
2020-05-28,126.75,132.13,126.54,127.78,3636163,0.0
2020-05-29,130.03,141.43,129.9,139.85,4683341,0.0
2020-06-01,142.35,150.58,140.4487,147.12,13152038,0.0
2020-06-02,151.97,152,141.03,147.78,12063306,0.0
2020-06-03,146.86,150.57,145.22,147.45,8557340,0.0
2020-06-04,147.75,148.64,138.54,139.975,6951953,0.0
2020-06-05,139.82,144.95,131.26,139.65,7904768,0.0
2020-06-08,136.99,147.07,135.42,146.57,9148062,0.0
2020-06-09,145.41,146.05,140.34,141.92,7350708,0.0
2020-06-10,144.5,149.94,143.66,148.03,3994287,0.0
2020-06-11,145,154,144.29,148.87,10167402,0.0
2020-06-12,152.06,155.14,150.5,150.54,1294459,0.0
2020-06-15,154.88,163.7,152.8632,162.69,15025035,0.0
2020-06-16,164.94,165.08,158.1837,163.06,10129585,0.0
2020-06-17,164.27,167.868,160.93,161.58,8063167,0.0
2020-06-18,161.71,163.6,160.41,162.3,8262116,0.0
2020-06-19,163.07,165,160,161.04,5886104,0.0
2020-06-22,164.33,169.85,163.49,168.4,3753265,0.0
2020-06-23,170.34,171.2,165.39,167.12,3701772,0.0
2020-06-24,167.41,172.21,163.73,163.9,5350737,0.0
2020-06-25,165,169.8,161.63,168.47,3031559,0.0
2020-06-26,168.77,180.4508,164.22,177.58,6184178,0.0
2020-06-29,176.24,177,166.6131,171.61,4943732,0.0
2020-06-30,172.3583,174.48,169.77,172.1,2812059,0.0
2020-07-01,171.25,180.3799,170.8001,179.06,3439258,0.0
2020-07-02,181,199.49,178.515,190.99,12988223,0.0
2020-07-06,196.45,199.45,190,190.66,5971162,0.0
2020-07-07,191.39,202.65,189.5852,197.79,5765779,0.0
2020-07-08,200.97,206.55,200.2801,206.34,5688305,0.0
2020-07-09,211.5,217,206.59,212.42,9869056,0.0
2020-07-10,212.53,213.4,204.15,210.1,4640760,0.0
2020-07-13,211.51,211.839,185.14,190.0198,9046782,0.0
2020-07-14,191,196.93,181.5,196.2601,7014266,0.0
2020-07-15,193.93,195.2,188.34,192.83,5188743,0.0
2020-07-16,190,193.5,186.202,191.72,3643132,0.0
2020-07-17,191.1,196.84,188.66,196.49,2932994,0.0
2020-07-20,197.9,202.91,196.58,201.99,4181342,0.0
2020-07-21,203.82,204.87,198.2917,201.1,3730600,0.0
2020-07-22,201.37,204.5,199.33,204,2680837,0.0
2020-07-23,204,208.8,196.61,198.5,3197875,0.0
2020-07-24,188.825,194.74,187.9085,190.95,3008336,0.0
2020-07-27,191.65,197.8,188.71,196.31,2245638,0.0
2020-07-28,196.27,202.11,195.14,196.69,2394701,0.0
2020-07-29,198.6,210.48,198.6,209.15,4315503,0.0
2020-07-30,206.11,215,205,213.94,4120578,0.0
2020-07-31,216.88,217.7,210.3464,216.82,2858325,0.0
2020-08-03,218.72,227.3299,218.33,226.23,3123502,0.0
2020-08-04,225.2,229.41,221.24,227.68,2256510,0.0
2020-08-05,227.68,229.83,225.06,226.04,1751573,0.0
2020-08-06,226.75,228.5,212.06,215.74,4322288,0.0
2020-08-07,215.19,215.42,199.17,204.8,5490563,0.0
2020-08-10,206.36,207.5965,193.6,198.38,4797435,0.0
2020-08-11,197.51,199.84,191.38,191.54,3605718,0.0
2020-08-12,192.65,196.88,189.12,193.26,4221197,0.0
2020-08-13,194.22,203.85,193.62,199.33,3383361,0.0
2020-08-14,201.355,204.46,197.21,199.67,1867017,0.0
2020-08-17,202.24,209.83,199.71,207.75,2349812,0.0
2020-08-18,213.49,213.53,207.6881,209.48,2392882,0.0
2020-08-19,209.91,212.17,205.33,208.43,1669637,0.0
2020-08-20,207.49,215.5,206.27,214.48,1993081,0.0
2020-08-21,214.42,216.4,209.17,210.2,2833365,0.0
2020-08-24,204.95,207.25,201.5544,204.48,1790708,0.0
2020-08-25,203.46,205.5,199.01,205.01,2040030,0.0
2020-08-26,209.01,218.42,207.34,214.36,3454924,0.0
2020-08-27,214.15,217.9,209.155,214.78,2311702,0.0
2020-08-28,218.05,223.825,215.1,215.12,3304445,0.0
2020-08-31,218.6693,224.14,215.515,222.88,3218583,0.0
2020-09-01,240.68,271.44,237,268.79,19649274,0.0
2020-09-02,282.72,290.23,251.12,265,23991539,0.0
2020-09-03,248.61,251.9,225.1621,242.09,28245052,0.0
2020-09-04,233.7702,234.94,205.25,216.2531,26353249,0.0
2020-09-08,206.05,214.14,202.42,205.63,11160336,0.0
2020-09-09,210.2,216.2499,205.6501,211.79,10719959,0.0
2020-09-10,212.49,217.25,203.5259,205.86,4873815,0.0
2020-09-11,207.844,208.66,193.66,197.94,7399659,0.0
2020-09-14,200.46,204.9215,196.64,202.94,4223171,0.0
2020-09-15,206.02,207,199.29,202.02,4158874,0.0
2020-09-16,200.43,203.52,195.01,197.05,4789019,0.0
2020-09-17,190.52,195.2354,187.21,193.39,5170520,0.0
2020-09-18,195.38,195.7409,188.06,194.96,5083030,0.0
2020-09-21,190.34,205.1,189.2539,204.96,6120410,0.0
2020-09-22,207.56,212.49,200.75,212.13,5069406,0.0
2020-09-23,210.51,219.28,207.335,211.73,6742346,0.0
2020-09-24,208.51,209.55,199.33,203.85,4810410,0.0
2020-09-25,206.44,213.11,204.66,212.2,3225909,0.0
2020-09-28,213.12,216.7996,209.93,213.18,3241231,0.0
2020-09-29,214.16,217.02,211.805,212.995,2988890,0.0
2020-09-30,212,218.43,210.11,214.99,3343575,0.0
2020-10-01,218.8,224.2299,218.25,222.21,4524550,0.0
2020-10-02,218.9965,227.2,217.7,218.27,4582549,0.0
2020-10-05,228.05,236.3699,223.82,225.92,7168397,0.0
2020-10-06,228,228.3,218.55,221.2,4250586,0.0
2020-10-07,224.52,226.85,221.89,224.06,2777348,0.0
2020-10-08,226.3,226.9,218.12,220.25,3847960,0.0
2020-10-09,222.9,228.86,221.34,225.6,3162048,0.0
2020-10-12,229.5,234,228.29,231.78,3217907,0.0
2020-10-13,235.24,240,234,238.051,2735794,0.0
2020-10-14,244.99,246.8,233,237.09,4698639,0.0
2020-10-15,232.1,240.97,230.65,240.33,2877100,0.0
2020-10-16,242.29,243.705,234.16,234.73,2396347,0.0
2020-10-19,237.07,238.47,227.5601,228.4,2499827,0.0
2020-10-20,229.56,231.69,227.1,227.82,1949573,0.0
2020-10-21,228.17,232,217.72,217.9,1979148,0.0
2020-10-22,220,221.02,211,214.69,3187236,0.0
2020-10-23,215.38,219.97,211.28,219.85,2012046,0.0
2020-10-26,218,227.28,215.63,220.2103,2527863,0.0
2020-10-27,224.445,225.24,219.19,222.18,1658707,0.0
2020-10-28,220.52,222.8,215.12,218.13,1883758,0.0
2020-10-29,221.65,223.9,213.47,213.56,1859982,0.0
2020-10-30,210.5,210.91,200.23,202.17,3639568,0.0
2020-11-02,204.21,204.6485,196.01,201.28,3067138,0.0
2020-11-03,201.05,209.1418,199.57,208.43,2074246,0.0
2020-11-04,217.99,235.34,217.7002,235.01,5064434,0.0
2020-11-05,236.6,246,232.7,236.93,3984000,0.0
2020-11-06,234.09,235.65,227,231.61,2173539,0.0
2020-11-09,216.0144,216.0144,197.2,197.6,10869802,0.0
2020-11-10,201.84,203.885,185.3589,198.33,8207489,0.0
2020-11-11,202.37,209.3899,200.1222,208.62,3364194,0.0
2020-11-12,211,214.5,209.09,212.64,2693381,0.0
2020-11-13,212.61,213.25,204,205.305,2348461,0.0
2020-11-16,200.68,207.89,199.68,207.41,1483014,0.0
2020-11-17,210,214.18,207.92,212.03,1804618,0.0
2020-11-18,212.3916,216.7994,209,214.32,2524321,0.0
2020-11-19,214.15,222.85,214.15,219.82,2263896,0.0
2020-11-20,220.6,226.39,219.12,221.31,2216048,0.0
2020-11-23,220.26,221.37,213.56,216.97,2234750,0.0
2020-11-24,215,217.7,212.5,217.12,2115287,0.0
2020-11-25,218.44,224.54,218.27,224.28,1728075,0.0
2020-11-27,226.52,226.9099,221.2101,226.87,1646424,0.0
2020-11-30,228.32,233.88,218.95,227.98,3240278,0.0
2020-12-01,222,223,210.96,215.615,4942804,0.0
2020-12-02,213.3405,219.9,209.11,217.48,2875267,0.0
2020-12-03,221.68,236.24,218.754,231.01,8380147,0.0
2020-12-04,244.8312,256,240.2,243.08,18323044,0.0
2020-12-07,241,241.81,232.27,232.57,5737014,0.0
2020-12-08,235.22,237.5,228.6639,234.82,4057977,0.0
2020-12-09,232.1,234,219.71,220.887,4512116,0.0
2020-12-10,217.33,227.5,216,222.7,2660127,0.0
2020-12-11,223,228.205,220.93,225.5,2361072,0.0
2020-12-14,224.85,228.7899,222.7,228.34,2245416,0.0
2020-12-15,229.535,237.74,228.195,233.75,3191894,0.0
2020-12-16,234.2942,239.7,233.26,237.08,1999561,0.0
2020-12-17,238.95,247.74,238.07,247,3423796,0.0
2020-12-18,248.43,249.25,238.51,241.05,2800456,0.0
2020-12-21,242.89,249.9,239.41,247.98,2849370,0.0
2020-12-22,250,252.79,243.8,251.5,2825306,0.0
2020-12-23,252,252.48,242.6121,244.18,1941913,0.0
2020-12-24,245,250.3001,243.5,244.81,974891,0.0
2020-12-28,245.19,246.88,228.37,229.2,3199700,0.0
2020-12-29,232.97,233.14,226.8,227.96,2508626,0.0
2020-12-30,229,230.14,224.3,225.9,1988834,0.0
2020-12-31,225.3,225.99,220.6,222.39,2096610,0.0
2021-01-04,222.39,224.625,216.5,222.3,2507409,0.0
2021-01-05,226.94,233.8,224.03,228.5,4110325,0.0
2021-01-06,222.88,228.2932,218.55,223.73,2603320,0.0
2021-01-07,228.54,239.79,227.9,239.03,3828510,0.0
2021-01-08,241.6,246.39,240.78,244.54,3118621,0.0
2021-01-11,241,244.98,237.18,240.96,1241546,0.0
2021-01-12,245.57,263,245.42,262.65,6988082,0.0
2021-01-13,260,262.31,252.9178,255.85,4205545,0.0
2021-01-14,256.88,258.27,247.77,250.4,2567139,0.0
2021-01-15,251.35,256.44,246.8897,249.24,2169612,0.0
2021-01-19,251.8,260.38,251.64,256.57,2869673,0.0
2021-01-20,260.82,262.4699,253.695,255.37,2497999,0.0
2021-01-21,257.68,257.68,251.65,253.94,1368317,0.0
2021-01-22,253.02,257.125,250.88,255.15,1384550,0.0
2021-01-25,257.91,260,236.68,244.62,3993268,0.0
2021-01-26,244.4,245.98,233.7,235.11,2637092,0.0
2021-01-27,232.3517,232.8499,222.66,225.32,3634274,0.0
2021-01-28,231.2,237.8697,228,234.22,2764053,0.0
2021-01-29,233.15,235.64,228.025,233.06,1749989,0.0
2021-02-01,233.25,234.47,224.67,230.19,3088391,0.0
2021-02-02,234.49,242.08,232.5,240.06,2826352,0.0
2021-02-03,243.45,243.5497,235.15,236.75,1778661,0.0
2021-02-04,238.5,247,236.62,246.21,2665566,0.0
2021-02-05,246.6628,250.9999,244.77,250.4,2237074,0.0
2021-02-08,252.3076,256.2,247.7992,248.95,1934256,0.0
2021-02-09,249.92,256.958,249.01,255.89,1915315,0.0
2021-02-10,257.54,261.755,250.48,255.25,2161015,0.0
2021-02-11,257.76,259.0375,253.81,256.41,1297105,0.0
2021-02-12,255.45,263.49,251.7417,263.32,2035049,0.0
2021-02-16,262.95,275.46,259.51,264.83,4225991,0.0
2021-02-17,259.3177,262.21,248.8,254.79,2288957,0.0
2021-02-18,252.48,263.45,248.69,260.98,1846251,0.0
2021-02-19,262.27,269.91,262.0425,264.92,2013755,0.0
2021-02-22,258.22,259.58,240.22,243.5,4489294,0.0
2021-02-23,231.22,245.2,222.22,243.57,4242918,0.0
2021-02-24,240.64,243,234.46,239.65,3331848,0.0
2021-02-25,239.37,242.49,223.7017,225.841,4419822,0.0
2021-02-26,225,228.5599,219.15,226.69,7025393,0.0
2021-03-01,233.37,240.93,229.37,238.56,4922908,0.0
2021-03-02,245.2491,246.11,231.4,232.76,2893275,0.0
2021-03-03,232.09,232.59,216.16,219.87,3491942,0.0
2021-03-04,219.26,223.98,205.7638,210.62,4898999,0.0
2021-03-05,212.51,213.29,188.9101,204.31,6663379,0.0
2021-03-08,203.54,208.47,191.59,192.84,3743331,0.0
2021-03-09,203.47,214.53,201.8851,213.23,4000885,0.0
2021-03-10,219.84,221.65,210.1,212.66,3007321,0.0
2021-03-11,220.99,226.3,215.57,225.05,4098665,0.0
2021-03-12,215.9,216.86,207.69,210.5,8913612,0.0
2021-03-15,209.76,220.48,209.76,220.18,3684176,0.0
2021-03-16,221.68,224.53,210.16,211.31,3043762,0.0
2021-03-17,208.06,215.7,204.8941,213.22,2799744,0.0
2021-03-18,209,209.16,204.45,204.801,3143361,0.0
2021-03-19,204.8,207.51,199.5501,205.68,2671983,0.0
2021-03-22,205.36,208.75,203.72,207.41,2227584,0.0
2021-03-23,208,209.8,206.11,207.91,1504472,0.0
2021-03-24,209,209,198.02,198.57,2677306,0.0
2021-03-25,193.91,202.8,192.5,200.37,3238614,0.0
2021-03-26,201,204.44,195.114,201.96,1798665,0.0
2021-03-29,201.8843,202.61,193.4,197.3,1863453,0.0
2021-03-30,194.11,198.01,192.02,196.8,2076598,0.0
2021-03-31,199.76,204.82,197.39,202.46,1821615,0.0
2021-04-01,205.3,210.49,205.29,206.26,2080211,0.0
2021-04-05,208.26,208.38,202.3,205.66,1445528,0.0
2021-04-06,205.2726,209.48,203.35,205.63,1747715,0.0
2021-04-07,206,208.5157,204.3,205.78,1444064,0.0
2021-04-08,209.4,213.29,208.3101,212.328,2599774,0.0
2021-04-09,210.96,213.35,207.62,212.98,1994028,0.0
2021-04-12,210.01,215.6596,209.22,213.38,1454479,0.0
2021-04-13,216.87,229.21,216.4,223.65,4106886,0.0
2021-04-14,225.5727,227.58,223.64,225.36,4529215,0.0
2021-04-15,228.75,233.69,226.8,233.49,2620763,0.0
2021-04-16,232.88,234,228.55,231.93,1759487,0.0
2021-04-19,229.47,231.63,222.1,223.25,1710681,0.0
2021-04-20,222.99,225.86,218.39,219.43,1281104,0.0
2021-04-21,218.02,220.7786,215.51,219.13,1495193,0.0
2021-04-22,218.95,227.99,218.93,221.89,1944006,0.0
2021-04-23,222.51,226.88,222.51,224.79,1262015,0.0
2021-04-26,225.18,234.44,223.6813,234.38,2043781,0.0
2021-04-27,234.12,234.73,228.5,229.99,1243151,0.0
2021-04-28,228.1,236.1065,227.1639,232.31,1468838,0.0
2021-04-29,232.9,232.89,221.5,224.58,1458090,0.0
2021-04-30,221.46,228.36,220.62,222.91,1097560,0.0
2021-05-03,224.03,224.03,213.79,215.19,1704744,0.0
2021-05-04,211.47,212.98,202.45,204.34,4409657,0.0
2021-05-05,205.97,205.97,195.43,196.47,3486669,0.0
2021-05-06,195.57,196.46,187.59,193.64,4373871,0.0
2021-05-07,195.99,201.5,194.33,195.21,3011767,0.0
2021-05-10,194.01,194.7027,189.14,190,2109437,0.0
2021-05-11,181.73,196.72,180.55,195.98,3537967,0.0
2021-05-12,191.09,192.79,184.595,187.82,2377396,0.0
2021-05-13,190.47,191.6,179.49,180.16,3506079,0.0
2021-05-14,181.91,187.5075,181.22,187.07,1836131,0.0
2021-05-17,186.23,188,182.455,186.51,1257779,0.0
2021-05-18,187.03,192.58,186.205,188.89,1872366,0.0
2021-05-19,184.42,189.9,183.09,189.5,1546420,0.0
2021-05-20,191,197.4099,189.52,195.44,1983884,0.0
2021-05-21,197.69,199.2965,192.93,193.82,1912635,0.0
2021-05-24,195.98,198.37,194.57,195.54,1460048,0.0
2021-05-25,196.49,196.88,193.49,195.7,1442290,0.0
2021-05-26,197.43,199.78,196.43,197.32,1502121,0.0
2021-05-27,196.57,200.3499,192.4619,199.32,1678647,0.0
2021-05-28,200.82,204.29,200,201.62,1663836,0.0
2021-06-01,202.57,203.0813,196.71,200.51,1599316,0.0
2021-06-02,201.03,202.87,198.7717,200.58,1165979,0.0
2021-06-03,197.85,198.46,193.66,194.75,2289807,0.0
2021-06-04,209.935,234.89,209.935,233.24,17700285,0.0
2021-06-07,231.44,244.65,230.735,240.89,9528713,0.0
2021-06-08,239.84,246.8,239.63,242.38,4183002,0.0
2021-06-09,241,242.88,237.37,237.75,2898718,0.0
2021-06-10,237.12,243.49,235.11,243.07,2891423,0.0
2021-06-11,243.9,253.14,242.48,253.14,3707981,0.0
2021-06-14,253.01,261,250.58,257.25,4240792,0.0
2021-06-15,254,254.5,247.8701,250.59,2674052,0.0
2021-06-16,250.06,255.8,248.05,253.2,2526920,0.0
2021-06-17,249.96,261.4889,249,260.79,3133133,0.0
2021-06-18,261.72,275.8399,261.19,274.47,4990123,0.0
2021-06-21,268.81,273.8899,265.5,270.3,2373720,0.0
2021-06-22,269.99,279.055,269,277.4,2943617,0.0
2021-06-23,277.3,279.9,273.03,274.8,1785960,0.0
2021-06-24,276.53,282.545,275.64,276.73,2021378,0.0
2021-06-25,277.16,279.42,274.6,279.2,1573247,0.0
2021-06-28,279.1021,285.3499,279.1021,284.13,1612577,0.0
2021-06-29,282.58,284.99,279.5,284.48,1903779,0.0
2021-06-30,282.98,286.51,279.345,279.53,1461247,0.0
2021-07-01,278.77,280.63,275.14,277.96,1188192,0.0
2021-07-02,279.3,283,277.21,279.03,1123833,0.0
2021-07-06,279.59,293.61,277.16,288.28,3165997,0.0
2021-07-07,292.07,293.65,285.6101,288.92,2948406,0.0
2021-07-08,280.73,291.89,279.5,288.74,2193009,0.0
2021-07-09,287.75,290,285.05,288.02,1310286,0.0
2021-07-12,290.84,298.7499,287.535,289.6,1205889,0.0
