Date,Open,High,Low,Close,Volume,OpenInterest
2020-12-04,343.52,349.96,338.16,348.21,921965,0.0
2020-12-07,350.74,353.827,335.935,337.4,736758,0.0
2020-12-08,338.45,348.28,333.33,348.17,805816,0.0
2020-12-09,347.81,349.5,329.6,333.01,1443996,0.0
2020-12-10,332,349.4294,330.09,347.19,1288966,0.0
2020-12-11,342.45,351.5,341.735,347.87,1009052,0.0
2020-12-14,349.15,358.94,348.035,353.58,1411810,0.0
2020-12-15,356.65,357.38,345,354.37,1141267,0.0
2020-12-16,352.2,356.82,348.88,351.84,728895,0.0
2020-12-17,355.37,359.55,352.54,358.03,578936,0.0
2020-12-18,361.4558,365.5,353.48,358.58,734482,0.0
2020-12-21,352.67,354.93,346.64,348.81,758175,0.0
2020-12-22,348.95,354.25,345.43,354.23,638802,0.0
2020-12-23,357.17,364.99,355.98,355.98,559034,0.0
2020-12-24,356.54,358.279,351.72,354.78,264615,0.0
2020-12-28,355.39,365.38,352.37,362.39,966016,0.0
2020-12-29,367.665,368.69,352.55,356.67,440707,0.0
2020-12-30,359.76,363.15,354.04,362.89,568541,0.0
2020-12-31,364.95,370.64,361.5473,369.79,723280,0.0
2021-01-04,366.07,369.47,351.84,357.75,870965,0.0
2021-01-05,358.04,370.59,355.22,368.75,600305,0.0
2021-01-06,370.97,384.51,366.69,375.84,1766578,0.0
2021-01-07,376.7,389.6,376.7,387.09,1004288,0.0
2021-01-08,389.27,396.98,381.27,388.03,1212331,0.0
2021-01-11,373.99,375.5,363.17,370.7094,1348943,0.0
2021-01-12,371.37,371.51,356.26,359.98,1067111,0.0
2021-01-13,359.92,364.44,347.8799,362.82,876090,0.0
2021-01-14,362.18,364.2739,350.0396,352.07,825829,0.0
2021-01-15,352.23,356.75,347.59,354.32,661819,0.0
2021-01-19,358.49,360.05,348.025,357.48,705209,0.0
2021-01-20,359.43,367.29,357.96,364.07,588713,0.0
2021-01-21,366.7,370.79,361.7,367.5,617724,0.0
2021-01-22,367.63,373.99,365.28,370.11,356910,0.0
2021-01-25,373.55,378,364.46,376.16,488661,0.0
2021-01-26,377.69,377.84,360.26,361.49,670395,0.0
2021-01-27,359.7,361.21,349,350.03,954291,0.0
2021-01-28,353.29,368.97,350.5,366.87,838409,0.0
2021-01-29,362.57,379.06,359.8,375.38,747015,0.0
2021-02-01,376.35,386.59,373,382.63,624639,0.0
2021-02-02,387.23,401.65,385.2,394.95,759537,0.0
2021-02-03,392.47,395,383.059,391.97,670581,0.0
2021-02-04,395.48,408.0994,392.84,403.6,738991,0.0
2021-02-05,408.02,412.24,404,411.23,498646,0.0
2021-02-08,414.78,415,402.615,403.14,740164,0.0
2021-02-09,405.75,408,397.81,401.03,595651,0.0
2021-02-10,406.43,406.43,396.18,399.44,619630,0.0
2021-02-11,404.62,411.06,399.15,411.06,580140,0.0
2021-02-12,387.98,414.34,381.05,413.16,1871045,0.0
2021-02-16,411,412.6,400.31,404.39,809506,0.0
2021-02-17,406.28,417.29,400.19,413.86,581471,0.0
2021-02-18,412.42,413.42,402.64,410.84,543503,0.0
2021-02-19,411.86,423.4,406.54,418.94,858441,0.0
2021-02-22,416.75,422.26,408.8,412.17,542310,0.0
2021-02-23,406.98,411.73,396.49,406.78,706440,0.0
2021-02-24,403.18,407.325,399.73,405.64,425604,0.0
2021-02-25,405.64,405.815,390.67,395.48,554768,0.0
2021-02-26,396.79,402.49,386.12,397.76,497682,0.0
2021-03-01,400.4,401.99,392.985,396.74,635257,0.0
2021-03-02,396,398.46,387.16,391.91,581106,0.0
2021-03-03,386.79,386.79,364.6,368.775,1234279,0.0
2021-03-04,367.88,371.78,352.14,356.41,938249,0.0
2021-03-05,361.51,367.45,347.23,364.08,698876,0.0
2021-03-08,361.63,366.96,348.77,352.06,749909,0.0
2021-03-09,356.94,365.39,356.94,363.02,721297,0.0
2021-03-10,369.76,371.88,356.38,356.39,903273,0.0
2021-03-11,355.86,367.105,354.97,366.56,481806,0.0
2021-03-12,359.23,360.564,352.59,357.9,824227,0.0
2021-03-15,353.76,362.98,351.04,361.56,680807,0.0
2021-03-16,366.97,367.54,353,354.65,653594,0.0
2021-03-17,353.56,353.56,341.16,351.83,864581,0.0
2021-03-18,348,349.16,337.14,339.26,1101805,0.0
2021-03-19,339.69,347.72,337.88,344.34,661132,0.0
2021-03-22,343.52,362.12,342.8274,359.82,870564,0.0
2021-03-23,352.88,366.7,352.88,364.28,672914,0.0
2021-03-24,362.67,362.67,354.45,355.89,784028,0.0
2021-03-25,354,357.41,340.335,347.8,788722,0.0
2021-03-26,346.93,353.45,340.445,353.09,563750,0.0
2021-03-29,352.88,354.85,345.3,349.41,546826,0.0
2021-03-30,346.58,350.415,341.27,347.21,540239,0.0
2021-03-31,350,363.5,348,359.6,547933,0.0
2021-04-01,362.41,370.6459,361.01,365.09,463431,0.0
2021-04-05,367.5,369.17,361.54,368.6,384900,0.0
2021-04-06,363.49,378.7,363.49,372.98,654839,0.0
2021-04-07,373.57,373.685,366.59,369.15,378979,0.0
2021-04-08,377,382.27,372.18,378.48,363632,0.0
2021-04-09,378.4,383.17,373.1,382.89,340910,0.0
2021-04-12,380.27,388.64,376.875,387.14,495040,0.0
2021-04-13,384.3,390.19,382.74,388.1,398630,0.0
2021-04-14,389.04,393.48,385.98,391.37,376744,0.0
2021-04-15,394.31,401.06,392.93,399.6,432538,0.0
2021-04-16,400.57,401.65,393.64,400.05,473551,0.0
2021-04-19,396.6,399.01,391.645,392.83,288913,0.0
2021-04-20,389.81,395.58,383.265,389.14,668422,0.0
2021-04-21,391.33,403.6,388.75,401.89,438434,0.0
2021-04-22,403.14,413.62,403.14,410.8,723368,0.0
2021-04-23,408.8,416.59,408,415,328498,0.0
2021-04-26,415.83,419,410.415,418.86,372420,0.0
2021-04-27,417.5,422.9999,416.84,421.84,684590,0.0
2021-04-28,418.27,426.62,417.17,426.12,454264,0.0
2021-04-29,428,428.94,418.65,422.67,637819,0.0
2021-04-30,400,403.16,384.82,386.1,2569594,0.0
2021-05-03,386.31,386.545,375.5,380.67,778649,0.0
2021-05-04,378.17,378.97,366.225,371.75,812404,0.0
2021-05-05,371.99,374.135,360.75,366.21,714924,0.0
2021-05-06,360.75,362.88,350.645,357.34,773922,0.0
2021-05-07,362.57,370.38,358.5,358.63,645727,0.0
2021-05-10,358.56,359.27,342.42,342.88,744410,0.0
2021-05-11,337.52,354.98,336.18,347.86,1511367,0.0
2021-05-12,344,344,329.56,333.64,1031836,0.0
2021-05-13,335.92,338,318.45,323.94,1164875,0.0
2021-05-14,326.7,336.38,324.59,333.53,703190,0.0
2021-05-17,331.2,333.68,321.93,325.43,711180,0.0
2021-05-18,329.9861,337.48,328.87,329.93,734224,0.0
2021-05-19,323.47,332.9,323,332.29,448205,0.0
2021-05-20,336.08,345.76,333.7,344.12,428127,0.0
2021-05-21,344.6,351.5,341.56,342.27,550987,0.0
2021-05-24,346.74,363.01,343.74,355.39,1081660,0.0
2021-05-25,354.79,359.22,352.83,353.25,539230,0.0
2021-05-26,349.59,357.98,348.92,354.7,869153,0.0
2021-05-27,353.02,363,348.0801,362.19,635250,0.0
2021-05-28,374.99,378.44,368.025,369.56,773226,0.0
2021-06-01,371,374.325,361.58,365.85,570548,0.0
2021-06-02,365.31,372.41,362.99,371.05,573204,0.0
2021-06-03,366.99,378.87,366.99,376.73,597129,0.0
2021-06-04,379.52,387.95,375,383,506238,0.0
2021-06-07,384.01,392.21,380.76,386.82,396803,0.0
2021-06-08,388.29,393.31,384.62,389.7,630050,0.0
2021-06-09,395,398.15,389.565,390.4,368130,0.0
2021-06-10,390.5,399.68,386.4983,398.85,759218,0.0
2021-06-11,401.09,401.91,396.52,400.18,509264,0.0
2021-06-14,400.3131,409.72,399.19,409.41,633410,0.0
2021-06-15,410,415.61,404,405.61,530103,0.0
2021-06-16,405.28,408.72,397.87,403.99,712628,0.0
2021-06-17,402.82,417.42,400.08,412.69,558610,0.0
2021-06-18,411.93,419.19,411.1217,418.39,695248,0.0
2021-06-21,418.2,424.28,407.6203,422.84,510462,0.0
2021-06-22,421.06,427.59,417.54,427.36,458163,0.0
2021-06-23,427.61,433.1,423.26,431.86,473623,0.0
2021-06-24,433.2,439.62,424.49,425.2,1075491,0.0
2021-06-25,425.6,430.48,419.625,430.43,985164,0.0
2021-06-28,431.49,431.58,422.45,426.79,1071247,0.0
2021-06-29,425.75,427.37,418.6,427,645142,0.0
2021-06-30,426.3,427.885,422.47,427.06,476798,0.0
2021-07-01,423.93,428.02,420.74,426.52,442611,0.0
2021-07-02,428.72,432.96,426.2,431.74,260454,0.0
2021-07-06,432.88,442.6,428.125,440.3,387656,0.0
2021-07-07,444.48,449.145,437.13,447.2,824505,0.0
2021-07-08,440.63,447.33,435.42,447.3,521327,0.0
2021-07-09,445.12,445.49,436.29,440.53,415801,0.0
2021-07-12,443.89,448.86,441.53,445.57,283300,0.0
2021-07-13,445.38,449.82,442.03,446.39,378292,0.0
2021-07-14,448.49,449.74,438.8449,440.48,449792,0.0
2021-07-15,436.72,442.17,433.91,441.41,468181,0.0
2021-07-16,442.11,451.43,440.97,448.69,602583,0.0
2021-07-19,444.12,451.4699,431.96,435.05,614739,0.0
2021-07-20,434.88,451.33,431.15,447.7,603219,0.0
2021-07-21,449.49,449.8,437,446.98,296999,0.0
2021-07-22,449.44,452.7571,446.14,450.92,283714,0.0
2021-07-23,452.65,463.22,450.37,461.02,340308,0.0
2021-07-26,458.79,458.79,450.735,452.58,307087,0.0
2021-07-27,452.67,454.5835,445.27,448.58,396037,0.0
2021-07-28,448.56,461,447.6,460,349152,0.0
2021-07-29,459.64,466.205,455.41,456.2,631718,0.0
2021-07-30,476.7,524.31,473.24,516,2277818,0.0
2021-08-02,516.31,517.22,497.5014,511.9,644706,0.0
2021-08-03,512.36,522.81,511.23,521.2,458064,0.0
2021-08-04,521.59,527.1,513.15,513.79,1031455,0.0
2021-08-05,513.41,525.37,508.26,523.63,389134,0.0
2021-08-06,519.25,522.11,506,516.56,479358,0.0
2021-08-09,517.84,523.85,512.7227,517.52,579843,0.0
2021-08-10,516.98,518.255,499.05,499.79,652441,0.0
2021-08-11,502.02,504.0223,488.54,490.26,818367,0.0
2021-08-12,492.26,499.3299,490.26,492.47,362896,0.0
2021-08-13,491.26,495.4,487,491.76,283217,0.0
2021-08-16,492.17,507.27,488.85,506.18,370494,0.0
2021-08-17,505.28,511.56,501.97,510.24,233842,0.0
2021-08-18,509.51,514.1499,508.52,509.82,481018,0.0
2021-08-19,506.15,512.45,504.02,505.66,475030,0.0
2021-08-20,505.09,522.8437,503.03,518.99,398669,0.0
2021-08-23,517.96,517.96,509.11,512.76,384935,0.0
2021-08-24,512.74,522.46,508,515.21,339555,0.0
2021-08-25,514.4,519.19,511.7,517.77,179693,0.0
2021-08-26,517.11,528.3,514.4101,516.73,508332,0.0
2021-08-27,518.61,524.79,514.43,520.37,323849,0.0
2021-08-30,521.59,526.95,517.7,521.17,429157,0.0
2021-08-31,523.55,530.44,518.03,529.61,458822,0.0
2021-09-01,531.9,547.53,526.94,544.91,712419,0.0
2021-09-02,545.81,555,537.85,539.71,457388,0.0
2021-09-03,536.12,544.375,532.13,542.5,311568,0.0
2021-09-07,545.41,554.96,542.75,551.34,377358,0.0
2021-09-08,545.87,558.32,545,550.53,347279,0.0
2021-09-09,543.94,558.43,538.26,552.98,501184,0.0
2021-09-10,558.05,559.75,549.08,549.66,295637,0.0
2021-09-13,540,542.85,527.17,540.31,477751,0.0
2021-09-14,542.57,549.72,540.13,542.23,305082,0.0
2021-09-15,544.6544,553.79,536.13,551.67,220606,0.0
2021-09-16,556,567.8099,555.8,565.5,457267,0.0
2021-09-17,559.16,564.8,555.81,562.6,490439,0.0
2021-09-20,560.45,566.22,547.12,557.36,609200,0.0
2021-09-21,561.57,563.51,553.34,553.35,351703,0.0
2021-09-22,564.15,577.25,552,570.41,425419,0.0
2021-09-23,573.28,579,568.01,573.26,396676,0.0
2021-09-24,570.91,572.04,558,560.87,355695,0.0
2021-09-27,557.15,558.44,541.04,548.48,575099,0.0
2021-09-28,540.94,542.51,522.92,536.94,467680,0.0
2021-09-29,539.98,554,538.8,545.57,498411,0.0
2021-09-30,545.01,552.26,542.75,546.7,372589,0.0
2021-10-01,551.58,552.35,536.94,549.78,319303,0.0
2021-10-04,545,545.51,521.01,526.97,449174,0.0
2021-10-05,528.42,545.225,528.22,540.78,459160,0.0
2021-10-06,537.23,545.52,532.52,541.83,373965,0.0
2021-10-07,545,550.16,536.735,539.18,409530,0.0
2021-10-08,540,544.49,528.5463,529.32,265251,0.0
2021-10-11,524.41,537.27,521.0784,528.28,266048,0.0
2021-10-12,538.63,545.75,532.73,538.47,337027,0.0
2021-10-13,547.75,551.53,541.775,548.06,430960,0.0
2021-10-14,552.35,561.165,551.09,554.51,383373,0.0
2021-10-15,555.68,556.115,543.12,544.57,357777,0.0
2021-10-18,536.86,542,531.98,540.93,557643,0.0
2021-10-19,545.04,552.785,543.03,550.48,609094,0.0
2021-10-20,554.9,560.27,549.14,556.38,228779,0.0
2021-10-21,553.78,569.15,550,568.35,232907,0.0
2021-10-22,570,570,561.23,566.61,250174,0.0
2021-10-25,567,573.65,560.9301,568.31,219419,0.0
2021-10-26,567.76,570.88,561.2351,566.33,231385,0.0
2021-10-27,564.42,567.53,553.55,559.04,287555,0.0
2021-10-28,561.7,571.21,556.465,570.04,410793,0.0
2021-10-29,580,627.96,552.39,623.67,1126960,0.0
2021-11-01,627.27,634.5,612.52,626.94,632758,0.0
2021-11-02,630,641.58,620.44,639.53,774705,0.0
2021-11-03,647.05,649.54,615.25,619.84,590750,0.0
2021-11-04,619.5644,632.92,616.19,629.74,456421,0.0
2021-11-05,633.06,642.4,627.475,634.97,341188,0.0
2021-11-08,638.2,642.96,629.47,636.87,281983,0.0
2021-11-09,634.12,647.99,632,636.96,313673,0.0
2021-11-10,631.92,637.84,618.93,620.26,364647,0.0
2021-11-11,622.45,639.05,620.63,637.14,338572,0.0
2021-11-12,639.96,648.61,634.45,646.32,312017,0.0
2021-11-15,648.02,653.99,635.1601,642.28,211690,0.0
2021-11-16,643.97,655.45,640.45,648.03,356138,0.0
2021-11-17,647.29,655.04,635.01,651.3,852195,0.0
2021-11-18,655.73,659.4518,646.52,648.74,405959,0.0
2021-11-19,653.58,654.04,633.94,641.58,453465,0.0
2021-11-22,638.26,643.5799,618,618.05,738716,0.0
2021-11-23,613.05,618.06,585,589.94,910818,0.0
2021-11-24,589.99,600.81,580.01,597.89,583638,0.0
2021-11-26,598.56,610.46,589.45,592.03,312032,0.0
2021-11-29,592.84,598.06,568.94,571.01,1122759,0.0
2021-11-30,571.87,580.35,560.7,562.43,969926,0.0
2021-12-01,567.41,570.47,546.8,548.31,757380,0.0
2021-12-02,548.32,561.685,545.065,559.73,659600,0.0
2021-12-03,561.07,561.07,514.53,519.85,1238527,0.0
2021-12-06,519.16,531.32,510.49,524,961553,0.0
2021-12-07,538.27,559.61,535.36,558.74,1039473,0.0
2021-12-08,561.71,572.75,555.97,564.99,508043,0.0
2021-12-09,570.67,575.01,560,560.27,580782,0.0
2021-12-10,560.87,568.5499,557.7,566.51,421788,0.0
2021-12-13,564.71,572.5883,551.58,552.08,498283,0.0
2021-12-14,547.15,553.21,529.725,535.1,1236554,0.0
2021-12-15,538.38,545.29,527.76,541.29,1887781,0.0
2021-12-16,540.23,544.49,526.97,529.63,729540,0.0
2021-12-17,533.39,561.38,527.85,555.37,773582,0.0
2021-12-20,550.36,552.33,535.4501,544.92,500571,0.0
2021-12-21,549.69,566.3,547.68,565.32,472153,0.0
2021-12-22,563.75,573.29,563.75,572.8,214374,0.0
2021-12-23,573.57,579.85,572.13,572.21,277693,0.0
2021-12-27,574.29,575.13,565.72,569.53,239918,0.0
2021-12-28,571.86,572.27,528.8,529.5,689069,0.0
2021-12-29,535.98,535.98,526.755,535.47,460594,0.0
2021-12-30,532.7,547.75,531.9,541.65,244054,0.0
2021-12-31,543.41,547.215,536.38,536.96,211811,0.0
2022-01-03,532.6,532.79,513,520.79,680589,0.0
2022-01-04,518.88,519.8,502.95,512.37,653564,0.0
2022-01-05,507.34,514.33,487.66,488.05,578955,0.0
2022-01-06,485.8,494.435,480.4,482.99,587484,0.0
2022-01-07,483.73,492,471.15,471.79,1017951,0.0
2022-01-10,441.99,462.99,435.47,462.34,1239384,0.0
2022-01-11,464.07,482.7,462.54,481.46,1097796,0.0
2022-01-12,486.46,501.395,483.65,490.71,1007811,0.0
2022-01-13,489.16,489.16,455.23,455.77,1011594,0.0
2022-01-14,453.12,465.77,437.97,447.26,801008,0.0
2022-01-18,432.98,442.96,428.55,429.88,683542,0.0
2022-01-19,435.06,448.4399,434.23,435.22,756914,0.0
2022-01-20,438.67,454.95,433.95,435.09,611072,0.0
2022-01-21,434.44,434.44,421.18,422.1,791755,0.0
2022-01-24,415.395,427.55,402.59,426.94,919017,0.0
2022-01-25,416,418.72,399.16,405.74,857546,0.0
2022-01-26,413.34,417.6,390.01,395.9,819054,0.0
2022-01-27,400.57,401.88,382.02,383.53,843169,0.0
2022-01-28,386.93,414,382.04,413.38,1302144,0.0
2022-01-31,415,432.2499,415,430.47,635897,0.0
2022-02-01,433.73,438.7115,424.69,435.04,553652,0.0
2022-02-02,439,441.65,425.84,435.66,565249,0.0
2022-02-03,433.07,438.09,416.8,419.25,556233,0.0
2022-02-04,414.76,424.845,412.51,420.35,694989,0.0
2022-02-07,419.39,432.44,416.37,420.92,519212,0.0
2022-02-08,418,426.79,413.16,425.98,374528,0.0
2022-02-09,430.77,450.305,430.77,448.32,805910,0.0
2022-02-10,434.28,455.23,427.22,442.27,862834,0.0
2022-02-11,426.08,447.02,417.61,420.27,918351,0.0
