Date,Open,High,Low,Close,Volume,OpenInterest
2020-12-04,51.06,52.65,51,51.985,34868146,0.0
2020-12-07,51,51.29,49.56,50.22,40268481,0.0
2020-12-08,49.83,50.72,49.81,50.69,23811067,0.0
2020-12-09,50.28,50.8383,49.73,50.05,26795083,0.0
2020-12-10,49.66,50.72,49.59,50.25,22271971,0.0
2020-12-11,50.14,50.14,49.115,49.75,22819849,0.0
2020-12-14,49.82,51.34,49.74,50.45,23688110,0.0
2020-12-15,50.98,51.01,50.21,50.67,20470564,0.0
2020-12-16,50.71,51.46,50.68,51.12,21343711,0.0
2020-12-17,51.15,51.32,50.22,50.6583,16764279,0.0
2020-12-18,50.57,50.68,47.11,47.46,61795761,0.0
2020-12-21,46.32,46.45,45.24,46.39,48380218,0.0
2020-12-22,46.25,46.34,45.765,46.19,24791451,0.0
2020-12-23,46.165,47.03,46.07,46.57,19616296,0.0
2020-12-24,46.6,47.09,46.34,47.07,10939666,0.0
2020-12-28,47.19,47.635,46.86,47.08,18065004,0.0
2020-12-29,47.22,50.6667,46.49,49.375,81948758,0.0
2020-12-30,49.11,49.19,48.56,48.74,29512726,0.0
2020-12-31,48.75,50.19,48.72,49.82,25275498,0.0
2021-01-04,49.89,51.39,49.4016,49.67,33968418,0.0
2021-01-05,49.445,50.83,49.33,50.61,21217713,0.0
2021-01-06,50.435,52.15,50.2,51.11,30582647,0.0
2021-01-07,51.49,52.69,51.3,52.18,25059493,0.0
2021-01-08,52.45,52.53,51.27,51.64,28829806,0.0
2021-01-11,51.29,52.24,51.25,51.54,21669806,0.0
2021-01-12,51.9,53.85,51.56,53.23,35921903,0.0
2021-01-13,59.5,60.25,56.9,56.94,101162864,0.0
2021-01-14,58.45,60.14,57.84,59.26,66717646,0.0
2021-01-15,58.85,59.65,57.5,57.59,42970707,0.0
2021-01-19,57.94,58.34,57.1,58,25801834,0.0
2021-01-20,58.24,59.22,58.09,58.65,24054200,0.0
2021-01-21,59.038,63.95,58.2233,62.47,74145513,0.0
2021-01-22,58.85,59.62,56.65,56.65,79195657,0.0
2021-01-25,56.38,56.5,54.06,55.45,58117462,0.0
2021-01-26,55.275,56.2,54.85,55.22,28389145,0.0
2021-01-27,54.61,54.8481,53.3,53.58,38709611,0.0
2021-01-28,54.79,57.4,54.7,56.07,45389138,0.0
2021-01-29,55.98,57.16,55.355,55.48,23206054,0.0
2021-02-01,55.95,57.39,55.71,56.68,23237644,0.0
2021-02-02,57.19,58.28,56.88,57.99,20741185,0.0
2021-02-03,57.8943,58.33,57.38,57.69,18015429,0.0
2021-02-04,57.61,58.88,57.19,58.8,23281133,0.0
2021-02-05,59,59.08,58.12,58.14,17739800,0.0
2021-02-08,58.375,59.22,57.95,59.2,20512866,0.0
2021-02-09,58.77,59.31,57.935,58.78,24615765,0.0
2021-02-10,59.3,59.42,58.12,58.8817,13916256,0.0
2021-02-11,59.095,60.99,58.86,60.66,24898331,0.0
2021-02-12,60.6,62.51,60.43,61.84,24381399,0.0
2021-02-16,62,62.87,61.7,62.46,20753013,0.0
2021-02-17,61.49,62.185,61.21,61.84,16611161,0.0
2021-02-18,60.645,61.98,60.64,61.61,16174149,0.0
2021-02-19,61.91,63.26,61.85,63.01,23925977,0.0
2021-02-22,61.88,62.7,60.66,60.71,28720212,0.0
2021-02-23,60.48,61.495,59.17,61.12,25015212,0.0
2021-02-24,60.53,63.28,60.38,63.2,21316733,0.0
2021-02-25,62.405,63.54,60.13,60.39,31128661,0.0
2021-02-26,60.89,61.69,59.68,60.68,26188565,0.0
2021-03-01,61.72,63.08,61.65,62.88,24090565,0.0
2021-03-02,62.8,63.14,61.11,61.23,19686738,0.0
2021-03-03,60.64,61.52,59.7,59.87,24255077,0.0
2021-03-04,59.83,60.235,57.905,58.34,36014941,0.0
2021-03-05,59.26,61.175,58.51,60.73,34320284,0.0
2021-03-08,60.4677,61.695,59.72,59.84,24959821,0.0
2021-03-09,61.18,63.165,60.84,62.67,28393282,0.0
2021-03-10,63.22,64.12,62.13,62.23,24300268,0.0
2021-03-11,62.94,64.09,62.39,63.32,25616010,0.0
2021-03-12,62.65,63.3,62.24,62.89,17930133,0.0
2021-03-15,63.61,63.875,62.48,63.8,16430433,0.0
2021-03-16,64.15,65.7302,64.08,64.79,26955179,0.0
2021-03-17,64.2235,66.29,63.71,65.78,26367233,0.0
2021-03-18,65.63,65.7,63.65,63.72,24649779,0.0
2021-03-19,63.18,64.99,62.92,63.73,32700052,0.0
2021-03-22,64.82,66.38,64.56,65.66,27189513,0.0
2021-03-23,66.11,66.05,63.17,63.48,25819631,0.0
2021-03-24,66.58,67.44,61.99,62.01,68481060,0.0
2021-03-25,61.655,62.44,60.975,62.005,30082963,0.0
2021-03-26,61.8,64.97,61.77,64.88,28392962,0.0
2021-03-29,64.07,65.125,63.61,64.51,21638650,0.0
2021-03-30,63.77,64,63.15,63.78,16949934,0.0
2021-03-31,64.01,64.4899,63.58,64.08,25019221,0.0
2021-04-01,64.725,64.89,63.575,64.56,24615256,0.0
2021-04-05,64.87,66.74,64.7,66.53,19861285,0.0
2021-04-06,66.05,66.575,65.29,65.57,17369670,0.0
2021-04-07,65.67,66.57,65.36,66.24,15291118,0.0
2021-04-08,66.97,67.29,66.36,67.05,14928613,0.0
2021-04-09,66.9,68.4,66.63,68.26,21282734,0.0
2021-04-12,68.18,68.49,64.71,65.4,45330788,0.0
2021-04-13,65.67,65.6346,64.21,65.23,22503213,0.0
2021-04-14,65.35,65.38,63.84,64.23,18708831,0.0
2021-04-15,63.96,65.215,63.6799,65.04,20566051,0.0
2021-04-16,65.33,65.52,64.57,64.75,18884919,0.0
2021-04-19,64.72,64.74,63.07,63.64,17501966,0.0
2021-04-20,63.6,63.76,62.41,62.71,14842786,0.0
2021-04-21,62.67,63.775,62.3,63.66,14747338,0.0
2021-04-22,63.43,63.91,62.28,62.57,29015144,0.0
2021-04-23,59.16,60,57.9,59.25,71451258,0.0
2021-04-26,59.13,59.52,58.46,58.74,33913465,0.0
2021-04-27,58.55,58.63,57.77,57.97,29595360,0.0
2021-04-28,57.52,58.16,57.15,57.61,27080716,0.0
2021-04-29,57.97,58.3,57.47,58.29,19217851,0.0
2021-04-30,57.61,58.43,57.07,57.55,24239357,0.0
2021-05-03,57.82,57.8768,56.84,57.26,19420412,0.0
2021-05-04,56.88,56.98,55.81,56.95,29454633,0.0
2021-05-05,57.04,57.3,56.46,56.84,17212690,0.0
2021-05-06,56.56,57.25,56.245,57.1917,17706390,0.0
2021-05-07,57.7,58.01,57.24,57.67,16714373,0.0
2021-05-10,57.1465,57.23,55.88,55.99,22375757,0.0
2021-05-11,55.04,55.63,54.3,55.04,31441276,0.0
2021-05-12,54.44,54.65,53.42,53.62,24851586,0.0
2021-05-13,54.05,54.39,53.46,53.9999,25044163,0.0
2021-05-14,54.64,55.8467,54.255,55.33,22099303,0.0
2021-05-17,55.36,55.89,54.76,55.34,13541903,0.0
2021-05-18,55.95,56.14,54.8,54.86,14795614,0.0
2021-05-19,54.07,55.43,53.8418,55.37,17479547,0.0
2021-05-20,55.64,56.24,55.36,55.95,16803922,0.0
2021-05-21,56.43,56.71,55.9801,56.09,14542965,0.0
2021-05-24,56.53,57.39,56.4,56.96,15344356,0.0
2021-05-25,57.56,57.56,56.42,56.88,18052769,0.0
2021-05-26,57.08,57.23,56.585,56.95,12181568,0.0
2021-05-27,57.11,57.88,57,57.81,18337551,0.0
2021-05-28,57.59,57.65,56.94,57.12,16170452,0.0
2021-06-01,57.61,57.82,56.59,56.91,16971037,0.0
2021-06-02,56.91,57.69,56.755,57.49,13278349,0.0
2021-06-03,56.98,57.1,56.085,56.23,18736216,0.0
2021-06-04,56.6,57.75,56.54,57.37,16322257,0.0
2021-06-07,57.41,57.44,56.775,57.09,12582013,0.0
2021-06-08,57.4,57.64,56.6,56.99,19235915,0.0
2021-06-09,57.35,57.475,56.97,57.01,10857727,0.0
2021-06-10,57.19,58.03,56.925,57.37,15928054,0.0
2021-06-11,57.47,57.94,56.95,57.85,14370282,0.0
2021-06-14,58.01,58.2,57.23,58.2,12852704,0.0
2021-06-15,58.19,58.415,57.8001,58.01,16316255,0.0
2021-06-16,58.15,58.37,56.765,57.22,18465952,0.0
2021-06-17,57.04,57.9,56.7,57.18,16279302,0.0
2021-06-18,56.7,56.76,55.1,55.68,36372176,0.0
2021-06-21,55.61,56.04,55.37,55.88,15822628,0.0
2021-06-22,55.92,56.2799,55.5049,55.88,15012182,0.0
2021-06-23,55.83,55.974,55.23,55.26,17390714,0.0
2021-06-24,55.49,56.1,55.34,56.07,16733897,0.0
2021-06-25,56.02,56.405,55.745,55.91,14418028,0.0
2021-06-28,56.36,57.725,56.34,57.48,19411171,0.0
2021-06-29,57.54,57.83,55.88,56.76,23826901,0.0
2021-06-30,56.35,56.375,55.39,56.15,24651876,0.0
2021-07-01,56.09,56.64,55.87,56,19930955,0.0
2021-07-02,56.55,56.99,56.32,56.76,13562499,0.0
2021-07-06,56.9,57.01,55.7,56.1,15916513,0.0
2021-07-07,56.32,56.45,55.705,55.96,11948571,0.0
2021-07-08,55.18,55.72,54.7901,55.45,15351443,0.0
2021-07-09,55.35,56.105,55.31,55.99,14762545,0.0
2021-07-12,56.2,56.755,56.11,56.71,12348757,0.0
2021-07-13,56.53,57.3,56.34,56.87,13122355,0.0
2021-07-14,57.17,57.455,56.3339,56.53,11316427,0.0
2021-07-15,56.27,56.4,55.57,55.81,15469716,0.0
2021-07-16,56.09,56.9295,54.9,54.97,20174659,0.0
2021-07-19,54.39,54.805,53.97,54.65,20027158,0.0
2021-07-20,54.89,55.56,54.2684,55.24,15463227,0.0
2021-07-21,55.18,56.28,55.01,56.24,13999655,0.0
2021-07-22,56.02,56.54,55.68,55.96,30058927,0.0
2021-07-23,54.58,54.71,52.32,53,63374820,0.0
2021-07-26,52.8,54.54,52.76,54.33,25177924,0.0
2021-07-27,53.19,53.2,52.31,53.18,31946323,0.0
2021-07-28,53.04,53.92,52.94,53.07,23459356,0.0
2021-07-29,53.38,54.1,53.32,53.7,14440722,0.0
2021-07-30,53.65,53.9,53.25,53.72,12611338,0.0
2021-08-02,54.02,54.47,53.535,53.69,14172521,0.0
2021-08-03,53.89,54.16,53.26,54.06,13516817,0.0
2021-08-04,54.25,54.44,53.7,53.89,14493839,0.0
2021-08-05,53.98,54.02,53.58,53.9,13753637,0.0
2021-08-06,53.84,54.13,53.73,53.92,12836036,0.0
2021-08-09,54.08,54.41,53.83,54.04,12503404,0.0
2021-08-10,54.24,54.385,53.51,53.94,13435280,0.0
2021-08-11,54.26,54.36,53.84,54.13,15178267,0.0
2021-08-12,54.17,54.18,53.255,53.54,12990112,0.0
2021-08-13,53.54,53.555,53.055,53.5,13656001,0.0
2021-08-16,53.23,53.49,53,53.47,12750019,0.0
2021-08-17,53.17,53.1784,52.22,52.7,18274469,0.0
2021-08-18,52.64,53.03,52.11,52.19,12087916,0.0
2021-08-19,52.08,52.67,51.58,52.45,18634480,0.0
2021-08-20,52.19,52.38,51.42,52.01,22434351,0.0
2021-08-23,52.58,53.535,52.48,53.23,19562343,0.0
2021-08-24,53.555,53.97,53.31,53.82,17881867,0.0
2021-08-25,54.13,54.23,53.731,53.81,12471462,0.0
2021-08-26,53.76,53.745,52.9729,53.13,16484580,0.0
2021-08-27,53.27,53.94,52.92,53.89,13842793,0.0
2021-08-30,54.25,54.87,53.76,53.95,12142681,0.0
2021-08-31,54.43,54.5,53.66,54.07,15904498,0.0
2021-09-01,54.11,54.155,53.53,53.67,15678617,0.0
2021-09-02,53.81,53.89,53.35,53.73,11823133,0.0
2021-09-03,53.43,54.08,53.3193,53.51,10797653,0.0
2021-09-07,53.59,53.95,53.44,53.65,11659811,0.0
2021-09-08,53.7,53.92,52.99,53.59,15922704,0.0
2021-09-09,53.66,53.89,53.34,53.39,11453714,0.0
2021-09-10,53.78,54.98,53.81,53.84,17055188,0.0
2021-09-13,54.6,55.485,54.41,55,18639200,0.0
2021-09-14,55.37,55.44,54.27,54.541,16062240,0.0
2021-09-15,54.67,55.15,54.42,55.13,12652583,0.0
2021-09-16,54.8,54.95,54.24,54.83,15067021,0.0
2021-09-17,54.5,54.59,53.665,54.27,19934008,0.0
2021-09-20,53.28,53.5,52.32,52.98,23693260,0.0
2021-09-21,53.29,53.45,52.83,52.86,14111274,0.0
2021-09-22,53.34,53.87,53,53.5,13342809,0.0
2021-09-23,53.69,54.3,53.6,54.04,13097014,0.0
2021-09-24,53.775,54.423,53.73,54.22,9760591,0.0
2021-09-27,53.93,54.87,53.82,54.66,11111511,0.0
2021-09-28,54.17,54.59,53.96,54,18960247,0.0
2021-09-29,54,54.05,53.18,53.505,17235502,0.0
2021-09-30,53.74,53.98,53.26,53.26,16045869,0.0
2021-10-01,53.63,54.105,53.05,53.86,14261655,0.0
2021-10-04,53.93,54.33,53.08,53.51,18646607,0.0
2021-10-05,53.55,54.34,53.475,53.95,14565085,0.0
2021-10-06,53.48,54.07,53.07,53.99,15450853,0.0
2021-10-07,54.33,54.985,54.12,54.18,15519631,0.0
2021-10-08,54.5,54.58,53.7,53.81,12841111,0.0
2021-10-11,53.93,54.41,53.42,53.45,11313252,0.0
2021-10-12,53.61,53.72,52.01,52.17,23587162,0.0
2021-10-13,52.42,52.5784,51.865,52.29,14324141,0.0
2021-10-14,52.94,54,52.73,53.92,21276837,0.0
2021-10-15,54.06,54.49,53.8095,54.46,21979009,0.0
2021-10-18,54.16,54.56,53.72,54.46,13343680,0.0
2021-10-19,54.6257,55.22,54.37,55.21,15143638,0.0
2021-10-20,55.21,55.485,55.08,55.41,14303061,0.0
2021-10-21,54.98,56.07,54.83,56.0097,26876396,0.0
2021-10-22,50.34,50.55,49.14,49.46,98013056,0.0
2021-10-25,49.83,50.07,49.31,49.41,38355445,0.0
2021-10-26,49.43,49.46,47.93,48.27,55139786,0.0
2021-10-27,48.55,48.8155,47.87,47.89,34770031,0.0
2021-10-28,48.19,48.3599,47.88,48.09,25236878,0.0
2021-10-29,48.11,49.28,47.92,49,35112438,0.0
2021-11-01,49.4,49.6,49,49.56,23944124,0.0
2021-11-02,49.64,49.895,49.23,49.88,24156872,0.0
2021-11-03,49.94,50.45,49.71,50.39,19696862,0.0
2021-11-04,50.21,50.35,49.73,50.33,20235252,0.0
2021-11-05,50.55,51.58,50.54,50.92,33918037,0.0
2021-11-08,51.41,51.99,51.06,51.55,26747532,0.0
2021-11-09,51.54,51.77,50.765,51.21,18140722,0.0
2021-11-10,50.95,51.3873,50.71,50.75,19733502,0.0
2021-11-11,51.01,51.07,50.41,50.53,21744820,0.0
2021-11-12,50.6,50.9,50.18,50.33,17664225,0.0
2021-11-15,50.4,50.63,50.12,50.33,20323741,0.0
2021-11-16,50.37,51.15,50.34,50.61,24816685,0.0
2021-11-17,50.58,50.9399,49.98,50.23,19300065,0.0
2021-11-18,50.24,50.24,48.97,49.68,26667274,0.0
2021-11-19,49.65,49.73,49.24,49.53,20967191,0.0
2021-11-22,49.55,50.85,49.41,49.82,26784152,0.0
2021-11-23,50.15,50.45,48.64,49.11,32906432,0.0
2021-11-24,48.85,49.78,48.63,49.77,20022456,0.0
2021-11-26,48.89,49.175,48.115,48.82,20061134,0.0
2021-11-29,49.22,50.13,48.72,50,25740638,0.0
2021-11-30,49.5,50.4,48.68,49.19,28274975,0.0
2021-12-01,49.84,50.3062,48.52,48.59,30240026,0.0
2021-12-02,48.66,49.7947,48.33,49.52,27482369,0.0
2021-12-03,49.65,50.06,48.76,49.28,25231583,0.0
2021-12-06,49.48,51.21,49.18,50.99,32647742,0.0
2021-12-07,54.66,55,52.21,52.57,78108729,0.0
2021-12-08,52.58,52.88,51.3838,51.76,30533099,0.0
2021-12-09,51.31,51.585,50.43,50.48,24434220,0.0
2021-12-10,50.86,51.07,50.05,50.59,17558483,0.0
2021-12-13,50.85,51.02,49.95,50,13767986,0.0
2021-12-14,49.82,50.27,49.32,49.74,25319701,0.0
2021-12-15,49.87,50.78,49.325,50.67,25818284,0.0
2021-12-16,50.73,51.4,50.575,50.83,26831396,0.0
2021-12-17,50.59,51.02,50.01,50.58,29504100,0.0
2021-12-20,49.92,50.13,48.96,49.6,24856332,0.0
2021-12-21,49.96,50.84,49.94,50.76,27058646,0.0
2021-12-22,50.63,51.02,50.21,50.97,14288935,0.0
2021-12-23,51.08,51.73,51.05,51.3,15333744,0.0
2021-12-27,51.39,52.06,51.3022,51.94,15024607,0.0
2021-12-28,52.01,52.12,51.63,51.77,13932300,0.0
2021-12-29,51.81,52.14,51.66,51.82,12165430,0.0
2021-12-30,51.93,52.14,51.65,51.75,13509898,0.0
2021-12-31,51.88,52.159,51.46,51.5,11632068,0.0
2022-01-03,51.62,53.23,51.6,53.21,26348119,0.0
2022-01-04,53.55,53.935,52.65,53.13,40136235,0.0
2022-01-05,54.19,56.17,53.83,53.84,52627019,0.0
2022-01-06,54.61,54.67,53.415,54.02,28633911,0.0
2022-01-07,54.21,54.39,53.15,53.42,23796628,0.0
2022-01-10,53.97,55.31,53.31,55.22,36770041,0.0
2022-01-11,55.51,56.08,54.735,55.92,31176210,0.0
2022-01-12,56.16,56.28,54.81,55.75,25521560,0.0
2022-01-13,55.98,56.21,54.77,54.96,25174020,0.0
2022-01-14,54.85,55.77,54.53,55.7,25672374,0.0
2022-01-18,55.33,55.65,54.68,54.79,23397686,0.0
2022-01-19,54.63,54.85,53.56,53.59,24102370,0.0
2022-01-20,53.86,54.085,51.94,52.04,23294174,0.0
2022-01-21,52.15,53.1299,51.95,52.02,38318069,0.0
2022-01-24,51.48,52.1291,49.88,51.92,50113214,0.0
2022-01-25,51.01,51.62,50.25,51.01,35620139,0.0
2022-01-26,51.12,52.72,50.75,51.69,42954501,0.0
2022-01-27,50.01,50.06,47.78,48.06,81334457,0.0
2022-01-28,47.71,48.2,46.3,47.73,54454765,0.0
2022-01-31,47.68,48.87,47.305,48.83,39694855,0.0
2022-02-01,48.775,49.03,48.36,48.95,27577855,0.0
2022-02-02,48.245,49.58,48.09,49.51,32696329,0.0
2022-02-03,49.26,49.685,48.25,48.28,31049669,0.0
2022-02-04,47.87,48.2399,47.13,48.01,26861935,0.0
2022-02-07,48.13,48.66,47.96,48.18,19624241,0.0
2022-02-08,47.98,48.94,47.9,48.8,18868930,0.0
2022-02-09,49.33,49.97,48.825,49.91,22940426,0.0
2022-02-10,49.1,49.9325,48.76,48.88,23909419,0.0
2022-02-11,48.95,49.11,47.5,47.62,26639141,0.0
