Date,Open,High,Low,Close,Volume,OpenInterest
2020-06-17,291.31,291.9,286.05,286.48,693059,0.0
2020-06-18,285.01,287.91,282.37,287.19,927962,0.0
2020-06-19,289.53,291.99,285.27,286.455,3390561,0.0
2020-06-22,285.8,294.2,285.29,294.06,993570,0.0
2020-06-23,294.98,296.49,292.44,293.84,928890,0.0
2020-06-24,291.44,296,284.2,285.84,733033,0.0
2020-06-25,286.25,289.34,281.98,288.74,633630,0.0
2020-06-26,286.5,289.995,283.92,286.49,839899,0.0
2020-06-29,285.81,289.78,281.75,288.16,798158,0.0
2020-06-30,289.15,297.92,288,296.28,1054104,0.0
2020-07-01,297.41,304.92,297.02,302.44,1428242,0.0
2020-07-02,304.85,307.78,303.11,305.05,985985,0.0
2020-07-06,308,314.14,308,309.9,923981,0.0
2020-07-07,309.18,314.725,307.19,307.92,921366,0.0
2020-07-08,310.54,312.07,307.77,310.62,624931,0.0
2020-07-09,309.72,311,303.95,307.97,832398,0.0
2020-07-10,307.78,308.64,302.995,307.74,639493,0.0
2020-07-13,309,311.23,296.98,296.995,948806,0.0
2020-07-14,294.57,294.71,280.99,285.38,2605421,0.0
2020-07-15,288.03,290.8786,284.77,290.03,1303826,0.0
2020-07-16,287.93,288.41,281.19,285.57,955684,0.0
2020-07-17,287.93,290.42,284.59,289.26,737337,0.0
2020-07-20,289.5,300.41,289.01,298.6,806891,0.0
2020-07-21,299.42,300.705,296.85,297.98,748800,0.0
2020-07-22,300.16,300.16,294.22,296.47,1025730,0.0
2020-07-23,295.94,298.88,290.2901,291.55,727536,0.0
2020-07-24,290.45,291.11,286.35,288.68,1073780,0.0
2020-07-27,290.47,297.43,290.46,296.145,1037720,0.0
2020-07-28,292.28,300.67,292.21,296.79,920653,0.0
2020-07-29,298.87,305.22,298.02,302.18,855729,0.0
2020-07-30,297.1,305.05,295.05,303.93,781797,0.0
2020-07-31,304.77,306.49,298.87,306.46,693001,0.0
2020-08-03,309.84,313.45,308.97,311.7,805171,0.0
2020-08-04,310.81,312.38,307.24,310.64,896120,0.0
2020-08-05,311.26,312.72,308.64,310.84,678692,0.0
2020-08-06,310.36,312.42,307.865,312.36,551918,0.0
2020-08-07,311.39,312.425,306.22,309.25,567716,0.0
2020-08-10,303.99,305.55,301.01,304.33,409711,0.0
2020-08-11,303.63,305.15,298.47,299.03,647356,0.0
2020-08-12,299.93,305.6,299.88,304.75,647556,0.0
2020-08-13,305.25,310.71,305.25,306.61,551975,0.0
2020-08-14,307.55,308.74,304.82,305.54,470064,0.0
2020-08-17,307.84,310.015,306.83,308.01,544394,0.0
2020-08-18,310,311,306.58,309.03,620395,0.0
2020-08-19,308.67,313.95,305.86,310.55,824834,0.0
2020-08-20,310,320.655,309.94,320.15,873638,0.0
2020-08-21,319.86,322.6,318.4,322.39,981091,0.0
2020-08-24,325.27,334.15,324.63,333.26,1948232,0.0
2020-08-25,332.5,337.37,329.9513,336.97,1518126,0.0
2020-08-26,356.86,360,338.07,342.24,2929884,0.0
2020-08-27,341.84,349.51,339.06,345,1774448,0.0
2020-08-28,346.73,347.38,343.84,346.37,1008871,0.0
2020-08-31,345.89,346.2389,342.1,345.39,760265,0.0
2020-09-01,344.92,349.33,343.56,347.31,897372,0.0
2020-09-02,348.67,355.67,347.47,354.08,1253943,0.0
2020-09-03,353.11,353.11,336.66,339.63,1213844,0.0
2020-09-04,337.76,340.53,324.61,333.11,1037143,0.0
2020-09-08,320.79,329.36,319.6466,320.81,1287757,0.0
2020-09-09,324.4,331.305,319.7354,327.97,971151,0.0
2020-09-10,329.47,330.15,317.07,320.33,910493,0.0
2020-09-11,323.82,325.35,311.41,315.08,786232,0.0
2020-09-14,320.17,321.25,315.77,318.31,644842,0.0
2020-09-15,321.38,324.145,319.38,322.76,970286,0.0
2020-09-16,324.86,326.23,312.61,313.47,1382835,0.0
2020-09-17,304.91,308.4,301.34,307.38,1605998,0.0
2020-09-18,307.7,312.95,296.77,300.14,1692240,0.0
2020-09-21,296.29,308.02,295.37,307.76,1417160,0.0
2020-09-22,309.81,318.12,306.695,317.13,1553238,0.0
2020-09-23,315.4,315.98,303.055,305.01,1157947,0.0
2020-09-24,304.67,312.63,301.94,308.74,1108476,0.0
2020-09-25,309.9,318.79,307.77,318.54,1031424,0.0
2020-09-28,325.43,326.13,322.26,325.8,824561,0.0
2020-09-29,325.54,329.22,323.05,323.75,863349,0.0
2020-09-30,323.02,329.14,319.67,326.22,1263934,0.0
2020-10-01,330.6,333.98,329.85,332.43,773551,0.0
2020-10-02,326.16,329.48,319.91,321.96,645541,0.0
2020-10-05,330.33,332,327.12,331.39,955591,0.0
2020-10-06,331.31,333.87,323.91,325.38,725446,0.0
2020-10-07,327.74,336.91,327.08,335.02,950086,0.0
2020-10-08,336.115,337.76,333.26,334.92,590222,0.0
2020-10-09,336.62,342.2,335.773,341.98,574724,0.0
2020-10-12,345.18,353.98,342.21,350.85,1208264,0.0
2020-10-13,352.67,353.74,347.5131,349.63,855613,0.0
2020-10-14,351.49,351.49,341.23,345.48,568660,0.0
2020-10-15,341.29,343.18,338.03,341.97,589738,0.0
2020-10-16,343.78,346.82,340.95,341.15,545074,0.0
2020-10-19,343.62,344.23,334.05,335.5,498963,0.0
2020-10-20,338.35,338.95,333.45,334.5,665218,0.0
2020-10-21,335.69,336.675,331.31,332.7,568697,0.0
2020-10-22,332.94,333.91,325.31,331.83,632039,0.0
2020-10-23,333.32,334.59,330,334.59,505433,0.0
2020-10-26,330.91,332.095,323.44,328.23,604195,0.0
2020-10-27,330.59,333.4,329.31,330.05,571227,0.0
2020-10-28,323.47,325.1,317.96,318.49,632321,0.0
2020-10-29,319.34,329.3866,319.33,325.55,583914,0.0
2020-10-30,321.91,325.165,312.05,314.71,1162733,0.0
2020-11-02,317.76,321.87,312.17,316.62,796640,0.0
2020-11-03,319.91,326.94,317.83,324.74,781751,0.0
2020-11-04,339.72,347.91,334.11,343.01,1008405,0.0
2020-11-05,350.92,352.01,346.22,350.98,824037,0.0
2020-11-06,351.48,353.85,344.8,352.04,462860,0.0
2020-11-09,365.95,377.15,359.31,359.93,1434019,0.0
2020-11-10,358.15,358.15,339.35,342.26,1205075,0.0
2020-11-11,345.65,356.5545,342.93,352.39,861321,0.0
2020-11-12,352.97,356.64,347.65,349.51,670772,0.0
2020-11-13,351.84,357.45,350.43,356.955,739681,0.0
2020-11-17,354.98,360,353.43,358.78,818678,0.0
2020-11-18,356.24,360.26,353.7607,354.78,732675,0.0
2020-11-19,353.2,362.29,349.05,361.4999,1224280,0.0
2020-11-20,358.85,359.989,347.51,347.7,2162992,0.0
2020-11-23,348.07,350.32,337.72,343.25,1334593,0.0
2020-11-24,345,347.73,342.52,345.21,890978,0.0
2020-11-25,345.72,352.47,345.01,350.47,1000329,0.0
2020-11-27,353.93,358.04,351.83,354.23,459880,0.0
2020-11-30,353.45,356.44,348.13,352.35,826550,0.0
2020-12-01,356.01,359.29,352.29,356.64,776671,0.0
2020-12-02,355.66,356.15,350.0555,355.49,593456,0.0
2020-12-03,355.19,366.68,353.47,363.7,1239657,0.0
2020-12-04,365.15,371.94,364.07,368.36,1201058,0.0
2020-12-07,367.82,373.98,367.28,372.43,1598160,0.0
2020-12-08,372.4,380.5,370.525,372.685,1558631,0.0
2020-12-09,368.91,370.14,361.11,364.18,2152914,0.0
2020-12-10,361.23,364.395,357.45,362.3,1279741,0.0
2020-12-11,362.12,364.65,358,364.57,957080,0.0
2020-12-14,364.44,369.305,363.6054,365.53,1168481,0.0
2020-12-15,365.82,367.76,360.15,360.33,1311258,0.0
2020-12-16,361.31,370.36,360.03,369.51,1362071,0.0
2020-12-17,371.93,380.99,370.34,380.58,1645851,0.0
2020-12-18,377.16,380.8,375.53,380.33,1477128,0.0
2020-12-21,374.72,377.82,368.42,376.2,839898,0.0
2020-12-22,376,380.14,373.58,379.98,900432,0.0
2020-12-23,379.01,383.94,376.71,376.73,754619,0.0
2020-12-24,377.51,381.79,377.43,380.87,326190,0.0
2020-12-28,387.57,387.94,378.04,380.99,766724,0.0
2020-12-29,383.2,384.815,377.32,378.55,545576,0.0
2020-12-30,380.82,381.975,375.34,375.54,605724,0.0
2020-12-31,375.02,380.48,374.9527,379.81,663052,0.0
2021-01-04,379.74,384.62,366.17,371.7,1264423,0.0
2021-01-05,370.44,374,367.31,368.87,958256,0.0
2021-01-06,359.17,364.01,357.69,361.19,1298123,0.0
2021-01-07,363.24,370.228,360.33,368.3,942329,0.0
2021-01-08,369.79,375.03,368.5952,374.45,993112,0.0
2021-01-11,376.13,376.76,366.38,372.13,1330525,0.0
2021-01-12,371.83,372.63,362.35,365.33,985936,0.0
2021-01-13,364.97,367.33,360.5,364.96,778874,0.0
2021-01-14,365.2879,369.63,364.97,365.46,927744,0.0
2021-01-15,364.88,373.84,363.03,371,1328938,0.0
2021-01-19,374.87,386.38,374.36,384.985,1293141,0.0
2021-01-20,391.6665,398.12,388.98,389.63,1809754,0.0
2021-01-21,386.21,388.42,377.81,381.75,1489738,0.0
2021-01-22,384.4,384.4,374.64,374.66,929882,0.0
2021-01-25,378.04,378.84,364.31,374.46,1299596,0.0
2021-01-26,374.03,376.14,370.28,374.8,540440,0.0
2021-01-27,368.005,375,359.33,363.21,1654791,0.0
2021-01-28,366.345,376.668,365.71,369.95,1187124,0.0
2021-01-29,366.36,369.89,359.69,361.15,1142296,0.0
2021-02-01,365.49,378.45,364.59,373.43,1107776,0.0
2021-02-02,376.33,385.47,375.53,384.11,935729,0.0
2021-02-03,382.68,383.68,377,380.4,686383,0.0
2021-02-04,381.94,392.95,380,392.9,1357921,0.0
2021-02-05,392.54,396.47,387.72,389.38,727186,0.0
2021-02-08,393.48,395.15,386.88,389.81,777718,0.0
2021-02-09,385.85,392.86,384.64,391.19,710882,0.0
2021-02-10,395.84,399.04,390.59,397.29,867501,0.0
2021-02-11,400,409.3,396.59,409.29,1117961,0.0
2021-02-12,410,414.47,407.12,414.03,908559,0.0
2021-02-16,417.54,423.74,417.27,422.24,1189575,0.0
2021-02-17,419.93,420.41,412.05,415.75,1023408,0.0
2021-02-18,414.38,420,408.43,415.4,910135,0.0
2021-02-19,413.35,417.81,409.155,411.11,1130635,0.0
2021-02-22,408.16,408.835,401.24,401.49,971788,0.0
2021-02-23,398.12,402.8,390.24,398.87,2202824,0.0
2021-02-24,388.29,415.43,382.8,412.7,3009856,0.0
2021-02-25,407.59,408.95,386.65,387.53,1866353,0.0
2021-02-26,390.46,396.61,385,390.14,1215315,0.0
2021-03-01,396.33,407.86,394.22,406.66,1240390,0.0
2021-03-02,406.49,406.52,398.67,401.75,990974,0.0
2021-03-03,399.08,401.01,388.46,388.49,1104630,0.0
2021-03-04,388.42,392.08,373.57,376.42,1699462,0.0
2021-03-05,381.93,384,367.78,382.18,1365216,0.0
2021-03-08,381.54,388.11,369.8,370.41,1402038,0.0
2021-03-09,380.88,388.69,379.78,384.59,1476351,0.0
2021-03-10,394.57,394.57,382.25,382.81,1043935,0.0
2021-03-11,390.48,401.03,390.32,399.21,1208541,0.0
2021-03-12,394.21,396.63,387.38,395.95,1001132,0.0
2021-03-15,393.37,398,390.38,396.84,1157479,0.0
2021-03-16,400.51,401.89,392.49,395.42,887569,0.0
2021-03-17,392.85,395.83,385.75,391.69,1221805,0.0
2021-03-18,384.07,385.63,373.46,373.89,1609346,0.0
2021-03-19,374.25,385.31,373.29,380.94,1954398,0.0
2021-03-22,381.81,386.06,380.07,383.02,1157164,0.0
2021-03-23,386.025,387.8,381.53,383.13,882958,0.0
2021-03-24,383.79,386.19,376.73,377.42,975612,0.0
2021-03-25,375.46,375.87,365.15,372.21,1283227,0.0
2021-03-26,369.16,377.05,367.94,376.95,1789504,0.0
2021-03-29,377.64,379.69,369.345,374.43,1304665,0.0
2021-03-30,371.08,376.1189,368.74,373.96,794815,0.0
2021-03-31,380.07,386,376.46,383.18,1073455,0.0
2021-04-01,388.75,397.41,388.49,395.27,1170953,0.0
2021-04-05,397.57,402.89,396.38,402.15,1013575,0.0
2021-04-06,399.59,405,396.85,401.42,614405,0.0
2021-04-07,400.16,403.115,399.02,400.93,547926,0.0
2021-04-08,403.54,412.48,402.9,411.46,1085174,0.0
2021-04-09,412.41,418.3665,409.29,417.31,866445,0.0
2021-04-12,415.5284,417.125,412.485,415.99,762161,0.0
2021-04-13,416.44,419.53,414.31,418.95,834904,0.0
2021-04-14,422.77,422.77,410.44,411.19,731810,0.0
2021-04-15,414.64,418.35,413.17,417.43,710201,0.0
2021-04-16,419.18,420.18,414.27,415.82,790867,0.0
2021-04-19,415.82,417,400.97,402.28,935944,0.0
2021-04-20,401.03,406.93,399.24,405.37,913598,0.0
2021-04-21,406.32,409.78,401.985,408.93,679373,0.0
2021-04-22,409.65,411.51,404.23,406.86,585252,0.0
2021-04-23,409.46,416.2,408.43,414.89,677462,0.0
2021-04-26,414.44,418.68,410.9,418.43,552815,0.0
2021-04-27,419.3,420.885,414,415.92,475182,0.0
2021-04-28,415.07,417.46,411.4,416,417124,0.0
2021-04-29,417.2,418.1,411.5646,416.15,491367,0.0
2021-04-30,413.31,418.08,411.615,412.43,795426,0.0
2021-05-03,414.6,415.67,409,411.3,510575,0.0
2021-05-04,409.15,409.15,395.88,397.6,887105,0.0
2021-05-05,401.34,403.08,390.81,391.96,746043,0.0
2021-05-06,390.81,394.505,386.15,394.13,794984,0.0
2021-05-07,400.64,406.07,396.43,400.91,813652,0.0
2021-05-10,400.23,401.51,392.29,392.63,735297,0.0
2021-05-11,390.86,400.21,385.66,394.7,796356,0.0
2021-05-12,393.68,402.24,391.0893,399.88,1707348,0.0
2021-05-13,401.86,405.99,397,403.49,1053604,0.0
2021-05-14,407.19,418.55,403.54,416.98,1001946,0.0
2021-05-17,415.17,419.495,409.46,419.48,962690,0.0
2021-05-18,421,424.6351,417.07,417.13,880913,0.0
2021-05-19,409.52,421.745,408.72,421.33,1080316,0.0
2021-05-20,423.51,436.99,423.37,435.27,944270,0.0
2021-05-21,438.29,441.36,431.76,433.64,1009213,0.0
2021-05-24,439.2,442.71,438.07,440.43,815483,0.0
2021-05-25,440.01,442.035,436.88,439.35,1186724,0.0
2021-05-26,440.92,445.655,437.59,442.92,1797117,0.0
2021-05-27,434.13,437.77,427.42,432.36,2116676,0.0
2021-05-28,434.96,442,433.82,439.1,1229906,0.0
2021-06-01,441.7,441.95,434.65,438.85,768169,0.0
2021-06-02,438.06,447.08,436.0129,445.38,1157853,0.0
2021-06-03,439.5,451.93,438,450.56,1327092,0.0
2021-06-04,454.71,463.62,454.01,462.28,1155065,0.0
2021-06-07,459.56,461.83,454.8,457.2,706594,0.0
2021-06-08,460.88,466,458.82,465.27,1212015,0.0
2021-06-09,466.97,470.61,465.42,468.32,741443,0.0
2021-06-10,467.32,473.71,466.24,471.57,832999,0.0
2021-06-11,470.3,474.62,468.69,472.25,1034066,0.0
2021-06-14,472.33,476.99,469.87,476.97,792664,0.0
2021-06-15,478.19,478.19,468.85,470.7,1113145,0.0
2021-06-16,469.43,473.72,464.72,469.1,910472,0.0
2021-06-17,468.88,476.49,467.31,474.66,1112393,0.0
2021-06-18,475.65,478.49,472.34,473.15,913002,0.0
2021-06-21,477.18,481.12,472,477.9,908397,0.0
2021-06-22,477.31,479.74,475.12,477.42,1124879,0.0
2021-06-23,477.78,482.2,477.56,478.62,1066934,0.0
2021-06-24,480.44,486.25,480.3,482.6,911363,0.0
2021-06-25,480.99,490.19,477,486.5,961883,0.0
2021-06-28,485.65,491.39,485.635,486.91,767904,0.0
2021-06-29,485.15,491.66,484.46,491.25,622836,0.0
2021-06-30,490.63,492.6,487.4675,490.38,671974,0.0
2021-07-01,490.01,493.68,487.23,491.06,762817,0.0
2021-07-02,494.86,500.83,494.585,497.43,808756,0.0
2021-07-06,500.85,502.69,498.225,501.09,936172,0.0
2021-07-07,505.53,508.63,503.12,506.1,770999,0.0
2021-07-08,501.25,506.89,497.08,506.09,790967,0.0
2021-07-09,502.9448,505.59,495.74,503.48,1039551,0.0
2021-07-12,506.99,507.7,503,505.12,748487,0.0
2021-07-13,504.9,509.97,503.63,506.6,830946,0.0
2021-07-14,508.77,511.69,504.5858,505.56,1054376,0.0
2021-07-15,506.61,506.61,500.38,503.19,913103,0.0
2021-07-16,504.15,505,500.85,501.25,557336,0.0
2021-07-19,498.84,502.48,496,498.79,1075823,0.0
2021-07-20,499.31,512.67,499.01,508.55,1026835,0.0
2021-07-21,506.06,514.585,503.08,514.54,932525,0.0
2021-07-22,516.11,522.09,514.1,521.32,794331,0.0
2021-07-23,524.92,532.33,522.02,528.42,817560,0.0
2021-07-26,528.21,530.23,523.13,529.29,579271,0.0
2021-07-27,528.02,530.52,516.44,522.94,833235,0.0
2021-07-28,525.17,527.23,520.93,523.15,550874,0.0
2021-07-29,521.21,529.44,521.21,525.51,519939,0.0
2021-07-30,525.2,530.86,525.02,530.43,686588,0.0
2021-08-02,531.31,534.77,525.37,527.55,683642,0.0
2021-08-03,528.38,532.11,524.26,529.84,739306,0.0
2021-08-04,530.83,537.17,528.44,535.79,570111,0.0
2021-08-05,536.74,540.63,534.54,537.95,758412,0.0
2021-08-06,534.81,537.88,530.01,534.23,783834,0.0
2021-08-09,534.17,537.24,531.87,535.16,628879,0.0
2021-08-10,538.23,539.99,528.71,530.39,656056,0.0
2021-08-11,529.39,533.04,526.62,532.23,682296,0.0
2021-08-12,532.29,538.14,530.23,537,417397,0.0
2021-08-13,536.36,541.205,534.51,540.65,440751,0.0
2021-08-16,540.45,542.96,535.87,542.94,649434,0.0
2021-08-17,542.87,542.87,534.14,536.2,763176,0.0
2021-08-18,535.075,539.59,532.11,532.97,553029,0.0
2021-08-19,531.53,547.9,527.83,543.44,1311966,0.0
2021-08-20,547.2,549.68,542.97,545.31,1034346,0.0
2021-08-23,548.85,553.8,548.2,552.48,1214396,0.0
2021-08-24,553.61,555.03,548.83,554.17,1314108,0.0
2021-08-25,575.21,582.96,566.8,566.8,267843,0.0
