Date,Open,High,Low,Close,volume,trade_count,vwap
2020-12-31,23.55,23.865,23.18,23.65,2602690,22463,23.611819
2021-01-04,23.64,24.3,23.305,23.53,5222581,24778,23.688641
2021-01-05,23.56,24.99,23.29,24.925,3737366,26688,24.515872
2021-01-06,24.84,25.99,24.8,25.69,3251681,24955,25.680354
2021-01-07,25.93,25.97,25.43,25.455,1424657,12755,25.634689
2021-01-08,25.55,25.564,24.75,25.11,1506771,14124,25.060102
2021-01-11,24.71,25.255,24.51,25.11,1750740,14630,25.061413
2021-01-12,25.28,25.4634,24.67,24.93,2436778,17417,24.930504
2021-01-13,25.02,25.07,24.44,24.67,2033254,15057,24.722317
2021-01-14,24.86,24.86,24.34,24.52,1676816,15145,24.546269
2021-01-15,24.39,24.57,24.03,24.445,4676178,29029,24.361605
2021-01-19,24.66,24.69,24.195,24.41,2613921,17883,24.383652
2021-01-20,24.59,24.74,24.335,24.6,2575739,19459,24.54451
2021-01-21,24.58,24.955,24.53,24.63,3539230,14205,24.701977
2021-01-22,24.52,24.98,24.45,24.79,2563663,13207,24.668072
2021-01-25,24.75,25.22,24.69,25.11,2481288,19337,24.971599
2021-01-26,25.36,25.55,25.11,25.45,3147365,19044,25.348341
2021-01-27,25.28,25.57,24.81,25.16,3263817,28140,25.176954
2021-01-28,25.19,25.79,25.01,25.08,2776424,24566,25.238997
2021-01-29,24.93,25.05,24.06,24.16,4906194,33496,24.479995
2021-02-01,24.23,24.53,23.89,24.055,2140724,17242,24.087837
2021-02-02,24.16,24.365,23.65,23.71,2095726,19095,23.8711
2021-02-03,23.76,24.18,23.68,24.01,2043644,17694,23.960311
2021-02-04,23.96,24.34,23.92,24.19,1748497,12614,24.14505
2021-02-05,24.4,24.46,24.295,24.36,1160356,10624,24.369508
2021-02-08,24.45,24.92,24.45,24.78,1925134,11597,24.747025
2021-02-09,24.71,24.78,24.21,24.71,2102307,16377,24.581979
2021-02-10,24.86,25.34,24.34,24.84,3246121,21628,24.952382
2021-02-11,24.8,25.01,24.645,24.97,1378113,12150,24.89885
2021-02-12,24.94,25.03,24.74,24.78,1753062,12222,24.867966
2021-02-16,24.89,26.255,24.88,25.87,3746750,29150,25.829207
2021-02-17,25.63,26.22,25.355,25.98,3596778,23304,25.908701
2021-02-18,25.84,25.98,25.45,25.86,2429709,17313,25.802004
2021-02-19,26.0,26.425,25.83,26.26,1503668,13175,26.253345
2021-02-22,26.12,26.385,25.45,25.49,3543292,14847,25.60636
2021-02-23,25.49,25.49,24.81,25.145,2218066,20447,25.106315
2021-02-24,25.04,25.37,24.79,24.83,2279895,19067,24.950056
2021-02-25,24.82,25.18,24.265,24.385,2040240,19776,24.563447
2021-02-26,24.2,24.42,23.77,24.3,4365094,26614,24.228299
2021-03-01,24.59,24.59,23.985,24.44,2423653,17541,24.331755
2021-03-02,24.48,24.905,24.285,24.49,5612029,21085,24.585364
2021-03-03,24.5,24.68,24.1,24.17,4703186,18097,24.253089
2021-03-04,24.07,24.24,23.46,23.535,3672364,27190,23.829155
2021-03-05,23.63,23.84,23.095,23.655,3671080,30692,23.564002
2021-03-08,23.76,24.19,23.455,23.84,3953734,28095,23.876885
2021-03-09,23.87,24.68,23.85,24.36,3873623,26416,24.337297
2021-03-10,24.6,25.085,24.34,24.99,4245089,26943,24.78083
2021-03-11,24.95,25.565,24.76,25.27,4261503,25940,25.296849
2021-03-12,25.43,25.52,25.15,25.43,3026674,20396,25.365982
2021-03-15,25.53,26.0,25.345,25.79,3438491,23432,25.709742
2021-03-16,25.83,26.26,25.45,26.12,5579358,36184,26.049054
2021-03-17,25.9,26.33,25.66,26.295,2758948,22051,26.040673
2021-03-18,26.12,26.43,25.81,25.865,2033092,20529,26.048646
2021-03-19,26.08,26.44,25.78,26.13,3303642,23081,26.159422
2021-03-22,25.97,26.79,25.51,26.56,1931793,19579,26.534681
2021-03-23,26.54,26.75,26.08,26.33,3937591,23565,26.446151
2021-03-24,26.46,26.52,25.58,25.61,1858139,18197,25.874294
2021-03-25,25.46,26.08,25.34,25.99,1589283,15265,25.805793
2021-03-26,26.09,26.15,25.51,25.97,2974122,18942,25.838142
2021-03-29,25.89,26.16,25.185,25.26,2396595,24109,25.46057
2021-03-30,25.21,25.31,24.84,25.26,2835053,22653,25.120467
2021-03-31,25.2,25.855,25.11,25.54,3213113,21409,25.627024
2021-04-01,25.45,25.75,25.35,25.63,2045556,18828,25.568135
2021-04-05,25.79,25.96,25.37,25.49,1111346,11624,25.52181
2021-04-06,25.35,26.0269,25.25,25.89,2426595,17579,25.734273
2021-04-07,26.02,26.08,25.605,25.635,1816451,15418,25.810839
2021-04-08,25.57,25.69,25.32,25.44,1288150,15222,25.459028
2021-04-09,25.47,25.77,25.25,25.71,2368379,19760,25.478554
2021-04-12,25.7,25.88,25.54,25.72,1177346,11743,25.730358
2021-04-13,25.62,26.09,25.59,25.68,1402092,15670,25.833284
2021-04-14,25.67,25.975,25.67,25.76,1974217,16687,25.83347
2021-04-15,25.91,26.195,25.71,26.13,1593241,14600,25.966245
2021-04-16,26.2699,26.46,26.235,26.33,1165161,11337,26.364716
2021-04-19,26.34,26.45,26.13,26.345,1523020,13130,26.266783
2021-04-20,26.17,26.46,26.055,26.12,1594547,14811,26.228018
2021-04-21,26.17,26.38,25.93,25.97,2545895,14627,26.04274
2021-04-22,25.95,26.02,25.125,25.17,2408644,18781,25.369794
2021-04-23,25.01,25.345,24.895,25.07,2287578,17861,25.09788
2021-04-26,25.27,26.06,25.08,25.98,2951901,23653,25.806918
2021-04-27,25.91,26.06,25.73,25.85,2298647,13679,25.871271
2021-04-28,25.9185,26.92,25.74,26.74,3041444,22430,26.571666
2021-04-29,26.58,27.385,25.8572,27.365,2393714,17530,27.075078
2021-04-30,27.38,27.38,27.04,27.06,1908875,12756,27.138249
2021-05-03,27.27,27.73,27.06,27.12,1001922,9560,27.236454
2021-05-04,26.71,27.05,26.56,26.87,1679549,10025,26.834205
2021-05-05,26.86,27.24,26.62,27.03,1832849,13163,26.987974
2021-05-06,27.14,28.4,27.01,28.24,1824231,17006,28.00027
2021-05-07,27.96,28.49,27.66,27.8,1490666,12535,27.90138
2021-05-10,27.69,28.095,27.59,27.81,1145379,10072,27.852368
2021-05-11,27.74,28.06,27.48,28.04,1326251,12171,27.882273
2021-05-12,27.85,28.02,27.505,27.56,1115701,10672,27.663571
2021-05-13,27.67,28.03,27.47,27.79,1475389,11875,27.768282
2021-05-14,28.01,28.34,27.85,28.25,1348422,10553,28.212813
2021-05-17,28.32,28.7,28.12,28.18,1795585,15427,28.309599
2021-05-18,28.15,28.57,27.955,27.98,5023623,17257,28.070965
2021-05-19,27.65,27.83,27.315,27.4,1567076,14695,27.488747
2021-05-20,27.51,27.84,27.43,27.54,1603849,14164,27.619975
2021-05-21,27.71,27.81,27.23,27.38,1959604,17125,27.410654
2021-05-24,27.42,27.47,27.07,27.19,1772073,15445,27.213214
2021-05-25,27.24,27.42,26.99,27.04,1368542,14346,27.090061
2021-05-26,27.17,27.26,26.855,27.08,1218813,12688,27.030177
2021-05-27,26.93,27.21,26.81,26.94,4218421,19934,26.969189
2021-05-28,26.93,27.33,26.71,27.22,1623211,14385,27.148815
2021-06-01,27.24,27.48,26.165,26.28,3334611,22277,26.555032
2021-06-02,26.3,26.73,26.06,26.65,3582741,18312,26.585578
2021-06-03,26.37,26.72,26.04,26.62,1807402,15605,26.440556
2021-06-04,26.72,26.95,26.72,26.89,1249613,12053,26.859891
2021-06-07,26.82,27.24,26.82,27.11,1456998,11891,27.108977
2021-06-08,27.09,27.605,26.85,27.37,1600741,13212,27.432533
2021-06-09,27.5,27.785,27.45,27.64,1988164,16018,27.644089
2021-06-10,27.86,28.24,27.78,28.03,1172527,10739,28.045349
2021-06-11,28.03,28.17,27.77,27.9,1340745,12237,27.897054
2021-06-14,27.81,27.96,27.74,27.83,1746613,11293,27.836437
2021-06-15,27.78,28.05,27.72,27.99,1455862,9652,27.965314
2021-06-16,28.06,28.06,27.5,27.82,2366722,21299,27.764451
2021-06-17,27.82,27.97,27.35,27.61,1549233,15880,27.636092
2021-06-18,27.12,27.3,26.68,26.96,4665303,21682,26.971805
2021-06-21,27.12,27.415,26.8,27.19,2048384,15517,27.101649
2021-06-22,27.32,27.54,27.13,27.3,2008507,14738,27.339181
2021-06-23,27.33,27.9,27.3,27.42,2465757,18191,27.602957
2021-06-24,27.53,28.015,27.53,27.77,1687114,13739,27.790535
2021-06-25,27.72,28.48,27.72,28.33,2104912,17427,28.204863
2021-06-28,28.28,28.35,27.74,27.88,1714935,14365,27.902452
2021-06-29,27.81,27.85,27.375,27.4,1534135,17105,27.613781
2021-06-30,27.35,27.59,26.91,27.04,2960573,21893,27.112753
2021-07-01,27.15,27.585,26.88,27.29,1596751,17680,27.348956
2021-07-02,27.32,27.38,26.97,27.08,1042515,9264,27.0938
2021-07-06,27.04,27.1,26.105,26.11,1934048,18166,26.298002
2021-07-07,26.01,26.2,25.59,25.7,2842972,17008,25.789066
2021-07-08,25.36,25.9,25.29,25.63,2548174,21110,25.624413
2021-07-09,25.79,26.545,25.78,26.44,2670458,13119,26.359221
2021-07-12,26.42,26.625,26.29,26.48,1669907,14172,26.479579
2021-07-13,26.49,26.53,26.18,26.32,1982505,21813,26.353709
2021-07-14,26.51,26.56,25.65,25.65,2660052,22577,25.915362
2021-07-15,25.55,25.7446,25.45,25.6,2249633,17071,25.610511
2021-07-16,25.63,25.75,25.19,25.21,1545852,13078,25.472823
2021-07-19,24.91,25.42,24.72,25.39,4217807,25320,25.193004
2021-07-20,25.43,26.035,25.35,25.96,4201439,22451,25.907583
2021-07-21,26.07,26.59,26.04,26.24,2836025,21754,26.387322
2021-07-22,26.19,26.295,25.79,26.04,1707198,14399,25.977475
2021-07-23,26.09,26.19,25.77,26.02,1779454,13595,25.932566
2021-07-26,26.0,26.3,25.86,26.26,1779179,15340,26.147899
2021-07-27,26.12,26.27,25.88,26.21,1837363,13690,26.038218
2021-07-28,26.21,26.5765,25.96,26.3,1518974,12448,26.329151
2021-07-29,26.3,26.37,25.67,25.71,2214750,18248,25.868098
2021-07-30,25.86,27.29,25.68,26.86,3495934,24870,26.903191
2021-08-02,26.93,27.0,26.425,26.76,3651117,18191,26.716312
2021-08-03,26.82,27.59,26.355,27.53,3416283,23912,27.126111
2021-08-04,27.54,28.11,27.435,27.6,3043482,25488,27.706
2021-08-05,27.62,28.39,27.62,27.8,3354062,25011,27.931872
2021-08-06,27.89,28.395,27.85,28.02,1884913,15149,28.072067
2021-08-09,28.04,28.29,27.945,28.12,1724938,13964,28.10673
2021-08-10,28.07,28.27,26.51,28.01,1590195,14970,28.060701
2021-08-11,28.15,28.69,27.92,28.65,2408843,17061,28.39854
2021-08-12,28.59,28.89,28.19,28.86,1269175,11874,28.665815
2021-08-13,28.96,29.38,28.88,29.32,1344644,11022,29.228641
2021-08-16,29.14,29.445,29.06,29.16,1496185,13302,29.260288
2021-08-17,28.96,29.0,28.23,28.46,1988775,16873,28.506138
2021-08-18,28.35,28.53,27.97,27.99,1947241,18251,28.212999
2021-08-19,27.75,27.93,27.285,27.38,1715733,17118,27.491895
2021-08-20,27.44,27.725,27.33,27.59,1419197,16646,27.583669
2021-08-23,27.53,28.165,27.53,28.0,1227756,12119,27.963219
2021-08-24,27.96,28.33,27.82,27.94,1507520,14882,27.989219
2021-08-25,27.91,28.395,27.79,28.3,2341690,16877,28.216724
2021-08-26,28.26,28.6,28.15,28.35,2192284,17204,28.380851
2021-08-27,28.52,28.78,28.42,28.54,1532857,13303,28.570295
2021-08-30,28.45,28.82,28.2828,28.58,1455957,14071,28.595195
2021-08-31,28.4,29.14,28.3,28.98,3700037,25883,28.806865
2021-09-01,29.06,29.25,28.44,28.6,2745095,21250,28.763437
2021-09-02,28.61,29.28,28.48,29.22,1984785,17896,29.08752
2021-09-03,29.06,29.18,28.71,28.85,2018028,19247,28.919514
2021-09-07,28.8,29.6,28.66,29.52,2711222,26065,29.264281
2021-09-08,29.59,29.61,29.045,29.27,4154417,28408,29.241109
2021-09-09,29.15,29.28,28.93,28.99,3074779,25976,29.080368
2021-09-10,29.08,29.2,27.55,28.62,2435145,17647,28.737786
2021-09-13,28.72,28.94,28.49,28.69,2726126,19020,28.747394
2021-09-14,28.84,29.475,28.42,28.6,3252842,21609,28.60157
2021-09-15,28.52,28.78,28.4,28.7,2337124,16194,28.661974
2021-09-16,28.69,28.69,28.2,28.54,2780741,17822,28.427262
2021-09-17,28.52,28.94,28.37,28.79,4408601,20181,28.718938
2021-09-20,28.42,28.59,27.385,27.68,2871536,21482,27.711385
2021-09-21,27.9,27.96,27.38,27.68,1960040,19756,27.683505
2021-09-22,28.0,28.83,27.97,28.5,1862992,17984,28.526454
2021-09-23,28.77,29.72,28.73,29.57,2247454,18967,29.432292
2021-09-24,29.41,29.89,29.41,29.72,1978390,16034,29.718809
2021-09-27,29.77,30.46,29.63,30.04,1967315,17879,30.129836
2021-09-28,30.02,30.475,29.57,29.75,4663162,27411,29.868638
2021-09-29,29.71,30.26,29.33,29.72,3951661,20369,29.887508
2021-09-30,29.87,30.14,29.32,29.46,4195780,25376,29.624092
2021-10-01,29.53,29.64,28.515,28.82,2434806,20466,28.866818
2021-10-04,28.81,29.83,28.81,28.9,2523131,23705,29.27061
2021-10-05,29.01,30.0,28.76,29.87,2546589,23774,29.597487
2021-10-06,29.61,29.95,29.1,29.59,2401773,18342,29.542051
2021-10-07,29.86,30.05,29.575,29.63,1397233,13752,29.83422
2021-10-08,29.67,30.13,29.3,29.31,1855310,14509,29.709616
2021-10-11,29.46,30.11,29.2,29.51,1293224,12679,29.777652
2021-10-12,29.56,29.79,29.19,29.44,2031408,19390,29.375088
2021-10-13,29.35,29.51,28.9,29.16,1367727,12120,29.199805
2021-10-14,29.5,29.73,28.89,29.51,1267085,11798,29.545823
2021-10-15,29.72,29.91,29.34,29.36,1125788,10610,29.537333
2021-10-18,29.18,29.33,28.935,29.29,1751525,14912,29.153053
2021-10-19,29.4,29.92,29.4,29.8,1179074,11175,29.814889
2021-10-20,29.73,30.49,29.73,29.95,1727317,16009,30.099906
2021-10-21,29.81,30.06,29.595,29.65,1245157,10646,29.728713
2021-10-22,29.72,30.2,29.56,29.81,1560414,14153,29.877891
2021-10-25,29.83,29.98,29.51,29.74,1307695,11641,29.757316
2021-10-26,29.77,29.965,29.37,29.39,1617502,14051,29.569629
2021-10-27,29.41,29.44,28.7,28.73,1664731,15381,28.984619
2021-10-28,28.83,28.87,28.215,28.72,2983081,24113,28.558184
2021-10-29,28.82,29.0,28.565,28.84,1767779,12880,28.777503
2021-11-01,29.0,29.68,29.0,29.36,1682684,13598,29.39558
2021-11-02,29.51,29.59,28.99,29.12,2020557,17446,29.266577
2021-11-03,29.09,29.615,28.9201,29.42,1890897,16771,29.448388
2021-11-04,28.09,28.72,27.52,28.11,3478194,29710,28.060895
2021-11-05,28.35,28.73,27.77,28.38,1969661,18431,28.34611
2021-11-08,28.29,28.88,28.29,28.81,1912642,18963,28.726452
2021-11-09,28.74,29.22,28.375,28.44,1959182,17752,28.669697
2021-11-10,28.42,28.85,27.615,27.64,1793842,18635,28.104723
2021-11-11,27.63,28.485,27.62,28.44,1773987,14818,28.202818
2021-11-12,28.46,28.845,28.39,28.74,1529581,11964,28.700317
2021-11-15,28.77,29.29,28.74,29.14,1435217,15231,29.130574
2021-11-16,29.33,29.6,28.91,28.91,1730937,16098,29.156774
2021-11-17,28.84,29.09,28.37,28.44,2148847,15725,28.528138
2021-11-18,28.5,28.59,27.99,28.12,1322857,14197,28.227864
2021-11-19,28.08,28.39,27.92,28.01,2035298,19862,28.091628
2021-11-22,28.22,28.92,28.17,28.67,1953845,22289,28.691801
2021-11-23,28.66,29.16,28.54,28.6,1683107,15758,28.693439
2021-11-24,28.39,28.79,28.33,28.45,1988563,18038,28.471202
2021-11-26,27.69,28.4,27.63,28.25,1343554,12715,28.069669
2021-11-29,28.33,28.35,27.62,27.92,2148868,20242,28.00053
2021-11-30,27.64,27.78,26.45,26.64,7074372,31343,26.78419
2021-12-01,27.02,27.79,26.68,26.71,3497327,31892,27.234715
2021-12-02,26.91,27.609,26.88,27.28,3256300,26149,27.399656
2021-12-03,27.28,27.74,27.24,27.39,2121985,18583,27.437412
2021-12-06,27.62,28.145,27.55,27.75,2186207,22532,27.851634
2021-12-07,27.94,28.07,27.24,27.35,2260084,20184,27.554333
2021-12-08,27.45,27.73,27.14,27.44,1662378,17853,27.474867
2021-12-09,27.25,27.69,27.14,27.17,1592152,16026,27.341158
2021-12-10,27.28,27.99,27.193,27.97,2148336,16524,27.742562
2021-12-13,27.97,28.24,27.82,27.87,3011456,25231,27.975549
2021-12-14,27.85,28.9,27.85,28.25,2753849,21712,28.458423
2021-12-15,28.15,28.315,27.335,28.15,2548127,21014,27.991625
2021-12-16,28.29,28.69,27.375,27.4,3020216,29132,27.847434
2021-12-17,27.4,27.84,27.2,27.42,4048116,25607,27.443923
2021-12-20,27.0,27.4,26.65,27.25,1743510,14692,27.05965
2021-12-21,27.58,27.85,27.43,27.56,2875575,20662,27.664899
2021-12-22,27.39,28.19,27.3625,28.14,2985762,22062,27.99196
2021-12-23,28.21,28.67,28.2,28.41,2460776,21350,28.436104
2021-12-27,28.3,28.575,28.21,28.45,1837158,16249,28.438404
2021-12-28,28.53,29.075,28.37,28.94,1553137,16143,28.93981
2021-12-29,28.92,29.12,28.6,28.68,793437,9358,28.715986
2021-12-30,28.73,28.89,28.2,28.24,1301698,13089,28.376264
2021-12-31,28.19,28.29,27.98,28.09,1129235,10189,28.134733
2022-01-03,28.14,28.38,28.09,28.14,1609664,14485,28.185493
2022-01-04,28.33,28.82,28.29,28.46,2410971,22721,28.555395
2022-01-05,28.57,28.76,27.49,27.49,1710846,18511,28.076693
2022-01-06,27.61,27.985,27.48,27.55,1512885,16538,27.706055
2022-01-07,27.67,28.21,27.57,27.73,1583030,18948,27.809888
2022-01-10,27.74,27.945,27.31,27.51,1549475,16734,27.582876
2022-01-11,27.5,28.01,27.5,27.89,1722968,16059,27.8517
2022-01-12,27.89,28.23,27.585,27.82,2948344,23903,27.855247
2022-01-13,27.93,28.605,27.75,28.25,2203866,17935,28.292876
2022-01-14,28.21,28.75,27.79,28.66,4670294,21722,28.240172
2022-01-18,28.65,28.92,27.57,27.97,2502673,22007,27.910391
2022-01-19,28.0,28.14,27.64,27.88,2802255,25701,27.917942
2022-01-20,27.87,28.31,27.52,27.54,2911100,21957,27.881185
2022-01-21,27.36,27.46,26.58,26.66,3909123,27314,26.970492
2022-01-24,26.48,26.7701,25.8691,26.63,3735702,29994,26.397935
2022-01-25,26.39,26.39,25.67,26.14,3461660,29609,25.972079
2022-01-26,26.42,26.59,25.635,25.85,3576818,25690,26.153938
2022-01-27,25.96,27.0101,25.32,25.45,4374720,29552,25.675954
2022-01-28,25.36,26.23,24.58,26.23,4598447,33201,25.7059
2022-01-31,26.23,27.06,26.22,27.04,2442804,20991,26.768487
2022-02-01,27.01,27.59,26.73,27.53,1980513,20892,27.267571
2022-02-02,27.66,27.88,27.41,27.8,1349864,16309,27.725939
2022-02-03,27.51,28.29,27.51,27.75,1731572,14686,27.905765
2022-02-04,27.75,27.935,27.31,27.69,2381236,20190,27.637435
2022-02-07,27.66,28.45,27.52,28.31,1390256,13652,28.219905
2022-02-08,28.42,28.625,28.13,28.43,1733069,17265,28.427921
2022-02-09,28.62,29.11,28.46,28.96,2037668,23097,28.863192
2022-02-10,28.76,29.17,28.255,28.29,3369674,25084,28.658971
2022-02-11,28.26,28.61,27.82,27.91,3048057,26329,28.179355
2022-02-14,27.82,28.1,27.545,27.74,1390732,14101,27.784199
2022-02-15,27.88,28.54,27.69,28.52,1323517,15898,28.342453
2022-02-16,28.35,29.07,28.35,28.94,1637981,18216,28.86472
2022-02-17,28.62,28.62,28.09,28.17,1719787,17826,28.271282
2022-02-18,27.99,28.23,26.46,26.54,3653400,30031,26.941847
2022-02-22,26.32,26.68,25.91,26.09,1735718,20157,26.228743
2022-02-23,26.1797,26.38,25.875,25.93,1550509,17462,26.101929
2022-02-24,25.36,26.085,24.99,26.02,2226523,22382,25.645093
2022-02-25,26.19,26.48,25.72,26.23,1733065,19550,26.189451
2022-02-28,25.74,26.76,25.69,25.87,4653732,25117,26.018075
2022-03-01,25.94,26.1,25.14,25.29,2717371,25902,25.484063
2022-03-02,25.48,26.55,25.48,26.28,2459545,22662,26.109483
2022-03-03,26.33,26.4,25.215,25.37,1897375,17261,25.592284
2022-03-04,25.0,25.22,24.275,24.45,2781296,25197,24.623496
2022-03-07,24.3,24.56,23.45,23.67,4706390,36706,23.904465
2022-03-08,23.75,24.55,23.58,24.06,4184106,38615,24.078423
2022-03-09,24.64,25.055,24.55,24.97,2552513,26251,24.906357
2022-03-10,24.56,24.875,24.39,24.61,1943812,19050,24.596213
2022-03-11,24.78,25.07,24.595,24.6,1869274,19931,24.765772
2022-03-14,24.9985,25.165,24.755,24.84,2209316,21987,24.919538
2022-03-15,25.11,25.44,24.94,25.29,2090326,21114,25.248097
2022-03-16,25.46,26.01,25.01,25.95,1997173,20424,25.823106
2022-03-17,25.85,26.05,25.65,25.94,1501927,16722,25.932031
2022-03-18,25.69,26.05,25.63,26.04,2872789,22931,25.917628
2022-03-21,26.01,26.25,25.57,25.86,1714144,18956,25.870598
2022-03-22,26.04,26.535,26.02,26.38,1492129,16072,26.302054
2022-03-23,26.32,26.53,25.82,25.95,2231343,21206,26.033356
2022-03-24,26.32,26.77,26.11,26.37,2350515,23882,26.385141
2022-03-25,26.42,26.62,26.25,26.41,1422722,13304,26.418341
2022-03-28,26.35,26.535,26.215,26.44,1332873,13313,26.40668
2022-03-29,26.71,26.995,26.265,26.9,2718505,28156,26.744559
2022-03-30,26.68,26.99,25.915,26.34,1744384,18645,26.309638
2022-03-31,26.22,27.0,25.88,25.91,1905801,15733,26.046651
2022-04-01,26.06,26.5,25.95,26.39,1732308,16081,26.327383
2022-04-04,26.41,26.53,26.07,26.36,1801554,15169,26.335527
2022-04-05,26.23,26.49,25.76,25.86,1324948,14166,26.009811
2022-04-06,25.67,26.02,25.42,25.46,1523708,15621,25.557269
2022-04-07,25.42,25.7,25.175,25.32,1616903,16904,25.398815
2022-04-08,25.4,26.015,25.22,25.91,1146263,11018,25.789366
2022-04-11,25.77,26.29,25.77,25.96,1435231,15260,26.055682
2022-04-12,26.22,26.23,25.51,25.52,1549201,15690,25.807134
2022-04-13,25.6,26.06,25.35,26.0,1536356,16448,25.893124
2022-04-14,26.18,26.325,25.85,25.86,1483990,16029,26.004803
2022-04-18,25.67,26.12,25.67,25.69,1244741,13916,25.88894
2022-04-19,25.7,26.47,25.66,26.29,2038502,16193,26.278298
2022-04-20,26.38,26.41,25.72,25.93,1667174,21162,26.009883
2022-04-21,26.08,26.39,25.1,25.2,1783686,19768,25.446776
2022-04-22,25.07,25.57,24.87,25.02,2658360,26702,25.201997
2022-04-25,24.85,25.13,24.24,24.98,1748207,19506,24.769541
2022-04-26,24.86,25.07,24.44,24.44,1446493,19056,24.653176
2022-04-27,24.44,24.76,24.37,24.47,2013145,22995,24.543726
2022-04-28,24.54,24.805,23.9,24.57,2052154,23639,24.407049
2022-04-29,24.39,24.65,23.68,23.7,2965308,23725,24.039424
2022-05-02,23.73,24.125,23.37,23.81,2589980,29280,23.757764
2022-05-03,23.81,24.52,23.81,24.25,1678031,19299,24.273319
2022-05-04,24.27,24.94,24.125,24.88,1543964,18241,24.519948
2022-05-05,24.61,24.78,24.16,24.43,1972496,24202,24.412476
