Date,Open,High,Low,Close,volume,trade_count,vwap
2020-12-31,96.05,97.04,94.93,95.77,1383711,21337,95.575536
2021-01-04,96.06,98.13,95.3,96.74,2159377,23069,96.688599
2021-01-05,96.93,101.8649,96.81,101.57,2934227,33959,100.346754
2021-01-06,101.45,105.8,99.9635,103.61,3650015,46679,104.055981
2021-01-07,104.84,112.75,104.7,111.89,4522331,45424,110.86193
2021-01-08,111.53,114.8049,110.83,114.57,3378076,40260,113.737321
2021-01-11,111.0,111.97,109.04,109.2,3377736,35346,109.936279
2021-01-12,108.75,110.07,106.06,107.45,2398226,26046,107.634414
2021-01-13,106.25,107.79,105.51,107.05,2723292,30456,106.946779
2021-01-14,108.49,108.53,104.64,104.77,3573882,36162,106.131521
2021-01-15,105.33,106.7,104.13,105.08,1308577,18983,105.119609
2021-01-19,107.74,110.37,107.54,110.1,2234109,27823,109.340054
2021-01-20,112.53,113.58,111.07,112.95,2511857,23008,112.846892
2021-01-21,115.47,116.09,113.25,116.03,2981271,30597,115.157561
2021-01-22,114.69,117.56,113.79,116.76,1834212,20873,116.541484
2021-01-25,125.84,128.38,123.5,124.29,4031555,49585,125.152849
2021-01-26,122.29,122.84,120.12,121.93,1923241,23123,121.459217
2021-01-27,119.54,122.33,118.325,119.09,2043521,26960,120.060267
2021-01-28,117.94,118.16,115.1,117.24,2206277,24242,116.96686
2021-01-29,115.01,116.86,113.47,114.99,2953090,35846,115.178085
2021-02-01,116.2,119.63,116.2,118.25,1525899,20452,118.397447
2021-02-02,120.45,123.49,120.12,123.37,2318363,26874,122.584276
2021-02-03,122.75,123.65,121.46,122.93,1525035,19153,122.743431
2021-02-04,120.94,122.89,120.83,122.28,2499759,22959,122.31761
2021-02-05,122.13,126.0,121.75,124.02,2139619,24904,124.308119
2021-02-08,124.5,126.86,123.52,124.13,2012009,19347,124.508723
2021-02-09,131.58,133.75,129.9,132.42,3760063,42497,132.070548
2021-02-10,133.2,133.2,127.48,131.05,1825615,23266,130.827812
2021-02-11,132.36,134.33,131.89,132.47,979248,14764,132.709362
2021-02-12,131.18,133.23,130.57,132.12,1048014,13525,132.229815
2021-02-16,128.5,129.55,125.36,126.98,2738843,33723,127.052847
2021-02-17,126.1,128.57,123.62,126.9,1893979,23925,126.674784
2021-02-18,121.78,124.78,118.85,124.32,2197120,28631,122.936616
2021-02-19,124.78,126.58,122.72,123.89,1797076,21277,124.314066
2021-02-22,120.0,121.0,117.41,117.46,2767694,32213,119.102569
2021-02-23,114.98,120.83,112.45,120.25,2640020,37892,117.703286
2021-02-24,114.24,118.34,112.15,117.5,4499228,48461,115.992054
2021-02-25,114.77,114.81,107.22,108.66,4536491,50282,110.657416
2021-02-26,108.0,110.29,104.26,109.85,5243441,56350,108.654282
2021-03-01,111.48,111.49,108.19,110.59,3670484,44992,110.023076
2021-03-02,111.41,113.175,109.78,110.13,3323129,41551,111.125281
2021-03-03,110.25,111.63,106.69,107.23,3012243,41177,108.426749
2021-03-04,105.79,109.25,104.96,106.26,3133581,38337,106.568169
2021-03-05,107.56,109.09,105.2,108.26,2453460,34038,107.510368
2021-03-08,105.715,106.87,101.75,102.08,2935357,36669,103.604
2021-03-09,105.51,111.15,104.2,110.68,4184693,39221,108.887145
2021-03-10,112.36,113.1,105.21,105.7,2754539,33095,107.179976
2021-03-11,110.29,111.02,108.32,108.39,2736452,30551,109.059955
2021-03-12,106.49,108.08,105.07,107.95,1576188,22194,107.073976
2021-03-15,106.64,107.64,105.38,107.08,1160911,17617,106.51674
2021-03-16,108.14,109.87,107.43,108.3,1658717,23483,108.752882
2021-03-17,107.76,108.74,104.925,108.26,2803433,26426,107.447224
2021-03-18,104.72,105.96,104.62,104.99,2131861,26596,105.303013
2021-03-19,104.85,109.685,104.725,109.07,4611597,33197,108.489438
2021-03-22,109.3,112.0,109.3,110.06,2114841,26988,110.585092
2021-03-23,108.5,108.53,106.39,106.53,1742376,22479,107.254179
2021-03-24,106.06,106.5,102.3,102.69,2033038,29003,103.391394
2021-03-25,100.91,103.4,100.6135,101.55,2479724,33348,101.830091
2021-03-26,101.78,104.64,99.4,103.94,2820322,34579,102.651388
2021-03-29,102.4,104.21,101.415,103.09,2263530,26812,102.85682
2021-03-30,102.72,103.7,100.9,102.9,1566438,21660,102.735291
2021-03-31,103.79,105.6,103.06,103.26,2176707,25950,103.984615
2021-04-01,107.22,109.65,106.47,106.6,1486066,23924,107.466716
2021-04-05,107.5,107.5,104.01,105.54,835199,13906,105.141287
2021-04-06,105.54,107.66,105.14,107.27,1037575,18321,106.895721
2021-04-07,103.33,104.29,100.5,103.39,2469832,32934,103.140767
2021-04-08,104.62,106.15,104.18,104.93,1086855,18460,105.2832
2021-04-09,105.27,105.48,102.11,103.94,1511876,19150,103.749831
2021-04-12,102.34,105.08,102.25,104.76,1517763,21605,104.487494
2021-04-13,104.25,107.21,103.68,106.19,1160810,21962,106.388783
2021-04-14,108.34,109.785,106.65,106.9,1807542,29090,108.128737
2021-04-15,106.28,106.66,104.92,105.85,1060263,17581,105.754887
2021-04-16,105.91,107.33,105.67,106.75,998853,15807,106.66829
2021-04-19,107.31,109.11,106.54,106.87,1315825,18422,107.182993
2021-04-20,106.83,106.85,105.52,106.74,1827451,21984,106.325874
2021-04-21,106.47,109.1,106.005,108.93,1469085,19136,107.808797
2021-04-22,109.2,112.48,109.0,111.35,2599005,35229,111.50656
2021-04-23,113.54,114.9,112.43,112.62,1129484,19214,113.093709
2021-04-26,110.5,112.508,110.1,112.38,1091515,13645,111.912075
2021-04-27,111.17,112.63,110.79,111.7,1762619,20380,111.754852
2021-04-28,112.6543,115.3,112.19,114.27,1698559,19155,114.362745
2021-04-29,116.37,116.795,114.05,115.1,1425965,19420,114.96202
2021-04-30,112.34,113.17,111.67,112.06,1580943,19269,112.245658
2021-05-03,111.85,113.32,110.3,110.41,899527,13834,111.282597
2021-05-04,110.85,112.18,108.37,109.11,1867806,16918,109.202136
2021-05-05,109.1,109.68,107.57,107.69,838855,14401,108.290435
2021-05-06,107.66,109.78,107.02,109.75,862429,15744,109.033353
2021-05-07,110.38,111.98,109.63,109.86,1280529,15471,110.406105
2021-05-10,109.5,109.585,105.47,105.54,1759131,22489,106.330475
2021-05-11,103.06,107.05,102.16,106.45,1617476,24017,105.875282
2021-05-12,105.65,107.77,104.09,104.72,1927752,27446,105.358994
2021-05-13,103.56,105.73,101.45,101.46,2068139,29761,102.928593
2021-05-14,103.04,105.895,102.89,105.34,1913714,25413,105.016973
2021-05-17,104.92,104.99,103.05,104.9,2193154,27689,104.150674
2021-05-18,107.42,109.63,104.4,108.61,2683527,37447,107.622562
2021-05-19,106.73,110.99,106.08,110.26,1801504,27005,109.900027
2021-05-20,114.42,119.28,114.1,119.07,3361734,40607,117.892886
2021-05-21,120.0,120.84,117.27,117.39,1674982,27150,118.610612
2021-05-24,115.93,116.36,113.13,113.5,2688371,34266,114.067135
2021-05-25,115.68,115.77,112.76,114.47,2142201,29832,114.139855
2021-05-26,116.49,117.48,115.78,116.32,1696075,21528,116.413947
2021-05-27,116.03,117.04,114.15,116.36,3862099,23230,116.262662
2021-05-28,117.19,118.48,116.16,117.93,1665250,22353,117.57243
2021-06-01,118.78,119.61,115.2025,118.58,2695160,36962,117.915783
2021-06-02,117.22,118.38,114.39,115.41,1798149,27281,115.422641
2021-06-03,113.76,115.56,113.2,113.66,2254276,27898,113.951339
2021-06-04,113.16,114.88,112.94,114.44,1667450,16837,114.300771
2021-06-07,114.19,114.19,112.18,113.89,1150096,19074,113.158944
2021-06-08,115.16,115.531,112.558,113.23,1911910,21651,113.516976
2021-06-09,113.73,113.73,110.12,110.32,2381434,24227,111.494225
2021-06-10,110.87,113.95,110.36,113.11,2128052,28105,113.087886
2021-06-11,113.3,113.95,112.24,113.09,2138577,25923,113.057762
2021-06-14,113.41,114.41,112.02,114.16,1682374,19654,113.507534
2021-06-15,112.88,113.5125,110.48,111.13,1470826,21121,111.215128
2021-06-16,109.45,110.06,107.72,108.89,1901091,26845,108.930063
2021-06-17,109.68,111.12,108.89,110.85,1788809,27099,110.534753
2021-06-18,110.63,111.33,106.01,107.41,8168135,43675,107.795159
2021-06-21,107.6,108.82,106.91,107.94,1325603,20179,108.008197
2021-06-22,106.6,108.54,105.85,105.93,1897850,20256,106.554063
2021-06-23,106.26,108.91,106.26,106.53,1925393,25970,107.170066
2021-06-24,107.62,108.67,107.085,107.6,2297504,26538,107.898032
2021-06-25,107.92,108.355,105.29,106.8,2489027,32787,106.736668
2021-06-28,108.22,112.35,108.1,111.3,3214055,31139,111.174027
2021-06-29,111.3,114.82,110.0,114.74,2071659,27220,112.9605
2021-06-30,114.21,115.63,113.715,115.25,2594189,32760,115.016224
2021-07-01,115.0,116.52,113.34,113.71,1608072,20034,114.51104
2021-07-02,113.5,115.14,112.535,113.31,1557718,20613,113.635739
2021-07-06,110.97,111.0,108.56,109.62,2175460,30328,109.719325
2021-07-07,110.76,110.98,106.61,107.41,1762361,23933,107.47141
2021-07-08,105.93,106.13,104.205,105.36,2672597,34470,105.183873
2021-07-09,106.85,108.53,105.4,108.33,2299100,28026,107.705467
2021-07-12,109.05,110.36,108.37,108.93,1213955,21122,108.987308
2021-07-13,110.4,113.62,109.87,112.17,1594634,25910,112.19866
2021-07-14,113.27,114.02,112.555,112.83,1231623,18087,113.013097
2021-07-15,113.16,114.57,112.48,114.41,1743109,25010,113.943443
2021-07-16,114.68,114.77,111.295,112.1,1179648,20893,112.279098
2021-07-19,110.72,112.78,110.01,112.25,1160437,20485,112.01988
2021-07-20,112.66,114.04,111.11,113.22,1245063,17326,112.961426
2021-07-21,112.44,113.17,110.21,113.04,1214779,18926,112.396299
2021-07-22,113.31,113.38,111.64,112.55,964157,15697,112.390508
2021-07-23,108.51,108.98,102.92,103.53,6857447,68066,104.324095
2021-07-26,96.84,97.67,88.96,89.4,11479067,92979,91.800436
2021-07-27,83.58,88.98,82.5,88.32,10663119,112006,86.033809
2021-07-28,94.94,101.2904,93.71,100.14,8753313,106104,98.308391
2021-07-29,101.3,102.45,98.85,100.9,3352647,44470,100.7739
2021-07-30,99.62,103.5,99.36,102.21,2561107,30206,102.052652
2021-08-02,102.87,106.18,102.4,105.04,2234661,32775,104.744869
2021-08-03,96.0,96.53,91.92,93.06,6819666,83136,93.966346
2021-08-04,93.5,95.87,92.22,93.02,3508080,47121,93.630732
2021-08-05,89.35,89.35,87.13,87.71,4623687,54228,88.018333
2021-08-06,87.6,88.62,86.02,87.0,2664843,36014,87.049519
2021-08-09,88.41,93.005,88.1,92.45,2884301,34635,91.789548
2021-08-10,92.53,93.9026,90.13,91.35,2205600,29690,91.501885
2021-08-11,92.93,93.12,90.99,93.0,2430501,28016,92.491964
2021-08-12,90.86,92.18,90.12,92.0,2267706,28169,91.400326
2021-08-13,90.3,91.87,89.25,89.66,2205619,26585,89.899263
2021-08-16,86.89,86.89,84.19,85.34,3868426,45560,85.228361
2021-08-17,82.44,85.15,81.57,83.76,4838552,50294,83.497324
2021-08-18,83.37,84.57,82.285,83.76,3932973,41862,83.468066
2021-08-19,80.74,81.23,77.975,78.92,5841798,74866,79.302549
2021-08-20,79.2,81.73,78.67,80.63,6356919,63601,80.184188
2021-08-23,82.44,85.77,82.15,85.02,3627910,42432,84.36928
2021-08-24,89.57,93.13,89.28,92.65,6290376,79825,91.774838
2021-08-25,90.65,92.14,89.62,91.95,3443378,53288,91.174536
2021-08-26,91.52,91.7,90.37,91.26,1947145,25313,91.128095
2021-08-27,92.0,94.39,92.0,92.76,2513980,34836,93.162111
2021-08-30,84.8,90.06,84.5648,89.62,6460334,80729,87.90426
2021-08-31,93.7,97.65,92.5,97.42,5773089,58667,95.639684
2021-09-01,97.42,99.4,96.345,96.9,3937791,44694,97.222133
2021-09-02,95.0,96.4698,94.35,94.91,2929897,32410,95.370527
2021-09-03,94.0,94.348,91.98,92.99,3504399,40740,93.051214
2021-09-07,96.31,97.59,95.35,95.73,3683174,46446,96.130846
2021-09-08,92.79,93.8,89.96,90.78,4466618,55563,90.995364
2021-09-09,85.33,89.99,84.5,88.91,6811359,75750,87.93284
2021-09-10,88.64,90.72,87.1,88.45,5136154,60919,88.755924
2021-09-13,87.14,89.71,86.62,88.18,3549312,41241,88.373173
2021-09-14,86.24,86.69,84.41,84.52,5379476,55766,85.442354
2021-09-15,83.0,85.48,82.54,84.96,5143665,52376,84.253904
2021-09-16,84.06,85.11,83.15,84.34,5001390,53238,84.241955
2021-09-17,83.81,83.93,81.5,82.88,3899846,36795,82.696577
2021-09-20,80.87,82.68,78.86,80.06,3416980,41043,80.383819
2021-09-21,79.97,80.58,79.15,79.95,2399632,26868,80.140847
2021-09-22,80.5,82.26,80.5,81.33,3176609,41223,81.38197
2021-09-23,81.75,82.06,80.83,81.59,2108005,25998,81.381768
2021-09-24,80.37,81.49,79.67,81.34,3190200,34394,80.774548
2021-09-27,81.57,84.16,80.65,83.99,3835308,41412,83.1675
2021-09-28,83.64,85.5,81.6,84.69,8363384,87110,83.935809
2021-09-29,84.79,86.73,81.63,81.7,5586386,61983,83.425455
2021-09-30,83.0,86.54,83.0,85.4,5785783,50118,85.384871
2021-10-01,85.08,85.51,82.33,83.8,2994074,31307,83.673533
2021-10-04,82.07,82.77,80.85,82.14,3246582,37172,81.868307
2021-10-05,82.69,83.97,82.21,83.18,2978597,30413,83.241743
2021-10-06,82.67,88.88,82.3,88.71,5905835,56826,87.288947
2021-10-07,90.0,96.19,89.95,96.06,9065027,93885,94.501808
2021-10-08,95.74,97.36,94.885,96.32,6589266,71422,96.131289
2021-10-11,97.93,98.41,94.55,96.0,7075474,65935,96.436837
2021-10-12,95.87,97.11,94.4,94.86,4376986,42639,95.530451
2021-10-13,96.0,98.0,95.02,95.73,2157234,29653,95.943366
2021-10-14,96.22,96.62,94.58,95.46,1844589,25271,95.370045
2021-10-15,95.11,96.7,94.32,95.56,2885100,36573,95.694249
2021-10-18,95.94,99.6,95.12,97.9,3576714,39378,98.008831
2021-10-19,99.3,100.745,98.3,100.39,5099087,51550,99.735045
2021-10-20,101.0,103.2,100.44,101.37,5025551,33926,101.195337
2021-10-21,100.99,102.57,100.45,101.75,3077467,28793,101.730216
2021-10-22,105.01,107.9943,101.71,102.24,3064128,32372,103.42891
2021-10-25,103.69,104.65,102.215,102.48,2051583,26344,102.954726
2021-10-26,101.7,102.35,98.55,98.9,2532012,34276,99.854581
2021-10-27,97.77,102.34,97.54,100.35,2335054,29647,100.662266
2021-10-28,99.18,100.63,99.02,99.98,1624776,22197,99.758765
2021-10-29,98.25,99.12,96.9106,97.59,2629483,31956,97.646124
2021-11-01,98.52,103.42,98.5,102.68,2361445,29663,102.414265
2021-11-02,101.59,102.57,100.03,100.29,1956249,30356,100.949693
2021-11-03,100.9,102.55,100.01,102.38,1735778,23011,101.821164
2021-11-04,104.1,104.74,101.11,101.28,1700573,24298,102.368387
2021-11-05,101.67,103.45,100.74,101.51,1322010,21356,101.861291
2021-11-08,103.47,103.8,102.38,103.51,1487868,21920,103.233294
2021-11-09,103.24,103.55,100.3,100.83,1769559,23462,101.411916
2021-11-10,105.02,105.82,102.86,103.18,2525638,31796,104.319809
2021-11-11,106.74,110.57,106.74,110.27,3394147,42157,109.187133
2021-11-12,111.35,112.42,109.839,111.15,3082421,37739,111.084938
2021-11-15,112.53,113.15,109.55,111.18,2620178,30541,111.063986
2021-11-16,116.115,117.37,109.2501,111.19,5487057,53219,112.197757
2021-11-17,113.0,114.76,111.51,112.49,2942484,32271,112.763991
2021-11-18,111.52,113.59,110.25,112.44,2560145,32500,112.423844
2021-11-19,113.48,116.26,112.975,115.55,2100992,29513,115.42717
2021-11-22,116.22,118.19,112.19,113.26,2471500,33094,114.275957
2021-11-23,114.02,115.5,110.95,111.56,3044454,36224,112.445076
2021-11-24,112.38,115.25,110.97,113.65,2408225,31562,113.219891
2021-11-26,113.1,114.67,112.25,114.33,1922285,23364,113.475759
2021-11-29,114.09,114.51,107.77,110.12,2897340,36127,109.979345
2021-11-30,108.5,111.57,107.28,107.73,5500968,37569,108.325361
2021-12-01,111.5,114.66,110.96,111.81,2760129,37437,112.60113
2021-12-02,112.7,113.74,105.95,107.47,4448182,56525,108.513062
2021-12-03,103.24,104.97,98.79,100.05,7242798,74928,100.803897
2021-12-06,99.81,104.53,98.02,104.08,4245604,44693,102.301217
2021-12-07,108.52,108.855,106.11,107.34,3358593,37794,107.400853
2021-12-08,106.16,106.51,104.72,105.77,3554714,30805,105.7772
2021-12-09,103.74,105.5,102.07,103.3,3555830,33845,103.506414
2021-12-10,103.7,105.58,102.005,102.84,6962137,43924,102.887562
2021-12-13,101.96,103.7,100.29,103.01,2605618,29182,102.408753
2021-12-14,101.63,103.5,100.75,102.85,1817435,25672,102.640611
2021-12-15,102.23,102.58,98.684,100.46,3977391,41727,100.295081
2021-12-16,101.0,102.44,98.06,98.84,3494894,38859,99.728037
2021-12-17,96.08,96.99,91.78,93.75,7641006,70392,94.049154
2021-12-20,92.47,93.38,89.8,90.28,6227949,60791,90.793697
2021-12-21,93.86,98.0,92.83,97.26,7410177,53049,95.73778
2021-12-22,95.5,98.21,95.0,97.62,1901289,25288,97.4602
2021-12-23,96.65,98.24,95.15,97.84,2136721,20503,97.399423
2021-12-27,96.83,99.0,96.62,97.44,917198,16393,97.421882
2021-12-28,96.89,97.8,95.3,97.15,1853766,23385,96.501995
2021-12-29,96.66,97.14,94.13,95.25,1336348,15316,95.259622
2021-12-30,96.78,105.86,96.29,103.75,3377933,42224,102.593288
2021-12-31,101.7,103.51,100.9601,101.78,1719207,24507,102.35089
2022-01-03,101.42,101.71,98.73,100.64,1251401,20294,100.44791
2022-01-04,99.22,99.22,96.16,97.6,2304544,28170,97.237415
2022-01-05,95.92,98.51,95.37,95.37,1409428,23028,96.817746
2022-01-06,96.69,98.69,95.52,97.22,1307902,18165,97.473772
2022-01-07,98.9,101.67,98.535,99.71,2502241,23626,99.86687
2022-01-10,100.05,100.96,97.71,100.1,3218497,32934,99.366447
2022-01-11,101.0,105.3,100.26,103.64,1977337,27967,103.504762
2022-01-12,107.8,108.19,103.21,106.01,2337036,31816,105.682438
2022-01-13,103.27,104.43,100.78,101.17,1866384,27174,101.919139
2022-01-14,102.15,104.4,101.895,103.36,1208103,18390,103.003861
2022-01-18,102.26,104.08,101.0015,101.74,1977035,27423,102.26386
2022-01-19,104.32,105.35,102.78,103.46,1400231,22645,103.945121
2022-01-20,107.19,108.275,103.15,103.36,4053176,52231,105.236959
2022-01-21,102.63,104.13,96.63,96.99,5025317,55427,98.183692
2022-01-24,96.0,96.0,91.73,95.29,3597033,48617,93.727741
2022-01-25,95.31,99.41,95.15,98.62,2135218,31325,97.721184
2022-01-26,99.99,100.45,95.79,96.76,2604095,31585,97.48606
2022-01-27,96.24,97.46,94.02,94.54,2400723,31030,95.071666
2022-01-28,95.15,96.44,92.96,96.4,1710877,22596,95.029818
2022-01-31,98.19,103.42,98.01,103.36,1996329,26984,102.121638
2022-02-01,102.45,103.4,100.89,102.12,1154515,19365,102.228718
2022-02-02,102.0,103.14,100.11,101.86,1272911,18868,101.842509
2022-02-03,100.99,102.22,99.93,100.13,1149419,17953,100.677504
2022-02-04,98.5,101.32,98.19,100.6,1714118,19303,100.482284
2022-02-07,100.33,100.92,98.95,99.09,1730575,20833,99.592104
2022-02-08,99.0,104.38,98.11,103.64,2509436,32078,103.00526
2022-02-09,105.61,108.11,103.91,107.86,2605135,34661,106.600799
2022-02-10,104.14,106.755,102.71,103.3,2033386,31086,104.432938
2022-02-11,102.91,102.96,98.575,99.04,1857073,29141,100.095552
2022-02-14,98.5,98.55,96.96,97.99,2107585,25085,97.930834
2022-02-15,98.97,100.05,97.8802,99.88,1177909,18948,99.164291
2022-02-16,100.31,100.95,98.895,100.21,1708625,26921,99.914107
2022-02-17,100.69,102.75,99.61,99.84,1907139,27953,100.722157
2022-02-18,99.53,99.53,97.0,98.52,2506658,32141,98.499674
2022-02-22,95.38,96.18,89.5,91.37,4702187,56849,91.939491
2022-02-23,93.93,95.79,91.1906,91.56,3614554,41820,92.557307
2022-02-24,87.81,92.9,87.5,92.8,3069961,41537,90.524427
2022-02-25,94.2,99.97,93.77,99.72,3501687,49437,97.415906
2022-02-28,96.86,97.81,93.39,95.34,2986799,38348,95.59896
2022-03-01,95.34,99.13,92.52,93.49,3091878,46656,94.485304
2022-03-02,93.1,93.25,89.56,92.38,3330937,44067,91.600717
2022-03-03,92.26,92.7,85.885,86.54,4459040,58190,87.256425
2022-03-04,85.14,86.74,84.35,85.5,3147666,37914,85.351827
2022-03-07,85.54,86.77,81.53,81.81,2996346,39062,83.522032
2022-03-08,82.0,87.21,81.395,84.71,3320517,44311,84.670747
2022-03-09,86.83,91.76,86.29,88.58,3541244,45918,88.549845
2022-03-10,82.93,84.0,76.95,81.73,5547703,67790,80.864011
2022-03-11,82.92,84.27,78.75,79.09,4704411,58696,80.183096
2022-03-14,71.28,75.78,68.62,71.53,6076654,77975,72.624483
2022-03-15,69.52,75.79,69.2,74.24,4615893,59944,72.965634
2022-03-16,87.65,94.14,83.05,93.31,9146031,111760,90.395246
2022-03-17,88.89,90.0,82.0601,85.1,5243361,69470,84.861246
2022-03-18,85.51,91.94,84.71,90.18,7694322,82355,89.290223
2022-03-21,86.33,91.0275,86.28,88.91,2494877,39875,88.975773
2022-03-22,94.7,96.85,91.335,94.71,3387700,53254,94.698612
2022-03-23,94.53,98.26,93.26,95.47,2140924,37503,96.006862
2022-03-24,93.05,93.78,90.16,92.16,3311533,51326,91.703433
2022-03-25,90.59,93.795,90.27,93.66,1812479,28039,92.432786
2022-03-28,95.38,96.86,92.19,93.82,2492829,26113,93.788282
2022-03-29,95.02,98.5,93.14,93.92,1808824,29066,94.760399
2022-03-30,92.06,94.26,91.57,92.02,1441931,25414,92.736554
2022-03-31,90.85,91.79,88.38,89.69,1883288,27234,89.758463
2022-04-01,96.85,99.98,95.44,95.81,2721234,40066,96.807628
2022-04-04,99.01,99.525,96.58,98.07,2224205,32115,97.842173
2022-04-05,96.72,97.284,95.21,96.16,1263138,17770,96.191248
2022-04-06,95.31,95.87,92.86,94.83,1498725,25499,94.654677
2022-04-07,93.75,94.87,92.69,92.97,1592024,23130,93.235943
2022-04-08,92.68,95.09,92.27,93.04,1144856,17943,93.68553
2022-04-11,101.18,101.18,94.8,95.01,4114023,48827,96.734302
2022-04-12,95.51,96.66,91.97,92.24,1324876,20207,93.054576
2022-04-13,93.54,97.42,92.43,95.69,1532216,23183,96.023889
2022-04-14,94.95,95.44,93.63,95.06,1309596,19949,94.825641
2022-04-18,93.11,94.025,91.12,93.48,1041097,16257,93.101854
2022-04-19,90.87,93.73,90.05,93.65,1204784,16103,92.655761
2022-04-20,92.32,92.52,88.12,88.97,1658293,23629,89.290054
2022-04-21,88.06,89.44,85.53,85.7,1504944,22538,86.667249
2022-04-22,86.81,91.25,85.36,85.86,3190284,41600,87.307873
2022-04-25,85.53,88.94,84.775,88.37,2345929,31962,87.780404
2022-04-26,88.07,89.45,87.26,87.48,1634331,28283,88.128496
2022-04-27,88.62,92.18,88.13,89.06,1719140,29688,89.695477
2022-04-28,90.66,91.85,89.34,91.29,1613759,25423,91.030208
2022-04-29,96.0,99.32,95.18,95.33,2732448,43508,96.620539
2022-05-02,94.01,97.26,93.3,94.29,2236379,32344,94.528366
2022-05-03,95.6,96.97,94.18,95.95,1504403,22357,95.551072
2022-05-04,94.81,97.32,93.5,96.98,2035223,24725,95.411723
2022-05-05,92.49,93.49,89.21,91.19,2247849,38083,91.232732
