Date,Open,High,Low,Close,Volume,OpenInterest
2020-12-04,159.62,164.17,159.09,163.93,2080937,0.0
2020-12-07,165.61,167.27,164.3,165.08,1826623,0.0
2020-12-08,164.92,167.11,163.81,166.37,1176752,0.0
2020-12-09,163.96,164.91,155.885,157.27,3250362,0.0
2020-12-10,156.5,160.36,156.5,158.26,2452420,0.0
2020-12-11,157.5,158.7,154.57,157.18,1304048,0.0
2020-12-14,159.67,159.74,155.52,158.33,1734321,0.0
2020-12-15,157.26,160.69,156.05,160.06,2313948,0.0
2020-12-16,161.14,161.2,156.61,157.28,1694060,0.0
2020-12-17,158.48,158.8,156.36,158.06,1417550,0.0
2020-12-18,158.07,158.92,154.68,155.59,2248803,0.0
2020-12-21,153.18,157.25,152.93,157.2,1108064,0.0
2020-12-22,157.13,159.6,155.76,156.5,1227335,0.0
2020-12-23,157.94,158.63,156.81,156.87,1158107,0.0
2020-12-24,157.72,157.93,156.515,157.19,416053,0.0
2020-12-28,159.5,161.8,157.91,158.13,943372,0.0
2020-12-29,158.8,159.525,154.75,156.11,874222,0.0
2020-12-30,157.5,159.74,156.71,159.48,790140,0.0
2020-12-31,159.86,160.23,158.61,159.15,683292,0.0
2021-01-04,160.33,165.84,158.615,162.035,2728898,0.0
2021-01-05,161.53,165.965,161.12,165.67,1597112,0.0
2021-01-06,164.61,171.8,164.61,168.95,2478456,0.0
2021-01-07,172.09,176.5,171.93,174.99,2161792,0.0
2021-01-08,181.375,182.55,171.5,175.04,2590781,0.0
2021-01-11,174.39,176.46,171.93,173.28,2716329,0.0
2021-01-12,174.29,179,173.23,176.23,2953167,0.0
2021-01-13,177.99,177.99,176.18,177.43,1484232,0.0
2021-01-14,178.62,181.09,178.62,179.92,2152994,0.0
2021-01-15,179.64,179.84,168.451,172.26,3301326,0.0
2021-01-19,177.31,178.5,174.54,175.03,2121416,0.0
2021-01-20,178.86,180.305,173.71,174.48,2217739,0.0
2021-01-21,176.64,176.75,171.73,173.51,1813199,0.0
2021-01-22,172.57,175.17,171.915,172.23,1666098,0.0
2021-01-25,176.69,176.75,171.03,174.42,1794381,0.0
2021-01-26,174.42,174.46,168.66,168.75,1930314,0.0
2021-01-27,162.72,164.43,156.02,160.56,3149146,0.0
2021-01-28,166.525,166.8,162.38,164.33,2038722,0.0
2021-01-29,164.15,167.545,159.805,160.4,3274156,0.0
2021-02-01,166.44,172.44,166.0951,171.64,4237617,0.0
2021-02-02,180,183,170.7,177.21,6238806,0.0
2021-02-03,179.99,181.74,173.11,174.2,2886688,0.0
2021-02-04,175.89,181.45,175.15,181.31,2542270,0.0
2021-02-05,182.95,184.13,181.06,181.99,2794501,0.0
2021-02-08,184.7,188.15,184,188.12,2080557,0.0
2021-02-09,187.35,188.4,184.47,188.04,1516410,0.0
2021-02-10,191.61,191.925,183.39,187.75,2708513,0.0
2021-02-11,188.4,194.7566,188.4,194,2365125,0.0
2021-02-12,193.17,195.89,190.856,194.39,1515491,0.0
2021-02-16,199.46,200.19,193.685,195.285,1827032,0.0
2021-02-17,192.575,194.9394,187.91,189.69,2229696,0.0
2021-02-18,187.5,188.95,183.05,185.85,2391565,0.0
2021-02-19,189.41,192.755,188.49,191.56,1812202,0.0
2021-02-22,190.8,192.4,184.97,185.86,1889102,0.0
2021-02-23,183.87,183.87,175.33,181.08,4757160,0.0
2021-02-24,178,186.82,176.93,186.32,2871625,0.0
2021-02-25,186.51,188,178.05,178.38,2842897,0.0
2021-02-26,182.04,184.17,177.1248,182.78,2514237,0.0
2021-03-01,186.52,187.9,183.32,187.52,3974310,0.0
2021-03-02,189,189.76,182.06,182.08,2140837,0.0
2021-03-03,182.6,184.17,175.53,175.58,1924785,0.0
2021-03-04,173.59,176.6766,164.19,167.58,3268579,0.0
2021-03-05,174.2284,182.06,166.04,180.89,4464321,0.0
2021-03-08,178.82,183.58,170.15,170.66,2726372,0.0
2021-03-09,176.13,185.24,175,183.91,2519014,0.0
2021-03-10,186.04,187.35,180.23,180.4,2100924,0.0
2021-03-11,186.69,189.4894,185.03,188.5,2709068,0.0
2021-03-12,184.89,186.66,181.79,183.39,1622878,0.0
2021-03-15,196.8041,200,194.21,199.68,11506483,0.0
2021-03-16,201.1,206.21,200.64,202.79,6295102,0.0
2021-03-17,199.5616,209.59,199,208.44,7032613,0.0
2021-03-18,204.15,208.25,197.69,198.59,7674329,0.0
2021-03-19,196.35,204.53,193.22,202.25,10737601,0.0
2021-03-22,203.11,206.12,196.65,200.55,4514895,0.0
2021-03-23,200.4,200.23,189.79,191.62,4237182,0.0
2021-03-24,193.2534,194.51,187.25,187.38,2549525,0.0
2021-03-25,182.66,192,182.28,191.46,3218796,0.0
2021-03-26,190.79,199.43,189.07,199.21,2444554,0.0
2021-03-29,196.91,197.66,191.88,194.16,1967016,0.0
2021-03-30,192.39,198.81,192.2701,197.85,1961533,0.0
2021-03-31,200.02,203.2,198,201.47,2264857,0.0
2021-04-01,205.2684,208.31,204.1406,208.26,2187968,0.0
2021-04-05,211.23,216.43,209.63,214.92,2210432,0.0
2021-04-06,212.86,214.7,208.66,212.88,1909640,0.0
2021-04-07,212.67,213.39,210.26,212.13,1330437,0.0
2021-04-08,209,210.67,207.09,209.31,2567444,0.0
2021-04-09,207.35,209.515,206.04,209.2,1581014,0.0
2021-04-12,208.01,208.22,204.87,207.98,1446794,0.0
2021-04-13,207.32,207.79,200.72,202,2580800,0.0
2021-04-14,201.1968,203.33,198.59,199.88,2095610,0.0
2021-04-15,202.76,202.76,198.53,201.77,1260787,0.0
2021-04-16,201.19,202.08,199.0109,199.54,1815562,0.0
2021-04-19,199.37,199.555,191.99,194.93,2323605,0.0
2021-04-20,193.54,196.59,192.355,193.97,2603484,0.0
2021-04-21,194.15,201.345,192.46,201.14,2010617,0.0
2021-04-22,201.14,202.07,195.88,196.26,1970667,0.0
2021-04-23,197.94,202.77,197.94,201.56,2437203,0.0
2021-04-26,202.4,206.72,202.1,205.08,2737058,0.0
2021-04-27,207.78,209.19,202.46,203.4,2503622,0.0
2021-04-28,203.5,203.89,198.35,198.38,1935075,0.0
2021-04-29,201.23,201.655,196.4,200.75,1677811,0.0
2021-04-30,197.27,198.33,191.05,192.61,3084739,0.0
2021-05-03,194.75,195.94,190.47,191.71,1973919,0.0
2021-05-04,188.97,191.75,185.2,191.19,3872979,0.0
2021-05-05,192.02,192.73,188.47,190.4,3484043,0.0
2021-05-06,189.42,192.62,186.26,192.38,2323887,0.0
2021-05-07,195,198.5,193.33,197.97,2568905,0.0
2021-05-10,195.34,196.41,188.91,189.02,2326441,0.0
2021-05-11,183.42,192.825,182.59,192.44,2771031,0.0
2021-05-12,187.79,189.99,181.72,182.81,3257030,0.0
2021-05-13,185.42,189.13,184.69,186.42,2193758,0.0
2021-05-14,188.8,194.95,188.155,192.25,2229888,0.0
2021-05-17,190.01,191.47,187.24,191.19,1968387,0.0
2021-05-18,193.07,195.35,191.175,191.36,1830733,0.0
2021-05-19,187.16,195.81,186.12,195.18,2394855,0.0
2021-05-20,195.59,200.62,195.59,199.67,2224288,0.0
2021-05-21,201.13,202.32,199.18,199.95,1787526,0.0
2021-05-24,201.78,205.7,200.7404,204.48,1705443,0.0
2021-05-25,205.83,206.635,204.13,204.82,1664624,0.0
2021-05-26,204.48,207.86,204.02,206.19,1548214,0.0
2021-05-27,206.36,210.41,205,210.1,2375739,0.0
2021-05-28,210.51,213.29,209.72,211.42,1984254,0.0
2021-06-01,212.54,214.3,207.65,207.91,1964674,0.0
2021-06-02,207.12,208.56,205.49,208.03,1472357,0.0
2021-06-03,205.59,205.77,200.63,200.705,3080590,0.0
2021-06-04,201.35,203.25,200.67,201.99,3109038,0.0
2021-06-07,202.15,202.15,199.72,201,2197147,0.0
2021-06-08,203.19,203.19,197.5,198.17,2168154,0.0
2021-06-09,198.77,199.6,196.52,197.38,1746377,0.0
2021-06-10,197.81,202.66,197.7,201.05,1686617,0.0
2021-06-11,200.87,202.4139,199.43,201.14,1465050,0.0
2021-06-14,200.82,204.47,199.08,203.46,1673592,0.0
2021-06-15,202.79,204.9645,201.86,203.19,1610819,0.0
2021-06-16,204,204.44,197.41,200.26,1797600,0.0
2021-06-17,199.37,201.18,195.29,198.36,1514910,0.0
2021-06-18,196.01,197.02,192.71,193.02,2368403,0.0
2021-06-21,194.35,198.68,193.492,198.49,1576967,0.0
2021-06-22,198.16,198.71,195.72,197.4,1343613,0.0
2021-06-23,196.86,199.87,195.9363,199.24,1394263,0.0
2021-06-24,200.39,205.11,200.39,203.83,2315182,0.0
2021-06-25,204.47,206.4,202.44,204.18,2390589,0.0
2021-06-28,205.26,206.77,203.46,206.18,1331777,0.0
2021-06-29,205.81,207.95,204.91,207.7,1511380,0.0
2021-06-30,207.55,207.67,203.63,205.78,1573128,0.0
2021-07-01,205.54,205.71,201.27,201.87,1271996,0.0
2021-07-02,203.67,203.94,200.94,202.62,995673,0.0
2021-07-06,203.1,203.92,199.85,201.73,1469017,0.0
2021-07-07,202.99,203.47,197.785,198.35,1732975,0.0
2021-07-08,194.21,197.13,191.75,196.07,1668746,0.0
2021-07-09,196.59,201.25,194.805,200.31,1178554,0.0
2021-07-12,202.5,204.49,200.72,204.32,1827772,0.0
2021-07-13,203.71,204.83,202.885,204.07,1530809,0.0
2021-07-14,206.18,208.75,202.56,203.64,1413729,0.0
2021-07-15,197.22,199.565,192.81,194.45,3358080,0.0
2021-07-16,195.41,197.27,189.54,190.1,2019139,0.0
2021-07-19,187.61,189.37,184.92,188.68,2269787,0.0
2021-07-20,189.09,195.02,187.84,193.26,1405563,0.0
2021-07-21,193,198.68,193,198.62,1438836,0.0
2021-07-22,196.84,196.84,192.25,194.31,1706437,0.0
2021-07-23,195.69,196.94,193.79,196.31,1625695,0.0
2021-07-26,196,198.72,195.73,198.16,1025731,0.0
2021-07-27,196.53,197,190.65,194.32,1808376,0.0
2021-07-28,195.16,200.1,195.16,198.58,1373787,0.0
2021-07-29,201.765,204.825,201.02,204.26,1476109,0.0
2021-07-30,202.34,206.67,202.02,206.39,1386401,0.0
2021-08-02,209.99,215.89,208.56,209.085,2913417,0.0
2021-08-03,208.5,210.99,203.04,210.46,1851079,0.0
2021-08-04,212.12,214.34,209.64,212.38,1436575,0.0
2021-08-05,213.33,214.88,211.11,212.93,1547700,0.0
2021-08-06,212.49,214.32,211.69,213.81,1101885,0.0
2021-08-09,215.11,218.16,212.92,217.1,1821295,0.0
2021-08-10,217,218.03,214.19,217.36,1266683,0.0
2021-08-11,217.67,218.84,214.01,218.42,1276004,0.0
2021-08-12,216.5,217.23,213.38,214.53,1920979,0.0
2021-08-13,213.98,216.82,213.515,215.34,1251434,0.0
2021-08-16,214.5,214.6,211.98,213.16,1354438,0.0
2021-08-17,211.98,211.98,204.6,206.5,1998340,0.0
2021-08-18,206.02,208.07,203.6,203.9,1305733,0.0
2021-08-19,200.6,203.42,199.61,202.95,2183143,0.0
2021-08-20,202.7,205.23,202.35,205.03,1018705,0.0
2021-08-23,206.51,211.31,206.34,210.63,1439878,0.0
2021-08-24,212.01,215.06,211.825,214.52,1421858,0.0
2021-08-25,216,219.08,215.29,217.78,1576104,0.0
2021-08-26,217.24,223.38,215.63,222.24,2101181,0.0
2021-08-27,223.29,226.88,221.99,226.5,1458733,0.0
2021-08-30,227.6,228.72,225.55,227.55,926251,0.0
2021-08-31,222.25,222.25,209.8,215.04,4463849,0.0
2021-09-01,215.445,215.86,211.45,211.59,2311359,0.0
2021-09-02,212.92,213.225,210.705,211.91,1661850,0.0
2021-09-03,212.83,215.38,212.3,212.98,1469210,0.0
2021-09-07,212.99,213.49,211.36,212.87,1538502,0.0
2021-09-08,211.94,212.74,207.25,208.2,1431059,0.0
2021-09-09,209.83,211.914,209,210.46,2211170,0.0
2021-09-10,212.99,216.5,212,212.12,1575065,0.0
2021-09-13,214.43,216.26,211.68,214.77,1196740,0.0
2021-09-14,216.11,216.3236,211.15,211.6,1177673,0.0
2021-09-15,212.67,212.7,209.9672,212.34,1213235,0.0
2021-09-16,211.0293,213.71,208.785,213.04,1111431,0.0
2021-09-17,211.63,212.19,207.91,209.27,1769194,0.0
2021-09-20,204.97,205.01,198.94,202.78,2555406,0.0
2021-09-21,204.66,207.77,203.01,205.99,1304794,0.0
2021-09-22,207.8052,213.27,207.11,213.09,1362932,0.0
2021-09-23,214.15,218.08,213.01,216.34,1129131,0.0
2021-09-24,215.01,218.02,214.03,216.67,858901,0.0
2021-09-27,214.23,218.14,212.72,216.6,850297,0.0
2021-09-28,212.65,214,205.95,206.05,1754768,0.0
2021-09-29,203.4,203.79,197.86,198.77,1681449,0.0
2021-09-30,200.57,201.49,195.71,195.87,1897536,0.0
2021-10-01,196.33,197.28,191,192.85,2925724,0.0
2021-10-04,193.72,193.94,187.91,188.94,2170788,0.0
2021-10-05,190.67,193.59,188.68,191.67,1666034,0.0
2021-10-06,188.67,191.94,188.41,190.99,1512349,0.0
2021-10-07,193.51,197.37,193.51,193.84,1290456,0.0
2021-10-08,194.51,194.67,189.99,190.26,1147981,0.0
2021-10-11,189.34,191.16,185.735,185.93,1779534,0.0
2021-10-12,187.15,187.745,182.335,183.12,2535804,0.0
2021-10-13,184.42,186.22,182.41,183.1,2484908,0.0
2021-10-14,187,189.94,186.76,189.1,2230178,0.0
2021-10-15,190.18,191.73,189.1,189.83,1446005,0.0
2021-10-18,188.73,192.32,187.15,192.2,1380143,0.0
2021-10-19,192.83,197.12,191.52,197.05,1653218,0.0
2021-10-20,196.23,199.79,194.79,197.54,1661199,0.0
2021-10-21,196.3,201.52,196,201.4,1317375,0.0
2021-10-22,201.26,203.43,199.88,199.93,1335715,0.0
2021-10-25,200.4,202.13,199.775,200.29,993414,0.0
2021-10-26,201.08,201.1625,193.77,196.14,2323232,0.0
2021-10-27,193.8,195.18,190.84,192.37,2507265,0.0
2021-10-28,194.41,200.13,194.14,199.93,1623952,0.0
2021-10-29,198.04,201.81,197.215,200.7,1200198,0.0
2021-11-01,202.62,206.58,202.01,205.49,2907122,0.0
2021-11-02,206.25,208.47,203.18,206.73,2574382,0.0
2021-11-03,207.49,217.13,206.72,215.64,2966872,0.0
2021-11-04,215.455,219.43,215,219.36,1668960,0.0
2021-11-05,220,224.79,219.945,224.16,2618377,0.0
2021-11-08,223.8,227.5,221.26,223.08,3256582,0.0
2021-11-09,223.24,223.38,218.34,221.05,1419845,0.0
2021-11-10,218.26,220.185,212.77,214.21,1862656,0.0
2021-11-11,223.26,223.34,214.15,218.95,3911062,0.0
2021-11-12,220.39,220.54,214.41,217.74,2507392,0.0
2021-11-15,220.9,221,215.19,215.79,1436151,0.0
2021-11-16,214.76,219.97,214.4,219.22,1179072,0.0
2021-11-17,219.26,219.26,215.67,217.799,1104654,0.0
2021-11-18,218.77,220.67,216.36,220.58,2048235,0.0
2021-11-19,220.58,221.81,219.64,221.27,1791094,0.0
2021-11-22,222.4,225.6615,219.44,221.86,2302573,0.0
2021-11-23,220.96,224.09,215.57,219.3,1536389,0.0
2021-11-24,216.58,221.22,214.32,220.96,1194971,0.0
2021-11-26,213.12,217.56,210.25,212.45,1421559,0.0
2021-11-29,217.21,224.26,215.1,223.94,1714400,0.0
2021-11-30,222.39,227.815,218.3,223.35,2539817,0.0
2021-12-01,227.17,234.6799,222.71,223.06,2834708,0.0
2021-12-02,220,225.9,218.18,222.72,1545838,0.0
2021-12-03,225,228.455,221.56,227.15,2237208,0.0
2021-12-06,227.6,228.309,217.43,224.28,1912646,0.0
2021-12-07,228.41,239.91,228,239,2348290,0.0
2021-12-08,229.01,229.8,221.09,228.08,3522209,0.0
2021-12-09,225.15,228.56,224.75,225.09,1595339,0.0
2021-12-10,228.56,228.88,223.03,226.42,1420982,0.0
2021-12-13,227.4,228.3776,220.06,222.39,1006867,0.0
2021-12-14,218.47,221.63,216.75,219.97,1402607,0.0
2021-12-15,221.15,229.62,218.775,229.13,1841014,0.0
2021-12-16,228.84,229.31,217.65,217.85,2290681,0.0
2021-12-17,216.235,222.54,214.45,218.4578,1868236,0.0
2021-12-20,214.51,219.685,214.51,217.75,1023079,0.0
2021-12-21,220.2,224.7,219.05,224.38,926003,0.0
2021-12-22,223.03,226.88,221.71,226.82,704528,0.0
2021-12-23,226.43,229.185,226.26,227.35,669692,0.0
2021-12-27,228.65,232.85,227.6,232.77,781542,0.0
2021-12-28,233.93,234.42,228.58,231.02,950713,0.0
2021-12-29,230.45,233.37,229.9,230.36,841012,0.0
2021-12-30,230.53,232.6,228.3,228.6,688698,0.0
2021-12-31,229.14,231.5,227.35,227.78,716334,0.0
2022-01-03,228.39,233.37,228.07,231.29,1153811,0.0
2022-01-04,232.41,234.9,225.455,232.87,1575678,0.0
2022-01-05,231.35,234.28,224.26,224.37,1521135,0.0
2022-01-06,225.16,228.76,224.11,227.06,1336889,0.0
2022-01-07,227.56,229.99,219.88,221.34,1260391,0.0
2022-01-10,220.13,222.14,214.7,221.9,1311472,0.0
2022-01-11,222.67,227.75,220.755,227.69,1153306,0.0
2022-01-12,228.68,231.4,225.86,229.11,960655,0.0
2022-01-13,231.99,232.36,220.6,221.8,2369210,0.0
2022-01-14,218.71,225.39,218.07,225.29,1387463,0.0
2022-01-18,220.01,221.165,216.7425,217.42,1483448,0.0
2022-01-19,217.94,220.45,210.78,210.85,1575176,0.0
2022-01-20,207.91,211.77,199.41,199.555,2386856,0.0
2022-01-21,197.04,207.73,196.8,199.94,3379554,0.0
2022-01-24,195.85,203.47,188.07,203.11,2827700,0.0
2022-01-25,197.68,199.875,193.39,194.76,3161305,0.0
2022-01-26,200.91,205.25,193.54,197.05,2571117,0.0
2022-01-27,200.77,201.15,186.39,187.94,3128267,0.0
2022-01-28,186.63,189.53,180.12,189.48,4288198,0.0
2022-01-31,190.11,205.9,190,205.44,4379753,0.0
2022-02-01,209,210.99,200.01,208.28,3525741,0.0
2022-02-02,209.96,211.8336,205.6849,210.41,2055570,0.0
2022-02-03,206.72,208.7999,197.8,198.34,2717466,0.0
2022-02-04,196.97,200.11,190.79,198.07,2580638,0.0
2022-02-07,198.4,201.91,196.06,196.91,1830807,0.0
2022-02-08,196.76,203.32,196.085,202.53,1663431,0.0
2022-02-09,205.54,210,200.5,209.8,2555409,0.0
2022-02-10,204.5,209.62,198.13,199.05,1820908,0.0
2022-02-11,200.01,200.97,185.18,186.63,2805535,0.0
