Date,Open,High,Low,Close,Volume,OpenInterest
2020-12-04,163.01,166.6,162.52,166.6,2897195,0.0
2020-12-07,166.37,166.45,165.235,166.38,2263469,0.0
2020-12-08,166.3,167.24,165,166.56,2236935,0.0
2020-12-09,164.8,166.47,161.96,162.67,3539791,0.0
2020-12-10,162.16,162.87,160.78,161.94,2837936,0.0
2020-12-11,160.61,161.95,159.63,160.6,3011924,0.0
2020-12-14,161.45,162.75,159.99,160.01,3030470,0.0
2020-12-15,162.02,162.73,161.21,162.38,4632668,0.0
2020-12-16,162.94,163.36,160.92,162.12,2312227,0.0
2020-12-17,162.91,163.01,161.41,162.71,2291175,0.0
2020-12-18,163.37,164.61,162.1,164.07,2906558,0.0
2020-12-21,161.55,162.8,159.56,162.52,2088121,0.0
2020-12-22,162.19,163.46,162.06,162.54,1425910,0.0
2020-12-23,162.2,163.23,160.81,160.91,1428363,0.0
2020-12-24,160.72,161.85,160.48,161.63,867875,0.0
2020-12-28,163.765,163.765,161,161.48,1768386,0.0
2020-12-29,161.96,162.68,160.57,161.17,2088198,0.0
2020-12-30,161.89,163.125,161.76,162.52,1658761,0.0
2020-12-31,162.87,164.39,161.89,164.08,2080980,0.0
2021-01-04,164.6,167.84,160.755,162.21,3633447,0.0
2021-01-05,161.7,163.53,161.28,163.48,2682098,0.0
2021-01-06,162.3,167.45,162.07,164.19,3419701,0.0
2021-01-07,165.33,168.7,164.82,167.9,3944792,0.0
2021-01-08,171.115,172.75,168.86,171.18,3583989,0.0
2021-01-11,170.24,172.04,169.14,171.31,2505127,0.0
2021-01-12,171.29,173.66,170.97,172.28,2499265,0.0
2021-01-13,172.29,172.85,170.87,171.41,2054227,0.0
2021-01-14,171.1,172.54,170.35,171.72,2254042,0.0
2021-01-15,170.98,171.09,167.57,169.2,2470620,0.0
2021-01-19,171.185,174.7,171.185,174.18,4088037,0.0
2021-01-20,174.842,175.18,172.79,173.33,3220560,0.0
2021-01-21,174.42,175.4673,172.11,175.11,2888131,0.0
2021-01-22,174.49,175.45,172.75,172.77,2711380,0.0
2021-01-25,173.365,174.57,170.68,173,3524129,0.0
2021-01-26,172.07,174.28,171.3,171.58,4429628,0.0
2021-01-27,166.445,167.6186,162.0356,162.92,7949372,0.0
2021-01-28,167.88,171.1,165.14,169.07,5404119,0.0
2021-01-29,166.65,168,164.02,165.73,4569530,0.0
2021-02-01,167.36,173,167.02,172.47,4659558,0.0
2021-02-02,173.05,175.7,172.01,174.76,3962691,0.0
2021-02-03,174.7837,175.2625,168.5,168.5,4198244,0.0
2021-02-04,169.96,172.12,168.0571,172.01,2609306,0.0
2021-02-05,172.8,173.18,168.06,169.94,3321068,0.0
2021-02-08,171.34,175.39,170.84,175.2,3580994,0.0
2021-02-09,174.495,175.22,173.3322,173.66,2292502,0.0
2021-02-10,175.2,176.14,172.62,174.43,2457227,0.0
2021-02-11,176,179.65,175.44,179.23,3491539,0.0
2021-02-12,178,179.9,177.33,179.64,2115616,0.0
2021-02-16,180,181.8,178.835,180.78,2945285,0.0
2021-02-17,178.32,180.21,176.36,178.58,2710522,0.0
2021-02-18,177.43,177.52,174.2,176.52,3116933,0.0
2021-02-19,177.86,179.57,176.64,178.34,3361683,0.0
2021-02-22,176,176.92,172.68,173.09,3071452,0.0
2021-02-23,174.17,174.4364,168.51,172.84,5286833,0.0
2021-02-24,171.63,179.77,170.57,179.46,3847634,0.0
2021-02-25,178.5,178.5,170.06,170.37,4611864,0.0
2021-02-26,173.28,173.85,169.13,172.27,4151925,0.0
2021-03-01,174.5,177.86,173.09,177.67,3533155,0.0
2021-03-02,177.57,177.66,174.15,174.89,3674836,0.0
2021-03-03,174.09,175.62,170.36,170.52,3538582,0.0
2021-03-04,170.495,170.85,161.67,163.36,6442383,0.0
2021-03-05,167.5379,168.83,162.03,167.87,4474949,0.0
2021-03-08,166.39,168.27,161.77,162.11,4512456,0.0
2021-03-09,167.17,171.85,166.29,170.38,5618875,0.0
2021-03-10,171.65,173,169.31,169.42,3492724,0.0
2021-03-11,172.51,175.6,172.47,175.03,3757501,0.0
2021-03-12,173.02,174.1,170.745,173.57,2382928,0.0
2021-03-15,173.47,175.09,171.76,174.91,2775448,0.0
2021-03-16,176.25,178.81,175.83,177.16,3155514,0.0
2021-03-17,175.44,180.18,174.42,179.42,3047859,0.0
2021-03-18,176.16,179.77,174.24,174.29,3162708,0.0
2021-03-19,175.69,178.0499,172.45,175.98,3769715,0.0
2021-03-22,178.29,181.69,177.75,180.13,2950744,0.0
2021-03-23,181.91,182.57,177.71,178.78,3163554,0.0
2021-03-24,179.99,182.69,178.78,178.8,3494463,0.0
2021-03-25,177.53,179.44,173.75,178.47,3319403,0.0
2021-03-26,177.76,188.87,177.0104,188.36,4684228,0.0
2021-03-29,184.85,187.7,183.74,186.12,3488481,0.0
2021-03-30,187.89,188.51,184.62,186.04,3501272,0.0
2021-03-31,187.6,190.45,186.53,189.02,3497201,0.0
2021-04-01,191.11,192.54,190.02,192.11,3501126,0.0
2021-04-05,193.61,197.58,193.63,196.96,3352134,0.0
2021-04-06,194.22,196.84,193.04,194.59,2501342,0.0
2021-04-07,194.52,194.4899,191.51,193.09,2726690,0.0
2021-04-08,196.24,196.09,193.35,195.23,2444067,0.0
2021-04-09,193.31,195.56,192.74,195.43,2124438,0.0
2021-04-12,192.96,194.72,191.34,192.43,3136358,0.0
2021-04-13,192.14,193,189.76,191.24,2700268,0.0
2021-04-14,190.46,191.5,189.01,190.39,2531214,0.0
2021-04-15,192.42,193.53,190.82,193.16,3424685,0.0
2021-04-16,193.07,194.78,191.64,191.79,3789478,0.0
2021-04-19,190.3454,191.1,186.72,186.99,3226251,0.0
2021-04-20,186.92,186.98,184.28,185.27,3214536,0.0
2021-04-21,187.75,189.14,184.96,188.89,2899204,0.0
2021-04-22,186.78,188.79,184.77,185.81,2836679,0.0
2021-04-23,187.02,190.01,186.51,188.82,2196455,0.0
2021-04-26,188.34,192.18,187.885,191.41,2632268,0.0
2021-04-27,191.13,192.51,189.78,190.17,3115193,0.0
2021-04-28,181.9,184,180,181.83,8461491,0.0
2021-04-29,183.53,186.05,182.65,185.83,3820352,0.0
2021-04-30,182.6,182.8956,179.13,180.58,3860109,0.0
2021-05-03,181.46,181.7999,177.56,178.8,4373119,0.0
2021-05-04,178.08,179.25,175.53,179.02,4056268,0.0
2021-05-05,181,183.175,179.475,181.65,4327771,0.0
2021-05-06,181.9,184.84,179.95,184.28,3350004,0.0
2021-05-07,186.71,188.1,185.42,187.73,3760408,0.0
2021-05-10,187.29,187.29,181.82,181.95,3390194,0.0
2021-05-11,178.01,183.53,177.41,183.24,4004889,0.0
2021-05-12,179.71,180.1,176.27,176.59,4117357,0.0
2021-05-13,179.67,180.63,177.25,178.96,3376731,0.0
2021-05-14,181.03,184.92,179.5,183.27,3194633,0.0
2021-05-17,182.11,182.38,178.85,180.83,3130957,0.0
2021-05-18,181.11,181.86,178.59,178.87,2896667,0.0
2021-05-19,175.35,181.93,175,181.73,3524520,0.0
2021-05-20,182.56,186.54,182.2792,185.28,4007628,0.0
2021-05-21,186.7,186.7,184.1401,185.05,2944679,0.0
2021-05-24,186.98,189.35,186.4517,188.69,2991443,0.0
2021-05-25,189.62,189.68,187.88,188.73,2959150,0.0
2021-05-26,188.5,189.775,186.93,188.43,2787129,0.0
2021-05-27,188.74,190.05,187.96,189.22,3075812,0.0
2021-05-28,189.45,191.03,189.27,189.82,2390350,0.0
2021-06-01,191.38,192.03,188.04,188.98,3593244,0.0
2021-06-02,189,190.86,188.34,190.78,2496846,0.0
2021-06-03,188.32,188.32,184.9,185.99,3305279,0.0
2021-06-04,187.58,190.38,187.48,190.13,2639059,0.0
2021-06-07,189.29,189.8,187.66,188.54,2087215,0.0
2021-06-08,190.06,189.97,186.11,186.89,2109967,0.0
2021-06-09,188.03,188.125,186.17,186.46,2431706,0.0
2021-06-10,186.44,188.9,185.9,187.94,2267354,0.0
2021-06-11,188.08,188.74,186.94,188.67,1784592,0.0
2021-06-14,188.64,190.35,187.07,190.3,2325997,0.0
2021-06-15,190.46,190.73,188.1152,188.61,1730437,0.0
2021-06-16,189.58,190.49,186.3,187.73,2633062,0.0
2021-06-17,187.25,189.53,186.2,187.65,2432415,0.0
2021-06-18,186,186.31,182.5,183.07,4024400,0.0
2021-06-21,183.94,186.64,183.36,186.13,2416275,0.0
2021-06-22,185.64,187.28,184.34,187.19,2155965,0.0
2021-06-23,186.47,187.48,185.99,186.1,1821714,0.0
2021-06-24,188.05,188.7,187.45,188.62,1700381,0.0
2021-06-25,188.05,190.25,187.35,188.1,2205402,0.0
2021-06-28,188.96,192.38,188.96,191.55,2042123,0.0
2021-06-29,191.21,193.01,190.925,192.89,1746086,0.0
2021-06-30,192.92,193.08,191.49,192.31,1740498,0.0
2021-07-01,192.0246,192.48,190.06,190.89,2809190,0.0
2021-07-02,192.58,192.8,190.91,192.21,1804010,0.0
2021-07-06,192.58,192.765,189.545,191.2,1800594,0.0
2021-07-07,192.93,192.99,188.98,189.8,2169187,0.0
2021-07-08,187.555,189.3,185.37,188.31,2421941,0.0
2021-07-09,188.18,190.865,187,190.19,1896557,0.0
2021-07-12,190.69,192.02,190.09,191.92,2495379,0.0
2021-07-13,191.23,192.46,190.715,191.29,1805925,0.0
2021-07-14,192.92,194.09,190.73,191.28,2388966,0.0
2021-07-15,191.07,191.28,187.4,188.29,3362628,0.0
2021-07-16,189.27,190.24,185.74,186.13,3633867,0.0
2021-07-19,185.02,186.33,183.37,186.24,3287069,0.0
2021-07-20,187.06,189.18,185.76,187.72,3163078,0.0
2021-07-21,188.4539,194.245,188.4539,194.24,4442342,0.0
2021-07-22,185.74,187.66,183.53,183.915,11092475,0.0
2021-07-23,184.19,186.93,182.16,186.85,4782421,0.0
2021-07-26,185.23,188.99,185.31,188.27,2846271,0.0
2021-07-27,187.73,187.84,182.23,185.15,3825516,0.0
2021-07-28,186.43,187.5,185.02,186.84,2350446,0.0
2021-07-29,187.84,190.455,187.46,189.82,2546097,0.0
2021-07-30,188.52,190.95,188.37,190.69,1890300,0.0
2021-08-02,192.39,193.6,190.41,190.73,2499114,0.0
2021-08-03,190.92,191.45,187.44,189.33,2994480,0.0
2021-08-04,189.19,193.365,189.19,192.36,3122174,0.0
2021-08-05,193.8,193.9,191.59,193.21,2368485,0.0
2021-08-06,191.73,193.63,191.73,192.97,1672334,0.0
2021-08-09,192.97,193.53,190.33,190.45,2052212,0.0
2021-08-10,190.45,190.54,186.82,189.65,2122331,0.0
2021-08-11,191.07,191.17,188,189.49,1927758,0.0
2021-08-12,188.85,189.0579,186.16,187.87,2848453,0.0
2021-08-13,187.54,188.78,187,188.73,1599370,0.0
2021-08-16,188.27,189.96,188.1,189.9,1657853,0.0
2021-08-17,188.55,188.74,185.1,186.35,2502158,0.0
2021-08-18,185.71,186.56,183.56,183.8,2324125,0.0
2021-08-19,182.73,185.97,181.955,185.04,2869302,0.0
2021-08-20,185.3,186.16,183.32,184.97,2879977,0.0
2021-08-23,185.83,188.64,185.57,187.85,2660832,0.0
2021-08-24,188,189.53,187.53,187.88,2429679,0.0
2021-08-25,188.43,189.12,187.33,188.09,2329764,0.0
2021-08-26,187.99,188.59,186.57,187.98,2201904,0.0
2021-08-27,188.3,190.8,188.06,190.52,2248647,0.0
2021-08-30,191.43,192.29,190.705,191.42,1766248,0.0
2021-08-31,192.06,192.92,189.11,190.93,2783756,0.0
2021-09-01,191.775,191.78,188.17,188.36,3981725,0.0
2021-09-02,189.21,189.42,188.04,189.42,1637904,0.0
2021-09-03,188.94,190.83,188.2,189.87,1658452,0.0
2021-09-07,189.33,190.1,188.48,189.52,1750415,0.0
2021-09-08,188.6,189.0442,187.12,188.84,1607016,0.0
2021-09-09,189.66,190.63,188.26,188.5,1486838,0.0
2021-09-10,189.35,193.445,189.34,190.64,2786929,0.0
2021-09-13,192.96,194.13,191.24,194.04,2701618,0.0
2021-09-14,194.98,196.34,193.8,195.12,2697049,0.0
2021-09-15,196.19,197.59,194.83,197.51,3127073,0.0
2021-09-16,196.66,197.34,194.85,196.81,2021377,0.0
2021-09-17,197.26,197.31,194.605,196.28,3534667,0.0
2021-09-20,192.88,193.74,189.76,192.65,3468711,0.0
2021-09-21,193.96,194.49,190.835,192.93,2450756,0.0
2021-09-22,194.54,196.7,193.74,195.95,2222210,0.0
2021-09-23,196.32,199.1,195.79,198.65,2094958,0.0
2021-09-24,198.21,200.92,197.12,200.68,2583703,0.0
2021-09-27,198.26,200.45,197.67,200.35,2217638,0.0
2021-09-28,197.53,199.11,194.55,194.87,3163789,0.0
2021-09-29,194.5,195.8199,192.105,193.1,2795300,0.0
2021-09-30,194.5,194.99,192.1,192.21,2321142,0.0
2021-10-01,193.13,194.33,190.1801,193.78,2218167,0.0
2021-10-04,193.04,194.38,189.03,190.41,3017543,0.0
2021-10-05,192.23,195.22,190.68,193.87,2584697,0.0
2021-10-06,192.05,194.66,191.6,194.35,2352783,0.0
2021-10-07,195.99,197.75,195.03,195.34,2254300,0.0
2021-10-08,196.18,196.37,193.985,195.24,1557628,0.0
2021-10-11,194.9,196.23,193.31,193.36,1729645,0.0
2021-10-12,193.91,194.23,187.34,188.54,4168428,0.0
2021-10-13,188.79,189.38,186.52,187.16,3007090,0.0
2021-10-14,188.98,192.57,188.93,192.54,2348467,0.0
2021-10-15,192.8601,194.8,192.64,194.45,2055453,0.0
2021-10-18,193.17,196.06,191.62,194.9,2026124,0.0
2021-10-19,194.61,198.54,193.84,198.15,2153252,0.0
2021-10-20,198.14,200.02,197.05,199.48,2266104,0.0
2021-10-21,199.07,201.58,199,201.3,2157448,0.0
2021-10-22,201.65,202.22,198.135,199.07,2800436,0.0
2021-10-25,199.99,202.26,199.06,200.2,2777929,0.0
2021-10-26,200.02,200.4,196.49,196.89,4615282,0.0
2021-10-27,185.6,188.52,183.55,187.1,9273224,0.0
2021-10-28,187.7,189.6,186.23,187.83,4030770,0.0
2021-10-29,186.49,188.36,186.23,187.48,2907572,0.0
2021-11-01,186.8,188.57,186.075,187.54,2943864,0.0
2021-11-02,186.38,189.37,186.11,189.35,3445011,0.0
2021-11-03,188.88,190.11,186.67,189.15,2699956,0.0
2021-11-04,189.36,191.22,188.42,191.18,3980075,0.0
2021-11-05,193.65,195.43,191.82,193.4,3836446,0.0
2021-11-08,194.15,195.3799,191.72,192.34,3714747,0.0
2021-11-09,192.63,193.95,190.39,190.79,3347450,0.0
2021-11-10,189.45,190.97,186.48,186.96,3190325,0.0
2021-11-11,188.73,188.82,187.24,188.56,1980277,0.0
2021-11-12,188.65,191.84,187.31,190.04,2283317,0.0
2021-11-15,191.35,191.91,188.5,189.31,2113577,0.0
2021-11-16,189.15,190.25,188.16,188.56,2332368,0.0
2021-11-17,188.41,190.24,187.25,189.63,2959043,0.0
2021-11-18,190.53,194.16,190.135,193.51,3741508,0.0
2021-11-19,193.78,195.25,192.615,195.16,3434303,0.0
2021-11-22,195.48,196.91,192.22,192.42,3438963,0.0
2021-11-23,193.45,193.73,190.47,192.64,3369931,0.0
2021-11-24,192.86,193.67,190.1,193.6,2515758,0.0
2021-11-26,189.86,192.52,187.37,188.23,2438917,0.0
2021-11-29,191.09,194.73,189.81,194.38,3297040,0.0
2021-11-30,193.48,194.7,191,192.29,3692149,0.0
2021-12-01,195.73,199.9,191.63,191.76,5981946,0.0
2021-12-02,190.62,194.91,190,193.6,3389618,0.0
2021-12-03,194.51,196.03,191.68,193.411,3176669,0.0
2021-12-06,195.17,195.25,189.76,194.65,2667487,0.0
2021-12-07,196.21,199.86,195.93,199.03,3737475,0.0
2021-12-08,198.32,198.5,193.87,196.36,3135622,0.0
2021-12-09,195.57,196.9,193.25,193.39,2496755,0.0
2021-12-10,196.02,196.36,192.8109,196.01,2121382,0.0
2021-12-13,195.93,196.74,193.1226,194.37,1365294,0.0
2021-12-14,190.97,191.68,188.16,190.38,4615335,0.0
2021-12-15,191.84,193.71,187.87,193.44,4528163,0.0
2021-12-16,194,194.225,187.72,188.31,3674986,0.0
2021-12-17,186.9,189.38,185.63,186.13,4092636,0.0
2021-12-20,183.65,185.06,182.7689,184.24,3038882,0.0
2021-12-21,187.21,187.49,184.24,186.36,3094843,0.0
2021-12-22,185.99,187.01,184.16,186.95,2463171,0.0
2021-12-23,187.43,188.94,187,187.38,2111262,0.0
2021-12-27,188.07,191.95,188.07,191.87,2043479,0.0
2021-12-28,193.17,193.29,190.38,191.12,2241030,0.0
2021-12-29,191.01,193.28,190.76,190.79,1925650,0.0
2021-12-30,190.87,191.87,189.01,189.48,1712506,0.0
2021-12-31,189.66,190,188.27,188.47,1855306,0.0
2022-01-03,188.85,190.62,187.46,190.59,2807804,0.0
2022-01-04,191,192.1,188.2,190.79,3368723,0.0
2022-01-05,190.75,191.61,186.65,186.78,3373468,0.0
2022-01-06,186.67,188.52,185.79,186.76,2962479,0.0
2022-01-07,181.97,184.06,178.9,179.44,6038951,0.0
2022-01-10,178,183.23,176.88,182.98,5851614,0.0
2022-01-11,182.5,186.08,181.31,184.69,4280012,0.0
2022-01-12,186,187.34,184.4,186.04,3356907,0.0
2022-01-13,188.48,189.625,183.61,184.16,4188791,0.0
2022-01-14,183.26,187.2,183,187,4060607,0.0
2022-01-18,183.97,184.36,181.26,182.29,4461151,0.0
2022-01-19,183.44,183.58,178.19,178.26,4125982,0.0
2022-01-20,179.04,180.56,173.38,173.43,5118048,0.0
2022-01-21,173.84,179.55,173.33,175.69,9276563,0.0
2022-01-24,175.78,178.62,171.12,178.34,8748126,0.0
2022-01-25,174.55,178.01,173.04,174.185,6088854,0.0
2022-01-26,182.48,183.25,176.18,178.38,11498102,0.0
2022-01-27,180.9,181.02,173.1,174.77,5586457,0.0
2022-01-28,173.4,177.47,169.39,177.29,5328918,0.0
2022-01-31,177.68,179.64,175.84,179.53,5360280,0.0
2022-02-01,179.39,181.67,176.6271,181.28,4436644,0.0
2022-02-02,181.5,188.25,181.49,187.9,7601502,0.0
2022-02-03,185.45,186.55,174.88,175.59,9197456,0.0
2022-02-04,172.48,172.77,167.51,171.41,9963822,0.0
2022-02-07,172.48,172.5,168.91,169.95,5387305,0.0
2022-02-08,170.03,173.19,168.5,172.59,3597918,0.0
2022-02-09,174.34,177.2,173.06,176.76,5841608,0.0
2022-02-10,172.16,176.83,169.74,170.6,6023398,0.0
2022-02-11,169.91,171.358,163.65,164.37,5645562,0.0
