Date,Open,High,Low,Close,Volume,OpenInterest
2020-12-04,48.26,50.06,47.57,48.99,295734,0.0
2020-12-07,49.98,53.22,48.515,53.16,341290,0.0
2020-12-08,52.87,58.5,52.505,57.93,349824,0.0
2020-12-09,58.64,60.71,54.53,55.74,324795,0.0
2020-12-10,55.75,60.55,55.6,59.61,295427,0.0
2020-12-11,60.58,65.25,58.72,59.43,309169,0.0
2020-12-14,59.83,61.5,53.3,55.27,379052,0.0
2020-12-15,55.82,58.2566,47.03,49.81,742448,0.0
2020-12-16,50.34,51.84,48.49,50.85,333683,0.0
2020-12-17,51.98,54.73,51.16,51.83,299697,0.0
2020-12-18,52.23,55,50.61,50.99,243748,0.0
2020-12-21,50.5,50.75,46.33,49.61,688466,0.0
2020-12-22,50.34,55.68,49.51,54.02,340710,0.0
2020-12-23,54.89,55.97,53.41,55.01,430878,0.0
2020-12-24,55.36,56.97,51.65,52.08,184863,0.0
2020-12-28,52.56,54.64,47.14,47.35,560037,0.0
2020-12-29,46.9154,47.86,43.57,45.89,815920,0.0
2020-12-30,45.45,47.28,44.61,45.82,658780,0.0
2020-12-31,46.2,46.86,42.3951,43.51,675238,0.0
2021-01-04,44.22,44.74,40.545,41.44,664630,0.0
2021-01-05,41.81,42.81,39.65,42.55,529090,0.0
2021-01-06,42.47,45,41.185,44.18,695612,0.0
2021-01-07,45,47.5,44.6,47,799469,0.0
2021-01-08,47.66,51,46,49.61,2151895,0.0
2021-01-11,48.17,49.26,45.53,46.58,866397,0.0
2021-01-12,46.63,48.04,45.0324,46.22,646939,0.0
2021-01-13,46,48.42,45.71,47.67,684258,0.0
2021-01-14,47.51,49.48,46.645,47.69,742951,0.0
2021-01-15,53.1,54.6,51.06,52.27,2455583,0.0
2021-01-19,52.33,54.94,49.01,54.87,1084617,0.0
2021-01-20,55.25,57,54.04,55.87,1235894,0.0
2021-01-21,57,59.93,56.31,58.76,891543,0.0
2021-01-22,57.5,59.6865,56.46,59.03,929565,0.0
2021-01-25,58.09,58.11,53.05,55.14,1945808,0.0
2021-01-26,56.75,57.51,53.45,53.79,607830,0.0
2021-01-27,51.95,55.62,50.11,52.92,1318400,0.0
2021-01-28,53.87,54,50.01,51.32,1319231,0.0
2021-01-29,51.05,52.8,50.09,50.67,544908,0.0
2021-02-01,50.84,51.68,48.64,51.1,872453,0.0
2021-02-02,51.9,54.06,50.6,53.63,1052957,0.0
2021-02-03,53.75,54.08,52.07,53.73,710684,0.0
2021-02-04,53.75,54.6499,52.57,53.07,811601,0.0
2021-02-05,54.32,54.48,51.7735,53.42,536662,0.0
2021-02-08,53.87,56.18,53.57,54.57,752095,0.0
2021-02-09,54.51,56.58,54.01,55.84,1157171,0.0
2021-02-10,56.5,56.72,51.15,52.35,554627,0.0
2021-02-11,52.1,52.74,51.05,52.01,480944,0.0
2021-02-12,51.96,52.96,51.73,52.74,859137,0.0
2021-02-16,54.23,54.59,52.84,53.72,710318,0.0
2021-02-17,53.69,53.7,49.88,51.97,581018,0.0
2021-02-18,50.95,52.3,49.84,52.24,473266,0.0
2021-02-19,52.35,54.2,52.16,52.91,412483,0.0
2021-02-22,51.53,54.14,49.64,49.88,473554,0.0
2021-02-23,47.515,47.96,42.59,45.24,1032835,0.0
2021-02-24,46.76,47.56,44.83,46.14,722652,0.0
2021-02-25,46.23,47.41,43.09,43.83,1140924,0.0
2021-02-26,43.78,45.7946,41.14,44.23,714540,0.0
2021-03-01,45.13,47.62,45.12,47.05,659737,0.0
2021-03-02,46.72,47.46,45.59,46.55,606471,0.0
2021-03-03,46.7,46.965,43.14,44.22,865018,0.0
2021-03-04,43.1,44.76,38.325,39.07,1540544,0.0
2021-03-05,39.31,40.09,34.87,39.92,1679610,0.0
2021-03-08,40.11,42.45,39.31,39.4,1026103,0.0
2021-03-09,41.85,45,40.99,43.59,1220862,0.0
2021-03-10,45,45.97,43.09,43.16,994228,0.0
2021-03-11,44.98,48.29,44.58,47.035,1039891,0.0
2021-03-12,45.96,47.615,45.02,45.91,704166,0.0
2021-03-15,46.52,49.185,46.4,48.54,1052787,0.0
2021-03-16,48.86,49.01,45.14,46.2,847263,0.0
2021-03-17,45,48.89,44.32,47.29,805687,0.0
2021-03-18,47.44,47.5285,44.5,45.32,664183,0.0
2021-03-19,46,46.46,43.07,43.62,954992,0.0
2021-03-22,43.25,43.9299,41.82,42.96,542952,0.0
2021-03-23,42.43,43.28,41.46,42.03,533780,0.0
2021-03-24,40.65,40.65,37.87,38.09,2228795,0.0
2021-03-25,37.4,41.215,36.25,40.72,2188064,0.0
2021-03-26,40.72,42.91,40.4,41.87,758776,0.0
2021-03-29,41.41,44.375,41.41,43.46,623700,0.0
2021-03-30,42.91,44.895,41.905,44.53,511095,0.0
2021-03-31,44.38,46.46,44,45.33,510475,0.0
2021-04-01,46.14,48.05,45.63,46.73,565350,0.0
2021-04-05,48,49.65,46.4,49.35,653458,0.0
2021-04-06,49.72,49.78,47.93,48.75,641235,0.0
2021-04-07,48.35,49.05,46.18,46.87,586149,0.0
2021-04-08,47.06,48.385,46.33,46.81,708337,0.0
2021-04-09,46.65,47.905,46.33,47.13,455691,0.0
2021-04-12,46.54,47.67,46.05,47.46,343261,0.0
2021-04-13,47.42,48.4,47.0444,47.81,288509,0.0
2021-04-14,48.285,48.56,46.35,46.69,329195,0.0
2021-04-15,47.93,47.93,46.57,47.34,282903,0.0
2021-04-16,47.3,47.89,46.1301,47.69,267092,0.0
2021-04-19,46.98,47.4,44.1,45.94,428920,0.0
2021-04-20,45.86,46.185,43.37,44.37,450676,0.0
2021-04-21,44.47,45.43,43.17,45.33,268410,0.0
2021-04-22,45.12,46.23,44.27,45.77,279744,0.0
2021-04-23,47.07,50,46.16,48.67,947011,0.0
2021-04-26,48.38,49.83,47.575,49.7,493525,0.0
2021-04-27,49.88,50.1,47.84,48.37,536333,0.0
2021-04-28,48.18,49.55,47.36,49.26,321174,0.0
2021-04-29,49.62,50.82,48.62,50,766748,0.0
2021-04-30,49.21,50.16,48.78,50.08,598580,0.0
2021-05-03,50.61,50.61,47.15,48.14,771450,0.0
2021-05-04,47.65,47.65,44.94,46.29,849196,0.0
2021-05-05,46.95,47.7,44.94,45.15,506362,0.0
2021-05-06,46.21,47.93,40.14,41.08,2543532,0.0
2021-05-07,41.94,44.77,40.87,44.55,1216395,0.0
2021-05-10,43.94,44.29,41.97,42.63,826551,0.0
2021-05-11,40.81,42.6,40.03,41.49,826555,0.0
2021-05-12,41.01,42.675,40.45,40.83,972410,0.0
2021-05-13,41.26,41.26,37.04,38.56,951747,0.0
2021-05-14,39.21,44.09,38.85,42.49,760246,0.0
2021-05-17,41.93,43.0389,40.7912,42.11,344701,0.0
2021-05-18,42.24,45.82,41.64,43.94,440033,0.0
2021-05-19,42.73,44.21,41.94,44.1,317980,0.0
2021-05-20,44.41,45.98,43.9,45.37,262806,0.0
2021-05-21,45.86,47.52,44.88,45.14,338762,0.0
2021-05-24,45.48,46.29,44.615,45.73,447474,0.0
2021-05-25,46.03,47.4,45.32,46.61,444908,0.0
2021-05-26,46.7,48.77,46.7,48.72,692573,0.0
2021-05-27,48.76,51.15,48.36,51.05,790329,0.0
2021-05-28,50,52.255,49.93,50.49,742554,0.0
2021-06-01,50.5,51.32,49.11,51.08,409049,0.0
2021-06-02,51.17,51.58,49.71,51.56,330817,0.0
2021-06-03,50.24,51.275,49,50.1,260652,0.0
2021-06-04,50.77,52.15,49.75,51.05,307495,0.0
2021-06-07,51.03,53.2,50.18,52.11,519370,0.0
2021-06-08,52.27,53.1,51.15,52.92,299652,0.0
2021-06-09,52.84,53.76,51.47,52.535,478908,0.0
2021-06-10,52.33,53.56,50.78,53.45,622321,0.0
2021-06-11,53.38,53.95,53.09,53.87,306807,0.0
2021-06-14,53.59,54.25,52.79,53.21,292779,0.0
2021-06-15,52.36,53.32,51.61,52.81,239981,0.0
2021-06-16,52.83,54.37,51.55,53.44,710316,0.0
2021-06-17,53.31,54.42,52.78,53.43,326728,0.0
2021-06-18,52.55,53.79,52.37,52.9,350270,0.0
2021-06-21,53.06,54.9,52.07,53.6,377638,0.0
2021-06-22,53.41,54.75,53.18,54.31,342400,0.0
2021-06-23,54.26,54.9,53.41,54.19,308525,0.0
2021-06-24,54.26,54.95,52.69,53.04,441019,0.0
2021-06-25,53.16,54.2,52.6,52.99,305709,0.0
2021-06-28,53.57,54.855,53.05,54.02,426587,0.0
2021-06-29,54.39,55.2,53.58,55,559595,0.0
2021-06-30,54.3,55.36,53.53,54.34,351530,0.0
2021-07-01,54.46,54.99,53.67,54.35,241981,0.0
2021-07-02,55,55.08,53.56,54.39,286322,0.0
2021-07-06,54.12,54.82,53.19,54.48,240056,0.0
2021-07-07,55.37,55.47,51.28,52.98,663169,0.0
2021-07-08,51.88,52.95,50.57,52.21,447452,0.0
2021-07-09,53.01,54.6,51.8309,53.89,719748,0.0
2021-07-12,53.77,54.515,53,54.2,284390,0.0
2021-07-13,54.24,54.31,53.02,53.29,246324,0.0
2021-07-14,52.84,52.98,49.52,50.18,680594,0.0
2021-07-15,50,50,46.67,47.22,820648,0.0
2021-07-16,47.87,47.88,45.94,46.07,545499,0.0
2021-07-19,45.09,46.22,44.8134,45.77,585288,0.0
2021-07-20,46,48.9,45.65,48.49,537913,0.0
2021-07-21,48.74,50.19,48.485,49.99,291592,0.0
2021-07-22,49.9,50.32,48.59,48.86,245622,0.0
2021-07-23,49.4,49.65,47.95,48.92,185661,0.0
2021-07-26,48.9,49.09,47.52,48.27,324428,0.0
2021-07-27,47.99,48.24,46.6,47.28,604391,0.0
2021-07-28,47.51,48.91,46.73,47.51,768711,0.0
2021-07-29,47.97,48.15,46.91,47.27,582025,0.0
2021-07-30,47.13,48.54,46.55,46.83,320427,0.0
2021-08-02,46.7,48.29,46.08,47.76,320372,0.0
2021-08-03,47.8,48.35,46.87,48.19,283814,0.0
2021-08-04,47.7,48.74,47.21,47.36,206667,0.0
2021-08-05,47.29,48.82,46.89,48.46,191878,0.0
2021-08-06,49.17,49.31,47.71,48.75,179011,0.0
2021-08-09,48.85,49.08,47.91,48.59,157162,0.0
2021-08-10,48.62,48.82,45.5,45.66,274758,0.0
2021-08-11,45.7,45.715,44.29,44.74,251688,0.0
2021-08-12,44.63,46.66,44.35,46.58,259940,0.0
2021-08-13,46.63,46.99,44.81,44.97,252517,0.0
2021-08-16,44.61,44.61,42.91,43.22,209162,0.0
2021-08-17,42.54,42.84,41.2,41.77,431785,0.0
2021-08-18,41.93,43.38,40.96,42.67,297630,0.0
2021-08-19,42.28,42.56,41,41.34,249044,0.0
2021-08-20,41.665,43.29,41.12,42.88,176014,0.0
2021-08-23,43.37,44.96,43.37,44.15,313196,0.0
2021-08-24,44.34,45.64,43.2,45.59,283703,0.0
2021-08-25,46.205,46.205,43.75,43.78,226783,0.0
2021-08-26,43.65,45.1,43.56,44.39,228864,0.0
2021-08-27,44.93,47.49,44.47,46.88,327996,0.0
2021-08-30,47.03,47.95,46.64,47.29,335553,0.0
2021-08-31,47.2,48.34,46.51,47.41,332957,0.0
2021-09-01,47.57,48.81,46.955,48.28,223869,0.0
2021-09-02,48.4,49.47,47.63,48.46,198135,0.0
2021-09-03,48.13,48.92,47.18,47.41,158600,0.0
2021-09-07,47.43,49.09,47.43,48.11,437087,0.0
2021-09-08,47.85,48.4,46.87,47.22,269449,0.0
2021-09-09,47.04,49.13,47.04,47.8,467854,0.0
2021-09-10,48.03,48.27,46.91,47.17,301865,0.0
2021-09-13,47.59,47.96,45.95,47.15,380682,0.0
2021-09-14,47.37,48.35,46.64,46.67,355132,0.0
2021-09-15,46.51,47.76,45.37,45.61,515752,0.0
2021-09-16,45.6,46.38,44.725,44.92,624519,0.0
2021-09-17,46.01,46.27,44.35,45.42,1231977,0.0
2021-09-20,43.94,44.8,42.29,43.66,639873,0.0
2021-09-21,44.03,45.309,43.86,44.33,515883,0.0
2021-09-22,44.4,44.8795,43.69,43.69,289194,0.0
2021-09-23,43.95,44.57,43.475,44.36,168125,0.0
2021-09-24,43.85,43.88,42.68,43.07,190625,0.0
2021-09-27,42.92,43.59,42.1,43.46,313648,0.0
2021-09-28,42.94,42.97,41.11,41.9,986615,0.0
2021-09-29,42.05,43.1,41.28,41.36,412372,0.0
2021-09-30,42.28,42.825,41.42,42.17,345251,0.0
2021-10-01,42.48,43.1,41.27,42.6519,352254,0.0
2021-10-04,42.42,42.53,38.95,39.44,480677,0.0
2021-10-05,39.68,41.22,39.05,40.24,319647,0.0
2021-10-06,39.48,40.86,38.95,40.05,299483,0.0
2021-10-07,40.57,41.33,39.75,39.94,445183,0.0
2021-10-08,38.02,40.06,38,38.21,1580370,0.0
2021-10-11,37.94,38.8,36.65,36.71,679346,0.0
2021-10-12,37.12,38.62,37.01,38.25,468742,0.0
2021-10-13,38.63,38.89,38.04,38.4,421226,0.0
2021-10-14,39.14,40.115,38.55,39.59,513185,0.0
2021-10-15,40.24,40.71,39.45,39.98,337324,0.0
2021-10-18,39.6,39.991,38.78,38.87,231764,0.0
2021-10-19,39.23,41.27,39.1,41.1,462913,0.0
2021-10-20,41.06,41.11,39.4,39.68,349473,0.0
2021-10-21,39.68,40.65,39.68,40.2,659114,0.0
2021-10-22,40,40,38.52,39.02,354134,0.0
2021-10-25,39.09,40.17,38.45,39.79,272130,0.0
2021-10-26,39.96,40.11,39.13,39.44,174322,0.0
2021-10-27,39.38,39.745,39.06,39.41,269381,0.0
2021-10-28,39.47,40.25,39.23,39.97,424159,0.0
2021-10-29,39.75,40.4199,39.44,39.86,261238,0.0
2021-11-01,39.55,40.47,39.55,40.29,318996,0.0
2021-11-02,40.53,40.6,39.03,39.75,211977,0.0
2021-11-03,39.6,40.37,39.04,40.1,455167,0.0
2021-11-04,40.45,40.78,39.45,39.63,271516,0.0
2021-11-05,39.92,40.96,38.9401,39.79,257883,0.0
2021-11-08,39.97,40.49,39.44,39.52,227626,0.0
2021-11-09,39.29,39.47,37.95,38.42,258075,0.0
2021-11-10,38.05,38.43,36.02,36.58,446258,0.0
2021-11-11,37,37.04,35.75,35.99,254723,0.0
2021-11-12,36.33,36.77,35.64,36.38,476171,0.0
2021-11-15,36.15,36.58,34.81,34.84,347040,0.0
2021-11-16,34.91,35.31,34.34,34.34,580409,0.0
2021-11-17,34.45,34.5,32.75,32.78,584390,0.0
2021-11-18,32.97,33.0157,31.35,31.91,657652,0.0
2021-11-19,31.88,31.9,30.35,30.73,816744,0.0
2021-11-22,30.88,30.9478,28.78,28.83,1056938,0.0
2021-11-23,28.85,28.99,26.91,27.94,966687,0.0
2021-11-24,27.79,28.84,27.08,28.43,547568,0.0
2021-11-26,27.75,28.04,26.71,27.14,402134,0.0
2021-11-29,27.38,27.4,25.54,26.61,784018,0.0
2021-11-30,26.83,27.24,25.11,25.61,853475,0.0
2021-12-01,26.31,27.24,24.29,24.34,840906,0.0
2021-12-02,24.8,26.01,24.465,25.8,695827,0.0
2021-12-03,26.23,26.23,23.58,24.07,730590,0.0
2021-12-06,24.32,25.6999,23.51,25.24,732342,0.0
2021-12-07,26,27.06,25.74,26.49,813970,0.0
2021-12-08,26.73,26.96,25.505,26.44,620162,0.0
2021-12-09,26.38,26.73,24.62,24.76,568641,0.0
2021-12-10,25.01,25.675,24.41,24.47,661252,0.0
2021-12-13,24.2,24.65,23.305,23.515,540007,0.0
2021-12-14,23.16,23.97,22.68,23.55,810005,0.0
2021-12-15,23.52,24.14,22.89,24.07,1050598,0.0
2021-12-16,24.4,24.4406,21.9,21.93,1085151,0.0
2021-12-17,21.97,24.72,21.755,24.65,1253976,0.0
2021-12-20,23.79,24.55,22.996,23.89,686177,0.0
2021-12-21,24.26,25.145,24.26,24.88,574419,0.0
2021-12-22,24.86,25.57,24.66,25.14,337660,0.0
2021-12-23,25.35,26.35,25.01,26.31,570286,0.0
2021-12-27,26.39,26.455,25.5,26.33,597697,0.0
2021-12-28,26.32,26.73,25.71,25.94,666484,0.0
2021-12-29,25.92,26.24,25.45,25.78,531686,0.0
2021-12-30,25.76,26.77,25.7239,26.28,487192,0.0
2021-12-31,26.365,26.7,25.93,26.36,538805,0.0
2022-01-03,26.66,27.39,26.19,27.19,578522,0.0
2022-01-04,27.2,27.74,25.5,25.85,738202,0.0
2022-01-05,26.15,26.15,23.44,23.45,658310,0.0
2022-01-06,23.26,23.5,21.21,21.38,1054182,0.0
2022-01-07,21.42,22.37,20.91,20.93,773194,0.0
2022-01-10,20.61,20.76,18.72,19.14,1298165,0.0
2022-01-11,21.83,24.955,21.83,24.446,6317054,0.0
2022-01-12,24.73,24.91,21.075,21.21,2334307,0.0
2022-01-13,21.13,22.08,20.85,20.98,1912634,0.0
2022-01-14,20.59,21.18,19.27,20.21,1369830,0.0
2022-01-18,19.8,19.82,17.94,18.1,1160521,0.0
2022-01-19,18.11,18.8,17.53,17.76,1330684,0.0
2022-01-20,18.12,19.57,18.12,18.76,1138271,0.0
2022-01-21,18.5,18.93,17.77,17.97,888716,0.0
2022-01-24,17.17,19.34,16.59,19.24,1077072,0.0
2022-01-25,18.49,19,16.92,17.59,2247660,0.0
2022-01-26,18.41,18.8,16.585,16.69,969979,0.0
2022-01-27,16.98,17.5452,15.725,15.9,745409,0.0
2022-01-28,16.12,17.55,15.576,17.55,1166753,0.0
2022-01-31,17.48,19.15,17.48,19.11,763663,0.0
2022-02-01,19.3,19.93,18.64,19.735,933670,0.0
2022-02-02,20,20.02,18.98,19.32,731337,0.0
2022-02-03,18.34,19.24,18.2,18.695,706109,0.0
2022-02-04,19.03,19.7987,18.23,19.5,577417,0.0
2022-02-07,19.44,20.95,19.25,20.3,788406,0.0
2022-02-08,20.07,20.68,19.82,20.53,549972,0.0
2022-02-09,20.95,22,20.91,21.9,999841,0.0
2022-02-10,21.01,22.92,21.01,21.42,666880,0.0
2022-02-11,22.33,22.45,20.32,20.79,460734,0.0
