Date,Open,High,Low,Close,Volume,OpenInterest
2020-12-04,47.44,48,46.79,47.78,380504,0.0
2020-12-07,48.777,53.55,48,53.37,1219541,0.0
2020-12-08,50.69,52.8924,50.29,52.49,907549,0.0
2020-12-09,53.37,54.04,51.13,51.72,641903,0.0
2020-12-10,51.67,55.3,50.9406,55.3,1153957,0.0
2020-12-11,55.36,57.33,54.8,56.09,1591631,0.0
2020-12-14,57.08,59.92,56.83,57.27,1432059,0.0
2020-12-15,57,57.07,55.16,56.02,797643,0.0
2020-12-16,56.9003,57.4,55.8,56.66,792293,0.0
2020-12-17,56.63,57.57,56.04,57.5,673324,0.0
2020-12-18,58.03,59.61,57.5002,59.6,839801,0.0
2020-12-21,59.14,62.45,58.37,62.35,994422,0.0
2020-12-22,62.97,65.5,62.4,65.39,933613,0.0
2020-12-23,65.2141,65.69,63.23,65.47,689439,0.0
2020-12-24,65.39,65.39,61.5,62.44,351174,0.0
2020-12-28,64.57,64.73,60.11,60.99,845943,0.0
2020-12-29,61.29,61.58,58.2,59.17,751216,0.0
2020-12-30,59.67,60.2,58.46,59.36,474384,0.0
2020-12-31,59.27,59.99,56.85,59.16,304971,0.0
2021-01-04,59.27,59.58,55.5,55.95,655155,0.0
2021-01-05,56.56,56.705,55.29,55.67,673644,0.0
2021-01-06,55,57.24,54.3,55.9,535644,0.0
2021-01-07,56.78,59.3257,56.595,58.97,664663,0.0
2021-01-08,59.09,61.64,57.84,60.15,462057,0.0
2021-01-11,60.16,63.23,59.1,62.79,495540,0.0
2021-01-12,62.84,63.83,61.4301,62.41,924648,0.0
2021-01-13,62.68,64.32,62.35,63.46,682999,0.0
2021-01-14,65.26,66.87,64.8,65.65,1380496,0.0
2021-01-15,65.95,67.7615,64.55,65.09,1508257,0.0
2021-01-19,68.81,71.25,66.39,67.19,1205320,0.0
2021-01-20,68.73,69,66.04,66.82,523902,0.0
2021-01-21,67.05,68,65.5,67,353510,0.0
2021-01-22,66.71,68.16,65.67,67.85,257620,0.0
2021-01-25,67.15,68.25,64.32,65.51,591671,0.0
2021-01-26,65.47,66.16,62.1,62.14,1042120,0.0
2021-01-27,60.89,61.25,54.3,54.54,1246214,0.0
2021-01-28,54.88,58.11,54.31,57.07,937575,0.0
2021-01-29,58.18,58.29,54.51,55.6,763285,0.0
2021-02-01,56.03,56.725,54.78,56.2,581706,0.0
2021-02-02,57.88,60.87,57.47,60.39,928042,0.0
2021-02-03,60.62,61.9145,58.79,59.62,414754,0.0
2021-02-04,59.59,60.07,58.01,59.24,302219,0.0
2021-02-05,59.91,62.06,58.9,61.36,401520,0.0
2021-02-08,62.06,62.8369,60.81,61.4,433365,0.0
2021-02-09,61.55,63.7094,61.34,62.18,307595,0.0
2021-02-10,63.25,64.93,60.8005,62.77,365537,0.0
2021-02-11,63.24,64.59,62.51,64.4,375494,0.0
2021-02-12,64.96,67.34,63.93,66.49,483915,0.0
2021-02-16,65.45,65.725,62.6,64.2,496371,0.0
2021-02-17,62.92,63.985,60.94,62,512610,0.0
2021-02-18,61.21,62.12,59.58,61.3,395658,0.0
2021-02-19,61.39,64.33,60.84,63.24,597932,0.0
2021-02-22,62.34,62.34,56.41,56.71,757292,0.0
2021-02-23,56,57.44,52.66,56.76,883386,0.0
2021-02-24,57,59.71,55.86,58.41,630787,0.0
2021-02-25,55.04,57.99,53.955,55.35,1578253,0.0
2021-02-26,56.65,57.39,53.65,56.54,598284,0.0
2021-03-01,56.95,59.09,56.95,57.89,602787,0.0
2021-03-02,55,55.63,51.202,53.17,2247596,0.0
2021-03-03,52.89,52.93,49.3,50.24,1505549,0.0
2021-03-04,49.27,50.5,43.48,43.68,1735396,0.0
2021-03-05,43.95,44,38.25,42.2,2061498,0.0
2021-03-08,44.91,44.97,37.8,38.08,2475932,0.0
2021-03-09,40.67,41.76,39.37,41.12,2103230,0.0
2021-03-10,42.5,43.72,39.85,40.29,1604940,0.0
2021-03-11,42.93,44.65,42.21,43.29,1392332,0.0
2021-03-12,42.41,42.71,41.11,41.46,1271122,0.0
2021-03-15,41.6,42.91,40.51,42.78,1689207,0.0
2021-03-16,46.79,47.1145,43.075,44.29,1999084,0.0
2021-03-17,43.37,45.84,42.1699,45.02,1057819,0.0
2021-03-18,45.54,45.54,41.36,41.62,953184,0.0
2021-03-19,42.02,42.52,41.25,41.91,957110,0.0
2021-03-22,42.79,43.705,41.22,42.96,642884,0.0
2021-03-23,42.9,42.9,41.34,42,559934,0.0
2021-03-24,42.07,42.39,38.93,39.05,1096223,0.0
2021-03-25,38.11,39.05,37.4,38.68,1302287,0.0
2021-03-26,38.75,39.45,36.81,38.14,1561009,0.0
2021-03-29,38.21,38.21,35.54,37.2,1015267,0.0
2021-03-30,37.1,38.62,35.7,37.55,702741,0.0
2021-03-31,38.18,41.49,38.18,40.26,763334,0.0
2021-04-01,40.9,42.29,40.0971,40.74,684374,0.0
2021-04-05,41.18,41.4,40.34,41.18,647553,0.0
2021-04-06,41.12,43.54,40.58,42.51,865765,0.0
2021-04-07,42.34,42.34,40.055,40.63,931474,0.0
2021-04-08,42.84,44.21,41.57,42.02,1287271,0.0
2021-04-09,41.9,42.325,40.22,40.4,871540,0.0
2021-04-12,40.6579,41,39.15,40.16,1279213,0.0
2021-04-13,40.85,43.67,40.56,43.39,1109011,0.0
2021-04-14,43.41,44.84,42.43,42.64,891633,0.0
2021-04-15,43.04,43.25,42.09,43,389134,0.0
2021-04-16,43.06,44.1241,41.39,41.98,337017,0.0
2021-04-19,41.25,42.39,40.23,41.39,509339,0.0
2021-04-20,41.55,41.89,39.81,40.22,459401,0.0
2021-04-21,39.91,42.22,39.36,42.11,740745,0.0
2021-04-22,42.45,44.09,42.29,43.53,580432,0.0
2021-04-23,43.24,44.36,42.4,42.99,564201,0.0
2021-04-26,43,44.71,42.32,44.52,521641,0.0
2021-04-27,44.46,44.97,43.58,44.63,519029,0.0
2021-04-28,44.21,44.54,43.0883,43.28,527457,0.0
2021-04-29,43.83,44.06,41.81,42.89,579468,0.0
2021-04-30,42.19,42.79,41.305,41.62,414804,0.0
2021-05-03,41.61,41.98,37.65,37.96,1055676,0.0
2021-05-04,37.58,38,35.32,36.18,1034853,0.0
2021-05-05,36.3,36.31,34.93,35.46,1121379,0.0
2021-05-06,35.42,36.73,34.88,36.6,1138479,0.0
2021-05-07,36.76,37.51,34.86,34.96,1430063,0.0
2021-05-10,34.95,34.76,31.26,32.17,1127205,0.0
2021-05-11,30.59,33.49,30.41,33.15,926178,0.0
2021-05-12,32.41,33.59,32.03,32.91,1627444,0.0
2021-05-13,33.29,34.7,31.72,33.64,3066416,0.0
2021-05-14,33.8,34.7,33.09,34.56,1425297,0.0
2021-05-17,34.03,34.605,33.2,34.41,1179610,0.0
2021-05-18,34.92,37,34.44,35.24,877148,0.0
2021-05-19,34.5,35.245,34,34.5,708769,0.0
2021-05-20,34.78,36.76,34.22,36.15,519661,0.0
2021-05-21,36.49,37.56,35.99,36.13,740301,0.0
2021-05-24,36.23,37,36.04,36.65,433849,0.0
2021-05-25,36.89,37.67,36.58,37.41,453655,0.0
2021-05-26,37.7,37.8,36.92,37.1,338419,0.0
2021-05-27,37,37.93,35.67,37.76,574406,0.0
2021-05-28,38.07,39.229,37.76,37.76,510406,0.0
2021-06-01,37.78,38.22,36.08,36.55,560630,0.0
2021-06-02,36.92,37.5,36.5,37.09,378938,0.0
2021-06-03,36.92,36.93,35.16,35.61,348531,0.0
2021-06-04,35.73,36.81,35.615,35.87,195645,0.0
2021-06-07,35.445,37.99,35.445,37.725,632873,0.0
2021-06-08,38.03,38.34,35.17,35.31,1449107,0.0
2021-06-09,35.61,36.68,35.25,35.82,731556,0.0
2021-06-10,35.87,38.27,35.41,37.94,560939,0.0
2021-06-11,37.84,38.8,37.77,38.69,452621,0.0
2021-06-14,38.56,39.48,38.31,39.13,427415,0.0
2021-06-15,39.43,39.44,37.74,38.36,584359,0.0
2021-06-16,37.62,38.695,37.14,37.92,421024,0.0
2021-06-17,37.5,40.15,37.5,39.82,652708,0.0
2021-06-18,39.59,40.48,38.91,39.45,497826,0.0
2021-06-21,39.48,40.37,38.15,39.9,452082,0.0
2021-06-22,39.88,40.4,38.62,39.71,426948,0.0
2021-06-23,39.87,41.4599,39.655,40.96,446200,0.0
2021-06-24,41.07,42.2099,40.0323,40.27,522951,0.0
2021-06-25,40.24,40.66,39.14,40.44,1004530,0.0
2021-06-28,41.13,43,41.13,42.4,603587,0.0
2021-06-29,42.44,43.3968,41.95,42.2,842268,0.0
2021-06-30,42.13,42.13,40.4,40.88,646356,0.0
2021-07-01,40.77,41.41,39.82,39.87,848547,0.0
2021-07-02,40.03,40.49,38.9,39.31,296919,0.0
2021-07-06,39.22,39.65,38.28,39.26,277261,0.0
2021-07-07,39.42,39.94,37.04,37.54,448286,0.0
2021-07-08,36.65,37.97,35.93,37.93,362796,0.0
2021-07-09,37.5,38.9,37.09,38.88,251236,0.0
2021-07-12,39.35,39.44,37.53,37.87,249741,0.0
2021-07-13,37.52,37.75,36.44,36.66,311190,0.0
2021-07-14,36.8,36.82,34.05,34.2,621934,0.0
2021-07-15,34.18,35.63,34,35.23,655835,0.0
2021-07-16,35.31,36.96,34.63,36.76,611066,0.0
2021-07-19,35.81,38.08,35.81,37,559547,0.0
2021-07-20,37.56,38.17,36.18,37.99,638042,0.0
2021-07-21,38.2678,38.41,36.72,38.19,318260,0.0
2021-07-22,38.28,38.61,37.36,37.71,279197,0.0
2021-07-23,37.85,38.79,37.03,38.73,362418,0.0
2021-07-26,38.49,38.6,36.515,36.87,341341,0.0
2021-07-27,36.5,36.96,34.56,35.43,669155,0.0
2021-07-28,35.6,37.37,35.56,37.22,310085,0.0
2021-07-29,37,37.7,36.56,36.61,279825,0.0
2021-07-30,36.36,37.18,36.235,36.66,181385,0.0
2021-08-02,37,37.47,36.205,36.8075,308706,0.0
2021-08-03,36.76,36.775,35.51,35.91,364717,0.0
2021-08-04,35.77,38.18,35.77,37.37,542199,0.0
2021-08-05,38.31,38.49,36.21,37.55,967303,0.0
2021-08-06,37.34,37.66,35.14,35.32,590029,0.0
2021-08-09,35.31,35.95,33.87,35.19,856594,0.0
2021-08-10,35.18,35.41,33.23,34.31,914819,0.0
2021-08-11,34.58,34.58,32.1,32.68,707378,0.0
2021-08-12,32.72,33.049,32.06,32.6,218873,0.0
2021-08-13,32.59,32.755,31.66,31.79,530215,0.0
2021-08-16,31.73,31.73,30.13,30.81,569439,0.0
2021-08-17,30.29,30.68,29.83,30.59,467710,0.0
2021-08-18,30.89,31.17,29.735,30.78,430809,0.0
2021-08-19,30.6,30.61,29.88,30.02,358157,0.0
2021-08-20,30.21,31.135,30.06,30.495,558853,0.0
2021-08-23,30.84,32.9,30.84,32.28,587158,0.0
2021-08-24,32.32,33.48,32.09,33.45,344324,0.0
2021-08-25,33.54,34.41,33.47,34.32,451742,0.0
2021-08-26,34.19,34.6,33.5,33.68,244557,0.0
2021-08-27,33.8,35.405,33.6701,35.11,399236,0.0
2021-08-30,35.12,36.48,35.12,35.82,304706,0.0
2021-08-31,35.73,36.78,35.26,36.38,392951,0.0
2021-09-01,36.36,38.05,36.36,37.85,404643,0.0
2021-09-02,38.29,39.76,38.03,39.21,490621,0.0
2021-09-03,39.2,39.87,38.75,39.52,303361,0.0
2021-09-07,39.62,40,39.07,39.77,786978,0.0
2021-09-08,39.5,39.83,37.36,37.68,421261,0.0
2021-09-09,37.63,38.796,37.445,38.37,399655,0.0
2021-09-10,38.52,39.08,37.95,38.11,351450,0.0
2021-09-13,38.27,38.5999,36.65,37.42,325871,0.0
2021-09-14,37.77,37.79,35.965,36.27,462854,0.0
2021-09-15,36.13,37.6635,35.75,36.62,525455,0.0
2021-09-16,36.61,38.545,36.4,38.46,460388,0.0
2021-09-17,38.67,39.79,38.4,39.76,491836,0.0
2021-09-20,38.55,39.14,37.35,37.74,671053,0.0
2021-09-21,37.71,39.26,37.71,38.58,353405,0.0
2021-09-22,38.77,39.2,37.89,38.86,278367,0.0
2021-09-23,39.26,39.62,38.4825,39.29,352280,0.0
2021-09-24,38.72,39.03,36.42,36.42,472115,0.0
2021-09-27,36.08,36.37,35.11,35.78,370962,0.0
2021-09-28,35.17,35.525,33.15,33.45,541083,0.0
2021-09-29,33.93,34.53,32.35,32.41,778677,0.0
2021-09-30,32.58,34.27,32.24,33.99,486052,0.0
2021-10-01,33.77,33.94,32.58,33.22,262072,0.0
2021-10-04,33.31,33.35,31.8701,32.35,408601,0.0
2021-10-05,32.16,33.36,32.02,32.63,332883,0.0
2021-10-06,32.31,32.945,31.72,32.23,530441,0.0
2021-10-07,32.47,33.97,32.21,33.61,571511,0.0
2021-10-08,34.01,34.2,32.65,32.69,493386,0.0
2021-10-11,32.38,32.84,31.31,31.39,378352,0.0
2021-10-12,31.71,33.18,31.71,32.72,361241,0.0
2021-10-13,33.03,33.97,32.83,33.04,624290,0.0
2021-10-14,33.53,34.86,33.2,33.36,512814,0.0
2021-10-15,33.59,34.09,33.15,33.43,204103,0.0
2021-10-18,33.15,33.4,31.795,31.96,388336,0.0
2021-10-19,32.2,34.079,32.1,33.88,409315,0.0
2021-10-20,34.11,34.25,33.08,33.88,233493,0.0
2021-10-21,33.91,34.095,33,33.91,255772,0.0
2021-10-22,33.91,34.17,32.97,33.65,209555,0.0
2021-10-25,33.59,34.2,33.15,34.03,319127,0.0
2021-10-26,34.27,34.72,33.69,33.83,409109,0.0
2021-10-27,33.72,34.065,32.34,32.36,614269,0.0
2021-10-28,32.33,34.72,31.965,34.5,563925,0.0
2021-10-29,34.42,34.74,33.34,33.4,261765,0.0
2021-11-01,33.37,35.44,33.37,35.3,478716,0.0
2021-11-02,35.44,35.6,34.21,34.49,408187,0.0
2021-11-03,34.45,35.15,33.69,35.15,322013,0.0
2021-11-04,36,37.04,34.5,36.85,805747,0.0
2021-11-05,36.49,37.21,35.34,36.8,1215051,0.0
2021-11-08,36.91,37.55,36.33,36.44,684842,0.0
2021-11-09,36.51,36.83,34.4,34.52,533256,0.0
2021-11-10,34.21,35.31,33.115,33.48,434630,0.0
2021-11-11,33.82,33.96,32.53,33.76,442561,0.0
2021-11-12,33.96,34.02,32.98,33.18,203950,0.0
2021-11-15,33.25,33.82,32.5007,32.62,459521,0.0
2021-11-16,32.59,33.1,32.13,32.56,261744,0.0
2021-11-17,32.41,32.44,31.37,32.14,443483,0.0
2021-11-18,32.07,32.2,28.57,28.58,830521,0.0
2021-11-19,28.99,29.36,27.33,27.33,1169412,0.0
2021-11-22,27.38,27.81,25.96,26.31,1366592,0.0
2021-11-23,26,27.5,25.5934,27.1,2420862,0.0
2021-11-24,26.81,28.7194,26.405,28.17,806800,0.0
2021-11-26,27.6,28.63,27.67,28.17,351885,0.0
2021-11-29,28.24,28.24,26.52,26.62,908674,0.0
2021-11-30,26.55,27.61,25.79,26.09,777759,0.0
2021-12-01,26.47,26.96,25.18,25.2,749086,0.0
2021-12-02,25.73,26.46,24.755,26.23,676822,0.0
2021-12-03,26.34,26.53,24.46,25.35,1491978,0.0
2021-12-06,25.23,25.5,24.01,25.16,822520,0.0
2021-12-07,25.93,28.27,25.93,27.67,786103,0.0
2021-12-08,27.93,29.69,27.1,28.655,1022354,0.0
2021-12-09,28.47,28.775,27.35,27.46,783468,0.0
2021-12-10,27.94,28.48,26.27,26.71,623643,0.0
2021-12-13,26.54,27.65,26.34,27.28,393824,0.0
2021-12-14,26.62,27.5322,26.1501,26.62,793257,0.0
2021-12-15,26.64,27.335,26.14,27.33,821053,0.0
2021-12-16,27.47,28.66,26.26,26.28,980559,0.0
2021-12-17,26.23,29.36,25.6701,29.11,623548,0.0
2021-12-20,28.5,29.33,27.54,27.78,545880,0.0
2021-12-21,28.09,29.64,28.09,29.39,639501,0.0
2021-12-22,29.36,30.51,28.62,29.34,578699,0.0
2021-12-23,29.23,29.48,28.07,28.41,459540,0.0
2021-12-27,28.35,28.36,26.15,26.94,825955,0.0
2021-12-28,26.92,27.6245,26.1,26.31,414525,0.0
2021-12-29,26.41,26.685,25.78,26.24,406151,0.0
2021-12-30,26.2869,28.57,26.13,28.32,448618,0.0
2021-12-31,28.14,29.17,27.55,28.03,884744,0.0
2022-01-03,28.12,28.92,27.205,28.92,384734,0.0
2022-01-04,28.67,28.72,25.8701,26.43,813305,0.0
2022-01-05,26.47,26.61,24.44,24.47,623953,0.0
2022-01-06,24.16,24.74,22.22,23.43,1216161,0.0
2022-01-07,23.32,24.78,23.1,23.16,889193,0.0
2022-01-10,22.37,22.805,20.8,21.98,1358440,0.0
2022-01-11,21.595,22.635,21.43,22.51,932230,0.0
2022-01-12,22.58,23.06,21.16,21.34,790666,0.0
2022-01-13,21.29,21.29,19.25,19.53,931850,0.0
2022-01-14,19.27,20.48,18.74,19.32,1076154,0.0
2022-01-18,18.9,19.25,17.82,17.96,949391,0.0
2022-01-19,18.21,19,17.28,17.51,1564277,0.0
2022-01-20,18,18.89,17.11,17.14,1083851,0.0
2022-01-21,16.97,17.42,16.3,16.38,826226,0.0
2022-01-24,15.77,16.39,14.23,16.38,2683694,0.0
2022-01-25,16.01,16.26,15.25,15.74,1231628,0.0
2022-01-26,16.25,16.62,14.83,14.95,973862,0.0
2022-01-27,15.15,15.59,14.34,14.36,1038163,0.0
2022-01-28,14.39,15.04,13.58,15.01,1513399,0.0
2022-01-31,15.12,17.5,15.12,17.44,1321397,0.0
2022-02-01,17.59,18.02,16.86,17.74,1137522,0.0
2022-02-02,17.77,17.77,16.59,16.76,902239,0.0
2022-02-03,16.15,16.77,15.87,15.89,1072534,0.0
2022-02-04,15.88,16.78,15.68,16.68,1389701,0.0
2022-02-07,16.7,17.31,16.1956,16.28,757512,0.0
2022-02-08,16.17,16.4172,15.72,16.17,724999,0.0
2022-02-09,16.51,17.49,16.41,17.28,1272119,0.0
2022-02-10,16.78,17.79,16.48,16.68,1133386,0.0
2022-02-11,16.66,17.41,15.28,15.34,1055982,0.0
