Date,Open,High,Low,Close,Volume,OpenInterest
2021-06-11,33.5,38,33.26,37.35,16600370,0.0
2021-06-14,35.36,44.96,34.77,40,5602545,0.0
2021-06-15,39.66,39.94,37.05,38.15,2183154,0.0
2021-06-16,37.99,37.99,34.6,36.31,3801261,0.0
2021-06-17,36.72,38.97,36.3,38.11,991913,0.0
2021-06-18,38.1,38.11,36.4,38,341185,0.0
2021-06-21,37.35,37.84,36.3,36.44,1023563,0.0
2021-06-22,36.96,37.05,35.79,36.67,1611558,0.0
2021-06-23,36.3,38.39,36.15,38.24,1491487,0.0
2021-06-24,38.03,41.16,37.59,40.74,1437581,0.0
2021-06-25,41.07,42.57,40.78,42,1170194,0.0
2021-06-28,41.63,41.63,37.68,37.97,2283807,0.0
2021-06-29,37.86,39.36,37.5,38.645,1983715,0.0
2021-06-30,39,40.5,39,39.61,1339827,0.0
2021-07-01,39.5,39.5,36.83,37.21,1964243,0.0
2021-07-02,37.29,37.78,36.33,36.33,1057072,0.0
2021-07-06,32.5,33.7,29.71,30.23,8357872,0.0
2021-07-07,32,32.51,31.36,32.01,5045610,0.0
2021-07-08,30,32.4,29.01,31.26,2485379,0.0
2021-07-09,32.2,36.19,32,36.17,1447421,0.0
2021-07-12,35.66,36.4,33.92,34.22,867232,0.0
2021-07-13,33.89,35.57,33.62,34.74,626892,0.0
2021-07-14,35.3,35.855,34.86,34.98,376142,0.0
2021-07-15,35.1,35.43,34.35,35.26,193918,0.0
2021-07-16,35.27,36.29,34.56,35.35,316040,0.0
2021-07-19,34.49,35.485,33.715,34.88,286841,0.0
2021-07-20,35.11,35.21,34.56,35,395237,0.0
2021-07-21,34.84,36.04,34.51,35.28,328161,0.0
2021-07-22,35.44,36.87,34.95,35,364212,0.0
2021-07-23,33.05,33.93,31.66,32.51,2106590,0.0
2021-07-26,30,34.53,29.775,30.95,1123809,0.0
2021-07-27,29.34,30.51,27.9,29.46,2693409,0.0
2021-07-28,32.12,34.83,31.02,34.12,1423676,0.0
2021-07-29,34.62,35.47,34.26,35.29,1331545,0.0
2021-07-30,34.08,34.98,33.85,34.455,470599,0.0
2021-08-02,34.45,35.5,34.45,34.935,419911,0.0
2021-08-03,34.5,34.72,33.18,33.54,956706,0.0
2021-08-04,33.64,34.49,33.64,34.18,216180,0.0
2021-08-05,34.2,34.63,33.89,34.245,408930,0.0
2021-08-06,34.01,34.8,33.888,34.6,844215,0.0
2021-08-09,34.73,36.2,34.565,35.3527,399989,0.0
2021-08-10,35.63,36.36,34.9,36.14,492065,0.0
2021-08-11,36.33,37.08,35.6,36.265,508630,0.0
2021-08-12,36.15,36.98,35.5,36.71,193496,0.0
2021-08-13,36.76,38.15,36.6,36.89,877412,0.0
2021-08-16,36.14,36.15,34.68,34.9,444625,0.0
2021-08-17,33.47,34.45,33.3,34.19,298747,0.0
2021-08-18,34.21,35.55,33.41,35.02,123212,0.0
2021-08-19,34.1,34.1,32.72,33.4,467566,0.0
2021-08-20,32.52,33.29,32,32.47,997619,0.0
2021-08-23,32.68,32.88,31.9,32.21,696639,0.0
2021-08-24,33.27,36.2488,33.26,35.43,1067055,0.0
2021-08-25,35.35,35.915,33.43,34.65,346244,0.0
2021-08-26,34.63,35.13,33.84,33.87,356205,0.0
2021-08-27,35.39,36.44,35,35.31,702246,0.0
2021-08-30,35.15,35.6,34.8,35.2,423766,0.0
2021-08-31,35.36,37.129,35.27,36.88,348456,0.0
2021-09-01,36.87,37.7,36.75,37.06,655115,0.0
2021-09-02,37.39,38.1,37.05,37.26,378654,0.0
2021-09-03,37.49,38.59,37.03,37.93,421962,0.0
2021-09-07,38.8,40.32,37.9,38.45,1056974,0.0
2021-09-08,38.06,38.935,37.19,38.35,1042316,0.0
2021-09-09,37.69,39.22,37.44,39.19,847229,0.0
2021-09-10,39.19,39.38,36.425,36.44,434796,0.0
2021-09-13,36.55,36.97,35.38,36.33,697161,0.0
2021-09-14,36.03,37.04,35.5,36.5,346314,0.0
2021-09-15,36.52,39.35,36.52,38.79,1352226,0.0
2021-09-16,38,39.97,37.5,38.23,669118,0.0
2021-09-17,38.78,39.64,37.7,38.53,248081,0.0
2021-09-20,37.51,37.58,36.4,36.94,936874,0.0
2021-09-21,37.24,38.11,35.55,35.78,658338,0.0
2021-09-22,36.16,37.56,35.82,37.52,396325,0.0
2021-09-23,37.49,38.79,37.49,37.96,280821,0.0
2021-09-24,37.11,37.45,36.49,37.04,434112,0.0
2021-09-27,36.71,36.87,35.5,35.845,365298,0.0
2021-09-28,35.76,36.235,34.95,35.88,409660,0.0
2021-09-29,35.8,36.33,35.18,35.52,273620,0.0
2021-09-30,35.82,36.35,35.54,35.98,410292,0.0
2021-10-01,36.09,37.13,35.28,36.76,195133,0.0
2021-10-04,36.35,36.56,35.745,36,254640,0.0
2021-10-05,36.04,36.22,35.01,35.7,240953,0.0
2021-10-06,35,35.245,33.0564,33.44,334848,0.0
2021-10-07,34.44,34.56,33.24,33.75,934193,0.0
2021-10-08,34.39,34.93,32.83,32.83,222022,0.0
2021-10-11,34.09,34.17,32.07,33.3,568864,0.0
2021-10-12,33.6,33.72,32.43,33.07,350800,0.0
2021-10-13,33.5,34.2,32.34,34.02,692474,0.0
2021-10-14,34.31,34.87,32.7,34.02,1091717,0.0
2021-10-15,34.02,34.73,33.05,34.55,653813,0.0
2021-10-18,34.23,34.47,33.71,34.08,812427,0.0
2021-10-19,34.46,35.87,34.11,35.61,863507,0.0
2021-10-20,35.78,36.52,35.35,36,1265542,0.0
2021-10-21,36.71,38.54,36.57,38.08,1052247,0.0
2021-10-22,38.01,39.29,37.77,38.11,1210521,0.0
2021-10-25,38,38,36.615,37,808787,0.0
2021-10-26,37.14,37.14,35.71,36.21,401001,0.0
2021-10-27,35.63,36.96,35.488,35.94,514479,0.0
2021-10-28,35.84,36.355,35.005,36,724051,0.0
2021-10-29,35.03,35.265,32.65,35.035,3380300,0.0
2021-11-01,35.1,36.6,33.595,36.43,640800,0.0
2021-11-02,36.07,36.68,35.41,36.185,394299,0.0
2021-11-03,36.21,36.81,35.57,35.99,417406,0.0
2021-11-04,36.15,36.42,34.705,35.23,532954,0.0
2021-11-05,36.05,36.43,34.895,35.14,318937,0.0
2021-11-08,35.67,35.88,33.71,34.39,456173,0.0
2021-11-09,34.29,34.77,33.555,33.88,413928,0.0
2021-11-10,33.87,35.17,33.35,34.65,658274,0.0
2021-11-11,36.1,37.48,35.915,36.87,848059,0.0
2021-11-12,37.1,38.86,36.01,38.53,972720,0.0
2021-11-15,38.85,40.6909,38.39,39.4,610750,0.0
2021-11-16,39.6,40,38.91,39.64,736298,0.0
2021-11-17,39.68,40.05,38.77,38.84,807595,0.0
2021-11-18,38.53,38.765,34.68,35.22,1228483,0.0
2021-11-19,35.56,36.03,35.25,35.45,1004524,0.0
2021-11-22,35.44,36.76,34.12,34.5,1248834,0.0
2021-11-23,36.1,36.91,33.57,33.79,2593240,0.0
2021-11-24,34.66,35.6,33.13,33.9,2425295,0.0
2021-11-26,33,34.41,32.635,33.05,2635170,0.0
2021-11-29,33.8,36,33.315,34.48,3346796,0.0
2021-11-30,34.49,35.7,31.155,32.01,3673742,0.0
2021-12-01,32.76,33.4,31.56,31.94,2487695,0.0
2021-12-02,32,34.54,31.21,32.5,3351618,0.0
2021-12-03,31.94,32.11,29.64,30.35,3244820,0.0
2021-12-06,29.88,30.31,29.18,29.53,2793308,0.0
2021-12-07,30.6,31.035,29.24,29.49,3687535,0.0
2021-12-08,29.67,32.05,28.93,30.64,5188131,0.0
2021-12-09,31,38,30.98,36.36,6272696,0.0
2021-12-10,35.77,43.2199,35.52,39.2,11937498,0.0
2021-12-13,38.38,41,36.77,40.58,3918648,0.0
2021-12-14,39.52,40.97,39.09,39.93,4070797,0.0
2021-12-15,39.59,39.95,36.03,38.12,2069395,0.0
2021-12-16,38.49,38.84,35.22,37.26,2655633,0.0
2021-12-17,36.23,36.28,34.16,36.07,2366257,0.0
2021-12-20,34.87,35.42,32.45,32.95,2025149,0.0
2021-12-21,33.8,34.91,32.69,34.75,2228312,0.0
2021-12-22,34.11,34.78,33.81,34.68,1967122,0.0
2021-12-23,34.56,34.6,32.21,33,2132775,0.0
2021-12-27,32.96,34.55,32.96,34.25,940084,0.0
2021-12-28,34.16,35.89,33.87,35.14,2408859,0.0
2021-12-29,35.1,35.42,31.68,31.77,3331932,0.0
2021-12-30,32.5,36.415,32.14,35.4,4113373,0.0
2021-12-31,35.08,36.58,34.74,34.88,2063184,0.0
2022-01-03,35.23,35.535,33.56,34.79,1455438,0.0
2022-01-04,34.72,35.68,33.08,34.38,2821347,0.0
2022-01-05,34.12,37.385,34.02,35.82,2592683,0.0
2022-01-06,35.88,37.5,34.41,35.12,2488606,0.0
2022-01-07,35.48,37.15,34.84,36.98,2400216,0.0
2022-01-10,36.83,36.83,32.8,34.75,3143734,0.0
2022-01-11,34.33,36.68,33.75,36.34,2225301,0.0
2022-01-12,36.54,36.71,30.01,30.6424,9831523,0.0
2022-01-13,31.505,31.89,29.98,30.33,4646538,0.0
2022-01-14,29.88,30.33,28.58,29.23,1944414,0.0
2022-01-18,27.435,28.43,25,25.97,7591134,0.0
2022-01-19,26.24,29.6,25.6652,28.19,5522758,0.0
2022-01-20,28.9,30.33,28.13,28.14,2784104,0.0
2022-01-21,28.1,30.17,27.76,27.78,4326578,0.0
2022-01-24,26.66,27.97,26.38,27.91,3951381,0.0
2022-01-25,26.8,28.79,26.755,28.64,2390446,0.0
2022-01-26,29.07,29.23,27.89,28.08,1882605,0.0
2022-01-27,28.49,29.18,27.81,27.96,1912653,0.0
2022-01-28,27.48,28.18,26.172,28.13,1648172,0.0
2022-01-31,28.11,30.5,28.08,30.26,2216758,0.0
2022-02-01,30.7,31.1264,29.15,31.07,1263971,0.0
2022-02-02,31.33,31.36,29.77,30.07,949092,0.0
2022-02-03,29.57,30.41,29.08,29.55,1272018,0.0
2022-02-04,29.95,31.52,29.41,31.09,754031,0.0
2022-02-07,31.12,31.59,30.18,30.235,971417,0.0
2022-02-08,30.04,32.35,29.95,32.35,1001748,0.0
2022-02-09,32.76,34.67,32.3,33.8,2739826,0.0
2022-02-10,33.24,35.28,32.672,34.45,2406369,0.0
2022-02-11,33.15,34.605,32.27,32.83,1299628,0.0
