Date,Open,High,Low,Close,volume,trade_count,vwap
2020-12-31,225.3,225.99,220.6,222.3,2209655,41317,222.89082
2021-01-04,222.72,224.625,216.5,222.41,2757674,52814,220.922329
2021-01-05,227.06,233.8,224.03,228.5,4460919,67127,228.905653
2021-01-06,222.88,228.2932,218.55,223.85,2891771,58374,224.403762
2021-01-07,228.54,239.79,227.9,239.03,4093402,69767,236.41558
2021-01-08,241.34,246.39,240.78,244.54,3334925,58307,244.041304
2021-01-11,240.46,244.98,237.18,240.96,1372516,31599,241.775997
2021-01-12,245.57,263.0,245.42,262.65,7727344,100724,256.894437
2021-01-13,260.0,262.31,252.9178,255.85,4493241,61271,257.925198
2021-01-14,256.74,258.27,247.77,250.25,2717821,50521,251.978338
2021-01-15,251.44,256.44,246.8897,249.28,2540315,42848,250.793513
2021-01-19,251.8,260.38,251.64,256.57,3117730,52783,256.661505
2021-01-20,260.0,262.4699,253.695,255.31,2788219,47004,257.442434
2021-01-21,257.68,257.68,251.65,253.94,1495684,31636,254.283727
2021-01-22,253.02,257.125,250.88,255.15,1479047,31935,254.279867
2021-01-25,257.91,260.0,236.68,244.4,4198921,84625,245.681198
2021-01-26,244.68,245.98,233.7,235.11,2746885,57652,238.725753
2021-01-27,231.99,232.8499,222.66,225.19,3787360,77729,227.794797
2021-01-28,230.91,237.8697,228.0,234.14,3048163,53224,233.765518
2021-01-29,234.3,235.64,228.025,232.89,1999323,48667,231.771216
2021-02-01,233.25,234.47,224.67,230.14,3224249,60710,229.497835
2021-02-02,234.69,242.08,232.5,239.84,3056985,58610,238.762703
2021-02-03,243.45,243.5497,235.15,236.83,1875469,41656,237.925514
2021-02-04,238.5,247.0,236.62,246.01,2808926,46036,243.3351
2021-02-05,246.39,250.9999,244.77,250.37,2557395,49624,248.857818
2021-02-08,251.62,256.2,247.7992,248.9,2039962,44654,251.388033
2021-02-09,250.0,256.958,249.01,255.82,2017463,40274,254.359163
2021-02-10,257.17,261.755,250.48,255.25,2231834,46589,256.75927
2021-02-11,257.76,259.0375,253.81,256.27,1382879,29963,256.589426
2021-02-12,255.45,263.49,251.7417,263.3,2124028,38123,260.021645
2021-02-16,262.95,275.46,259.51,264.69,4382091,80272,266.911538
2021-02-17,260.34,262.21,248.8,254.98,2376240,51612,254.776733
2021-02-18,252.48,263.45,248.69,260.99,2047267,42689,258.634406
2021-02-19,262.27,269.91,262.0425,265.16,2167512,45061,265.787036
2021-02-22,258.75,259.58,240.22,243.51,4620129,90755,247.539758
2021-02-23,231.66,245.2,222.22,243.6,4459409,93870,235.638
2021-02-24,240.64,243.0,234.46,239.66,3427780,58289,238.764918
2021-02-25,239.37,242.49,223.7017,225.73,4553264,83289,229.669583
2021-02-26,225.0,228.5599,219.15,226.66,7423910,100958,224.912165
2021-03-01,233.37,240.93,229.37,238.56,5143257,67300,235.510988
2021-03-02,245.85,246.11,231.4,232.59,3216555,53949,237.13799
2021-03-03,232.09,232.59,216.16,219.64,3671199,71168,221.503921
2021-03-04,217.66,223.98,205.7638,210.62,5089436,97914,213.409374
2021-03-05,212.42,213.29,188.9101,204.31,6785358,133436,199.215709
2021-03-08,203.54,208.47,191.59,192.84,3950999,83491,197.967323
2021-03-09,203.55,214.53,201.8851,213.22,4404842,76017,210.743498
2021-03-10,220.28,221.65,210.1,212.67,3170061,60227,214.165815
2021-03-11,221.25,226.3,215.57,225.22,5185237,85812,221.507929
2021-03-12,215.81,216.86,207.69,210.34,9276632,154567,211.07597
2021-03-15,210.0,220.48,209.76,220.08,3905088,66656,215.729401
2021-03-16,221.68,224.53,210.16,211.18,3192881,54144,214.978496
2021-03-17,208.06,215.7,204.8941,213.34,3015140,55143,210.156042
2021-03-18,208.93,209.16,204.45,204.8,3417880,62207,206.326026
2021-03-19,205.32,207.51,199.5501,205.67,3477476,50070,204.530321
2021-03-22,205.36,208.75,203.72,207.43,2423204,47121,206.253402
2021-03-23,208.0,209.8,206.11,207.96,1661163,34015,207.809317
2021-03-24,209.0,209.0,198.02,198.46,2856662,61181,200.962102
2021-03-25,193.89,202.8,192.5,200.29,3435565,65785,199.027621
2021-03-26,200.15,204.44,195.114,201.96,2157391,49343,199.23841
2021-03-29,202.0,202.61,193.4,197.4,1984205,51072,197.080758
2021-03-30,194.25,198.01,192.02,196.94,2201908,39908,195.788738
2021-03-31,199.76,204.82,197.39,202.45,2165493,40692,202.616331
2021-04-01,205.3,210.49,205.29,206.29,2248853,44916,207.476469
2021-04-05,208.0,208.38,202.3,205.65,1713865,35010,205.085103
2021-04-06,205.0,209.48,203.35,205.71,1893813,33891,206.642199
2021-04-07,206.0,208.5157,204.3,205.71,1591143,30383,206.050272
2021-04-08,209.5,213.29,208.3101,212.28,2772275,50449,211.799835
2021-04-09,210.96,213.35,207.62,212.97,2115362,37005,211.862078
2021-04-12,210.01,215.6596,209.22,213.5,1472097,31066,212.901575
2021-04-13,216.6,229.21,216.4,223.63,4108052,66776,224.563111
2021-04-14,225.0,227.58,223.64,225.36,4586023,64144,226.019807
2021-04-15,228.76,233.69,226.8,233.09,2659693,52505,231.024938
2021-04-16,233.19,234.0,228.55,231.9,1779267,37227,231.870452
2021-04-19,229.47,231.63,222.1,223.29,1749492,37451,225.010582
2021-04-20,223.0,225.86,218.39,219.43,1304268,30288,220.910715
2021-04-21,218.36,220.7786,215.51,219.13,1522766,33988,218.473226
2021-04-22,218.93,227.99,218.93,221.69,2070945,38865,223.695521
2021-04-23,222.85,226.88,222.695,224.84,1430376,27117,224.511179
2021-04-26,225.4,234.44,223.6813,234.36,2251605,43134,231.080522
2021-04-27,234.01,234.73,228.5,230.02,1347985,28547,230.77885
2021-04-28,228.09,236.1065,227.1639,232.3,1554785,32086,232.884801
2021-04-29,232.89,232.89,221.5,224.59,1611152,34073,224.981306
2021-04-30,221.09,228.36,220.62,222.94,1284157,28067,224.143297
2021-05-03,224.03,224.03,213.79,215.1,1842521,37648,216.532554
2021-05-04,211.99,212.98,202.45,204.31,4626437,69624,204.561444
2021-05-05,205.65,205.95,195.43,196.47,3688349,62722,199.824421
2021-05-06,196.0,196.46,187.59,193.64,4490631,78154,191.182764
2021-05-07,196.07,201.5,194.33,195.28,3282443,53651,197.724833
2021-05-10,193.99,194.7027,189.14,190.0,2322045,47894,191.026682
2021-05-11,181.54,196.72,180.55,195.98,3709756,69165,191.744022
2021-05-12,191.05,192.79,184.595,187.81,2444023,54663,187.682374
2021-05-13,190.1,191.6,179.49,180.16,3651382,63725,182.84118
2021-05-14,181.57,187.5075,181.22,187.08,2032966,37266,185.699035
2021-05-17,186.37,188.0,182.455,186.51,1456199,30826,185.05322
2021-05-18,187.03,192.58,186.205,188.91,2250850,39390,190.115488
2021-05-19,184.49,189.9,183.09,189.49,1711236,34647,187.816466
2021-05-20,190.08,197.4099,189.52,195.49,3031105,43755,194.241725
2021-05-21,198.06,199.2965,192.93,193.75,2231940,37147,194.241293
2021-05-24,196.03,198.37,194.57,195.55,1702658,32700,195.722962
2021-05-25,196.49,196.88,193.49,195.68,1923354,30614,195.408262
2021-05-26,197.19,199.78,196.43,197.36,2181266,34143,197.687448
2021-05-27,195.94,200.3499,192.4619,199.4,2878218,34643,198.418666
2021-05-28,200.98,204.29,200.0,201.62,1850712,36187,202.471779
2021-06-01,202.0,203.0813,196.71,200.38,1856198,38146,200.165419
2021-06-02,201.09,202.87,198.7717,200.53,1406274,32454,200.361427
2021-06-03,197.85,198.46,193.66,194.75,2960068,55112,196.837776
2021-06-04,210.44,234.89,209.935,233.24,18401249,235680,225.235049
2021-06-07,230.99,244.65,230.735,240.97,10107693,120394,240.415315
2021-06-08,240.0,246.8,239.681,242.32,4372558,71073,242.952533
2021-06-09,241.0,242.88,237.37,237.75,3168328,51919,239.679891
2021-06-10,237.0,243.49,235.11,243.08,3040933,48404,240.973565
2021-06-11,243.01,253.14,242.48,253.01,3919966,69502,249.764023
2021-06-14,253.06,261.0,250.58,257.26,4528532,77857,256.858289
2021-06-15,254.2,254.5,247.8701,250.48,2868395,54407,251.273396
2021-06-16,251.0,255.8,248.05,253.07,3201645,49999,252.85185
2021-06-17,250.0,261.4889,249.0,260.61,3472907,65723,258.269001
2021-06-18,264.0,275.8399,261.19,274.43,6090345,95576,272.342096
2021-06-21,269.0,273.8899,265.5,270.02,2579057,50983,270.599699
2021-06-22,270.0,279.055,269.0,277.27,3146932,60240,276.752967
2021-06-23,277.3,279.9,273.03,274.8,2690189,39328,275.82939
2021-06-24,276.32,282.545,275.64,276.72,2245823,44801,279.209372
2021-06-25,277.94,279.42,274.6,279.2,2180639,34835,278.032558
2021-06-28,279.62,285.3499,279.1021,284.15,1739016,39965,283.215404
2021-06-29,282.58,284.99,279.5,284.48,1988861,40288,283.119107
2021-06-30,284.0,286.51,279.345,279.57,1768952,37716,281.846859
2021-07-01,278.32,280.63,275.14,278.09,1356127,30040,277.975497
2021-07-02,280.0,283.0,277.21,278.82,1231902,26458,279.386496
2021-07-06,279.0,293.61,277.16,288.18,3437365,61623,287.623305
2021-07-07,292.0,293.65,285.6101,288.94,3135291,52174,290.238042
2021-07-08,280.64,291.89,279.5,288.74,2347848,49782,287.911125
2021-07-09,288.0,290.0,285.05,288.02,1494066,32137,287.825917
2021-07-12,290.12,298.7499,287.02,288.1,1976956,41971,290.772649
2021-07-13,287.09,288.55,281.83,283.68,1492830,35299,285.220678
2021-07-14,285.04,285.9799,274.02,275.43,1703894,42465,278.165105
2021-07-15,274.68,279.74,270.41,277.01,3524269,75304,276.040467
2021-07-16,280.79,283.5942,277.7893,282.05,1912844,46325,281.229771
2021-07-19,281.43,291.66,277.9037,289.48,3069546,59424,287.436715
2021-07-20,291.6,306.0,290.5,301.27,4389817,81815,299.783247
2021-07-21,300.0,304.95,294.21,302.81,2254478,50945,301.058384
2021-07-22,303.46,310.5059,303.17,308.0,1944117,47531,307.548818
2021-07-23,307.02,310.29,305.11,308.5,1593538,40521,307.722737
2021-07-26,305.38,308.29,302.5,305.77,1391361,35711,306.048073
2021-07-27,303.45,306.9438,295.0628,302.04,1724105,42502,300.222947
2021-07-28,303.03,307.3736,299.1801,304.82,1104512,28306,304.403321
2021-07-29,302.44,308.49,299.75,301.18,1480153,33305,303.418166
2021-07-30,297.18,302.585,296.1,298.04,1404206,33455,299.375575
2021-08-02,299.8,299.8,288.3675,295.1,2000751,46083,294.547382
2021-08-03,294.26,299.84,289.35,292.66,1452238,36673,292.829696
2021-08-04,293.35,302.1607,293.07,301.97,1659517,39868,298.223241
2021-08-05,302.0,308.8,299.33,305.61,1762673,37603,305.505185
2021-08-06,304.16,307.95,298.93,302.63,1016471,27649,303.188633
2021-08-09,302.5,307.52,299.485,306.5,1060814,26985,304.614019
2021-08-10,308.0,314.76,300.5,301.44,2027626,45520,306.925589
2021-08-11,302.65,303.49,290.69,293.06,1884274,43480,295.129728
2021-08-12,291.26,300.09,290.367,295.54,1071965,28132,296.373427
2021-08-13,296.01,299.2699,293.62,295.97,851711,22237,296.812727
2021-08-16,296.23,296.36,282.11,286.75,1552410,41184,287.0344
2021-08-17,285.0,289.93,281.28,285.58,1136793,29191,285.540028
2021-08-18,286.92,288.61,284.08,284.81,954041,25824,285.828726
2021-08-19,283.57,291.39,283.395,286.84,2048012,33453,287.427704
2021-08-20,288.54,289.65,284.51,286.0,1429891,26479,287.192533
2021-08-23,287.23,295.9996,285.68,290.89,2117725,45784,292.360819
2021-08-24,294.96,296.3306,291.17,293.99,1379769,29509,293.762708
2021-08-25,294.59,299.78,292.99,298.9,1526101,32961,297.275125
2021-08-26,299.12,303.76,294.96,295.15,1046700,32560,298.582102
2021-08-27,297.98,302.68,296.0,300.76,1258530,26771,300.778934
2021-08-30,304.0,308.74,301.3201,303.64,1433701,34871,304.183126
2021-08-31,295.25,299.8441,291.2992,296.24,2416445,52411,296.262631
2021-09-01,295.36,299.17,294.0,297.22,1639793,34184,297.502395
2021-09-02,297.0,297.22,290.5,294.57,3797262,72630,292.912112
2021-09-03,296.0,314.7,295.98,310.05,9941818,145795,308.882302
2021-09-07,310.68,311.68,290.7702,291.5,5160850,99871,297.926405
2021-09-08,292.75,294.37,280.675,281.64,4036203,82714,284.811952
2021-09-09,282.6,284.713,279.29,281.31,2453178,51319,281.363526
2021-09-10,283.0,285.62,276.23,277.15,2338598,48222,279.464249
2021-09-13,277.98,277.98,268.223,271.22,2978530,59741,271.502585
2021-09-14,271.85,272.9426,267.06,267.98,2550925,41285,270.105283
2021-09-15,269.36,273.9,263.89,273.65,3658207,54805,271.581921
2021-09-16,273.64,277.11,271.97,277.1,2746160,44548,275.659819
2021-09-17,277.0,278.67,273.89,277.74,4048581,45649,276.998278
2021-09-20,270.89,276.1,267.15,271.29,2757207,46055,270.783124
2021-09-21,272.91,274.305,267.96,271.16,2083614,31137,270.834565
2021-09-22,270.88,275.68,268.0468,274.04,1380250,30909,273.432816
2021-09-23,275.21,277.38,273.41,273.7,1399703,29516,274.724604
2021-09-24,271.85,273.05,267.35,272.37,1175655,28752,270.665053
2021-09-27,268.5,268.655,262.12,263.82,1990674,48129,264.287459
2021-09-28,260.0,260.0,253.03,259.0,3015994,69765,256.920612
2021-09-29,257.51,261.005,255.58,256.89,2079018,43922,257.570177
2021-09-30,258.5,261.36,257.35,257.43,1481817,35186,258.502014
2021-10-01,257.0,259.41,253.295,257.77,1558873,35468,256.866715
2021-10-04,255.15,255.24,241.9519,246.57,3037705,66933,245.127785
2021-10-05,248.0,257.08,247.58,256.2,2487165,50828,255.079658
2021-10-06,253.77,265.23,253.62,265.12,3305604,61068,262.898009
2021-10-07,266.91,271.94,265.0,267.83,2052411,47661,268.996166
2021-10-08,268.82,269.99,261.75,263.03,2034784,31059,264.007201
2021-10-11,261.98,265.5,259.03,261.5,948392,22903,263.009218
2021-10-12,261.95,262.0,250.1175,254.69,3427235,59945,254.06313
2021-10-13,258.48,260.65,255.51,259.31,2379347,36262,258.92724
2021-10-14,263.01,268.185,260.66,261.17,1555161,33364,263.035957
2021-10-15,261.95,262.338,258.12,260.47,1213003,24860,260.539853
2021-10-18,261.35,269.91,261.29,269.7,1623504,33453,266.567909
2021-10-19,272.01,276.51,270.36,272.89,1763238,42944,274.152016
2021-10-20,275.0,277.49,268.08,271.26,1190324,29320,271.470871
2021-10-21,270.85,280.79,270.78,279.87,2559235,65140,278.137108
2021-10-22,280.81,281.39,273.05,274.73,1528818,43371,275.958121
2021-10-25,275.58,279.94,273.9,277.86,963542,29603,277.818992
2021-10-26,281.57,288.5,279.21,280.58,1873548,43368,283.391912
2021-10-27,282.0,285.0,277.68,277.96,1375859,31852,280.302307
2021-10-28,274.5,276.9,266.81,275.91,1647455,42421,273.420118
2021-10-29,275.88,280.09,274.825,278.29,1211982,31675,277.956981
2021-11-01,278.52,279.13,274.52,277.96,932339,25366,277.174099
2021-11-02,279.03,282.4799,277.62,281.86,1467650,27663,280.7407
2021-11-03,283.02,283.94,278.2453,283.21,892867,25461,281.559259
2021-11-04,283.21,288.135,282.68,284.11,905816,26684,284.465055
2021-11-05,280.54,281.33,265.26,267.49,2781197,65442,269.957589
2021-11-08,267.5,275.9,266.85,273.91,2286959,37774,273.411104
2021-11-09,275.26,279.5124,273.25,275.17,1063998,31061,275.759837
2021-11-10,273.61,274.53,253.305,255.66,3665223,76992,259.786442
2021-11-11,257.39,260.1999,254.29,254.55,1533715,34511,256.409077
2021-11-12,259.0,265.62,258.0,264.66,2059773,37561,263.117774
2021-11-15,265.3,267.59,262.5001,263.71,1800562,27968,264.109471
2021-11-16,263.41,268.96,261.3169,267.74,1433596,26934,266.770745
2021-11-17,267.84,272.96,265.3205,267.12,1351279,28890,267.895692
2021-11-18,267.75,268.0,261.615,264.18,1023125,26580,264.558093
2021-11-19,267.21,275.54,263.11,263.34,1264628,31348,267.708083
2021-11-22,262.36,262.36,244.5,247.75,2633235,69798,249.929272
2021-11-23,241.07,246.985,237.33,242.65,2192151,51639,241.096867
2021-11-24,241.04,243.7,233.33,243.47,1624025,38063,241.102186
2021-11-26,257.0,257.475,247.66,249.63,1690177,37157,251.255843
2021-11-29,250.32,252.66,245.52,251.5,1724712,40276,250.196094
2021-11-30,252.52,255.4,243.78,246.36,1968557,40968,247.761779
2021-12-01,248.08,249.64,230.37,230.79,2233084,56764,236.804116
2021-12-02,230.0,235.99,227.47,233.82,8053878,160671,196.29914
2021-12-03,154.95,155.4,131.51,135.09,76127725,891056,140.163425
2021-12-06,135.53,146.06,132.98,143.88,23234527,307653,142.054174
2021-12-07,147.5,148.8,138.51,138.6,16174678,195425,143.320857
2021-12-08,141.33,154.99,139.62,153.74,18743061,217633,150.269977
2021-12-09,155.28,163.77,147.7,149.37,17081771,220640,154.60526
2021-12-10,148.28,152.93,142.62,144.48,7903715,111079,145.254718
2021-12-13,144.05,146.48,139.56,139.77,5848867,95487,141.674643
2021-12-14,137.63,146.16,136.3592,144.46,7685046,97250,143.0734
2021-12-15,145.0,152.3712,143.48,151.07,7442511,101368,147.309621
2021-12-16,145.76,150.9,145.01,150.01,8031150,109033,148.16241
2021-12-17,149.15,155.99,146.18,155.37,8334823,101152,153.092867
2021-12-20,154.3,158.63,147.13,148.06,5230831,77014,151.076199
2021-12-21,148.55,155.27,147.115,154.24,3815408,63671,152.289854
2021-12-22,153.12,155.735,150.915,153.85,3577784,56009,152.757098
2021-12-23,153.17,158.15,151.38,157.01,3266869,54374,155.563934
2021-12-27,155.44,159.73,154.42,156.52,3539307,56296,156.586183
2021-12-28,156.89,156.93,151.77,152.39,2630488,52218,153.463391
2021-12-29,152.38,153.2599,148.26,152.48,2487883,46157,151.623976
2021-12-30,151.92,157.79,150.12,155.16,2959789,53712,155.622196
2021-12-31,154.0,156.74,152.17,152.31,2203743,44135,153.34173
2022-01-03,152.35,157.37,147.46,157.01,3727820,66106,154.355881
2022-01-04,155.32,156.41,147.5666,154.44,6264245,90560,151.582833
2022-01-05,150.25,153.49,143.53,144.19,5786935,96183,148.113058
2022-01-06,142.05,147.05,139.45,143.1,5965178,81331,144.328639
2022-01-07,140.81,144.73,135.12,135.93,6248080,97696,137.505819
2022-01-10,133.5,136.5,126.9114,136.23,7172808,114728,130.785951
2022-01-11,138.8,145.93,136.798,142.13,5525579,76442,142.276082
2022-01-12,142.91,145.94,137.58,139.25,3756117,58601,139.899648
2022-01-13,139.4,139.4699,130.55,130.59,3664230,64207,133.530039
2022-01-14,128.42,133.46,127.1,130.44,3907189,59586,129.543853
2022-01-18,128.0,131.85,125.2,127.31,3642235,57435,128.759771
2022-01-19,127.81,132.0499,126.69,126.99,3152595,50917,129.046025
2022-01-20,129.28,132.88,123.71,124.44,3393049,60079,128.086187
2022-01-21,122.74,122.96,115.52,116.13,6673962,111868,118.412427
2022-01-24,111.59,122.23,108.06,121.83,8862840,118534,114.723506
2022-01-25,120.0,122.21,114.55,117.8,5005467,68530,117.954271
2022-01-26,121.61,123.69,113.21,114.33,5456067,78130,118.150879
2022-01-27,116.3,119.67,110.29,110.69,5463428,72020,113.638681
2022-01-28,111.97,117.4699,109.52,117.29,3902059,61499,114.206275
2022-01-31,118.25,125.92,118.0,125.77,4265349,61796,122.956203
2022-02-01,127.77,128.2936,123.56,127.5,2682738,46164,126.578631
2022-02-02,127.15,127.29,120.06,121.57,3657590,58202,122.467965
2022-02-03,117.95,120.2899,113.74,114.24,3345350,55164,115.886088
2022-02-04,115.3,119.87,113.85,118.46,3657250,50189,117.764818
2022-02-07,118.55,123.34,118.14,118.41,3038425,39380,119.953987
2022-02-08,117.14,122.36,116.5,121.87,3182210,41266,120.634851
2022-02-09,123.2,128.28,121.6,128.16,3645474,50193,126.34162
2022-02-10,124.23,131.9074,123.2,127.22,3858513,67028,128.840583
2022-02-11,127.4,129.05,121.18,122.48,2769836,49713,124.309308
2022-02-14,122.63,125.11,120.41,120.78,2473787,42582,122.334513
2022-02-15,123.27,125.93,121.35,125.57,1894834,31158,123.931294
2022-02-16,123.15,123.92,118.51,120.14,3368563,57764,120.587351
2022-02-17,119.07,120.61,114.19,115.0,3110343,57743,116.071153
2022-02-18,115.02,116.11,109.28,110.28,4177826,67157,110.875756
2022-02-22,108.82,114.49,108.02,110.99,3854656,51550,111.684146
2022-02-23,112.01,112.34,106.31,106.35,2468476,48811,108.547847
2022-02-24,101.7,113.98,100.0,113.56,4751277,79750,108.300814
2022-02-25,113.93,115.22,109.69,115.07,3757835,50884,113.21984
2022-02-28,114.54,118.92,114.17,118.43,4699649,53669,117.161571
2022-03-01,117.55,123.5,117.02,117.9,3674176,55601,120.054943
2022-03-02,117.96,118.15,109.52,114.4,4697981,68570,112.862591
2022-03-03,115.9,115.9,107.5,108.66,3623085,63142,109.864598
2022-03-04,108.44,110.3658,101.2,101.38,5139621,73773,103.552438
2022-03-07,102.29,103.74,95.0493,95.06,6401727,94792,97.476344
2022-03-08,95.0,96.96,90.9,91.98,5674801,83776,93.453451
2022-03-09,96.0,100.24,95.49,98.05,5005379,64173,98.277544
2022-03-10,94.91,96.0,91.92,93.88,11386647,138814,88.340058
2022-03-11,76.53,77.81,71.0,75.01,44745035,388735,74.023872
2022-03-14,73.23,75.7351,71.7981,73.24,11062689,124532,73.498247
2022-03-15,73.6,77.19,72.52,76.64,8246319,89047,74.841045
2022-03-16,78.38,83.44,77.77,83.17,10742005,122710,80.793526
2022-03-17,82.74,88.04,82.25,87.26,6792626,81056,85.609882
2022-03-18,88.5,96.97,88.27,95.51,11682354,127391,94.392075
2022-03-21,94.31,100.06,93.01,95.86,8051614,84466,96.151634
2022-03-22,94.01,102.05,94.0,99.45,5894407,70305,99.616682
2022-03-23,98.32,102.61,94.725,100.17,6192028,77941,99.802551
2022-03-24,101.07,104.7,98.1394,104.55,6605691,75330,102.467574
2022-03-25,104.34,104.46,98.37,100.45,5997719,77209,100.353813
2022-03-28,100.9,105.05,98.81,104.67,5170042,63167,102.722896
2022-03-29,106.47,111.99,104.1,111.24,6306551,78429,109.00712
2022-03-30,109.5,111.74,106.63,107.95,4429001,57477,109.043664
2022-03-31,107.08,109.8992,105.65,107.12,3989232,55302,107.761264
2022-04-01,107.0,111.47,106.7,108.63,4235006,55164,108.94009
2022-04-04,109.64,113.67,108.7,112.28,3466417,51763,111.873702
2022-04-05,111.58,113.0,106.38,107.37,4104725,56349,108.180653
2022-04-06,105.65,105.94,100.8101,102.7,5937227,77749,102.737434
2022-04-07,102.31,105.4978,100.01,102.72,4192741,61301,102.628644
2022-04-08,101.84,104.94,100.59,101.95,3897626,53951,102.748971
2022-04-11,100.24,102.875,97.18,101.71,3256395,49292,100.867475
2022-04-12,103.52,105.41,97.63,98.76,3649297,52920,100.613207
2022-04-13,98.58,105.05,97.99,104.56,3626204,46506,103.530863
2022-04-14,104.45,104.93,99.23,99.53,2979553,42547,100.528622
2022-04-18,99.14,99.24,93.84,96.32,3859742,56572,96.141788
2022-04-19,95.91,102.94,94.61,102.03,4112057,49554,101.086614
2022-04-20,101.48,101.87,92.37,92.74,4828491,67708,94.638966
2022-04-21,94.77,96.2,86.75,87.42,4739620,65942,89.10695
2022-04-22,88.04,90.37,84.71,86.33,3769095,52707,86.651717
2022-04-25,85.85,91.07,85.19,89.95,3705744,56853,89.340782
2022-04-26,89.15,89.67,84.08,84.39,4228227,61442,85.412235
2022-04-27,84.07,86.58,81.13,82.71,3547866,52440,83.156653
2022-04-28,83.91,86.74,80.631,85.37,3876187,67755,83.975958
2022-04-29,84.56,87.5513,80.89,81.0,2864499,49454,83.432469
2022-05-02,81.18,86.0,80.445,85.83,3279246,49843,84.30173
2022-05-03,81.28,86.75,81.086,83.94,3555112,51262,83.908181
2022-05-04,84.7,88.58,79.1,88.51,4233016,60398,83.788334
2022-05-05,86.86,86.86,79.16,80.93,3468262,54416,81.277638
