Date,Open,High,Low,Close,Volume,OpenInterest
2020-12-04,120.48,122,120.48,121.24,13557,0.0
2020-12-07,121.4,121.99,120.01,121.045,21116,0.0
2020-12-08,120.16,121.23,119.9973,120.13,22253,0.0
2020-12-09,120.13,120.61,119.2,119.67,8604,0.0
2020-12-10,118.8,118.85,116.6,117.9,23666,0.0
2020-12-11,117.6,119.37,117.58,119.18,16433,0.0
2020-12-14,120.11,120.56,119,120.05,26360,0.0
2020-12-15,119.42,120.4948,118.53,120.1,16896,0.0
2020-12-16,120.38,121,120,120.275,14270,0.0
2020-12-17,124,126.09,124,125.06,24964,0.0
2020-12-18,125.4,126.32,125.05,125.8,14060,0.0
2020-12-21,120.56,120.81,119.05,120.32,35273,0.0
2020-12-22,122.27,123.005,121.92,122.81,20114,0.0
2020-12-23,124.83,127.41,124.83,126.87,35631,0.0
2020-12-24,131.21,131.25,129.44,130.2,25732,0.0
2020-12-28,131.89,132.01,128.91,129.32,17245,0.0
2020-12-29,131.65,132,129.05,129.49,11107,0.0
2020-12-30,130.82,131.32,129.98,131.05,16275,0.0
2020-12-31,131.74,131.95,129.98,130.97,15943,0.0
2021-01-04,133.68,133.93,128.31,129.72,35764,0.0
2021-01-05,134.7,134.7,131.14,132.54,25236,0.0
2021-01-06,132.14,132.14,127.55,128.84,62045,0.0
2021-01-07,129.45,129.45,128.16,128.3,22417,0.0
2021-01-08,129.48,129.48,127.39,128.3,24175,0.0
2021-01-11,130.49,131.97,130.04,131.35,13783,0.0
2021-01-12,134.04,135.25,133,135.15,32938,0.0
2021-01-13,135.91,136.97,135.35,136.65,14489,0.0
2021-01-14,134.98,141.28,134.98,140.14,66380,0.0
2021-01-15,139,139,134.54,135.36,51373,0.0
2021-01-19,138.97,138.97,136,136.2,31393,0.0
2021-01-20,137.33,137.65,136.18,136.85,30102,0.0
2021-01-21,136.14,136.33,134.6,134.79,22152,0.0
2021-01-22,134.72,135.72,134.72,134.86,16408,0.0
2021-01-25,133,134,131.75,133.14,30500,0.0
2021-01-26,135.91,136.78,134.48,134.895,16012,0.0
2021-01-27,138.4,139.09,136.8527,137.56,48995,0.0
2021-01-28,137.84,138.55,134.55,135.26,31237,0.0
2021-01-29,136.21,136.21,134.26,134.92,28192,0.0
2021-02-01,136.23,137.4,135.58,136.01,15359,0.0
2021-02-02,136.49,137.2,136.03,136.68,17347,0.0
2021-02-03,138.76,140.22,138.76,139.72,14816,0.0
2021-02-04,139.14,140.61,139.14,139.85,10642,0.0
2021-02-05,140.72,141.67,140.36,141.13,13234,0.0
2021-02-08,141.26,143.7,141.22,143.23,21292,0.0
2021-02-09,141.99,143.5,141.86,143.4,33046,0.0
2021-02-10,143.9,144.89,143.4543,144.22,11841,0.0
2021-02-11,143.1,143.79,142.55,143.4,17186,0.0
2021-02-12,144.05,144.64,142.66,144.3,13801,0.0
2021-02-16,142.95,143.94,142.25,143.48,25796,0.0
2021-02-17,140.94,142.04,139.548,141.45,21987,0.0
2021-02-18,138.81,140.01,137.84,139.99,21201,0.0
2021-02-19,140.82,140.82,139.4,139.7,20967,0.0
2021-02-22,138.03,138.83,137.86,138.19,13610,0.0
2021-02-23,136.43,137,135.13,136.14,21140,0.0
2021-02-24,135.17,137,134.64,136.39,18716,0.0
2021-02-25,132.6,133.08,129,129.32,30064,0.0
2021-02-26,128.7,128.7,126.81,127.49,25968,0.0
2021-03-01,130.69,134.28,130.57,133.01,25880,0.0
2021-03-02,133.46,134.39,132.82,133.88,26818,0.0
2021-03-03,134.38,134.38,132.2,132.8048,17340,0.0
2021-03-04,131.45,133.14,129.52,130.9,19261,0.0
2021-03-05,131,131.82,127.4464,131.57,20394,0.0
2021-03-08,131.42,131.82,129.77,130.515,19789,0.0
2021-03-09,132.66,135.84,132.16,134.21,35929,0.0
2021-03-10,135.22,136.43,134.714,136.09,12554,0.0
2021-03-11,136.85,139.34,136.57,138.16,17597,0.0
2021-03-12,138.39,139.67,137.3478,139.67,39873,0.0
2021-03-15,140,142.15,139.18,141.06,37894,0.0
2021-03-16,141.39,141.79,140.03,141.24,17088,0.0
2021-03-17,139.01,141.2399,138.94,140.51,26993,0.0
2021-03-18,137.61,137.69,134.22,135.36,77313,0.0
2021-03-19,136.08,136.08,133.49,135.075,12667,0.0
2021-03-22,136.3,137.595,135.85,136.91,17558,0.0
2021-03-23,136.77,137.79,136.075,136.65,8777,0.0
2021-03-24,137.94,139.88,137.51,138.31,16068,0.0
2021-03-25,136.48,138.23,134.39,138.16,21887,0.0
2021-03-26,139.01,142.139,138.78,139.99,47508,0.0
2021-03-29,139.03,140.8362,138.801,140.03,18686,0.0
2021-03-30,139.21,143.0808,139.21,141.505,27575,0.0
2021-03-31,142.4,144.86,141.93,143.28,30848,0.0
2021-04-01,145,145.86,143.3362,143.89,24019,0.0
2021-04-05,142.66,143.9,141.8186,143.48,29567,0.0
2021-04-06,142.83,144.0707,142.37,143.49,21543,0.0
2021-04-07,143.56,144.78,143.39,144.05,18060,0.0
2021-04-08,144.89,145.43,144.44,145,16490,0.0
2021-04-09,145.02,145.02,144.05,144.64,8338,0.0
2021-04-12,142.93,143.3388,142.84,143.17,9984,0.0
2021-04-13,142.32,142.5,141.53,142.27,10160,0.0
2021-04-14,143.06,143.57,142.19,142.19,11307,0.0
2021-04-15,143.36,143.36,141.73,142.88,10612,0.0
2021-04-16,143.62,143.62,142.06,142.72,21930,0.0
2021-04-19,143.3,143.3,142,142.29,9941,0.0
2021-04-20,142.31,142.43,140.7,142.26,11219,0.0
2021-04-21,141.29,142.29,140.92,141.68,11715,0.0
2021-04-22,140.26,140.9,139.01,139.12,13392,0.0
2021-04-23,141.6732,141.6732,139.66,140.46,6567,0.0
2021-04-26,141.57,141.71,140.1,140.1,7336,0.0
2021-04-27,140.49,140.22,139.71,140.04,6243,0.0
2021-04-28,137.94,138.145,137.29,137.76,6157,0.0
2021-04-29,137.74,138.5,137.09,137.49,12092,0.0
2021-04-30,137.67,137.99,136.51,137,9729,0.0
2021-05-03,136.52,136.8,135.74,135.74,4752,0.0
2021-05-04,134.41,134.68,132.685,133.09,11874,0.0
2021-05-05,133.38,134.3272,133.2,133.59,11490,0.0
2021-05-06,135.73,136.4,135.13,136.23,14532,0.0
2021-05-07,136.98,137.85,136.44,137.79,10003,0.0
2021-05-10,134.08,135.41,133.37,133.59,24572,0.0
2021-05-11,129.65,130.8,129.0734,130.08,31567,0.0
2021-05-12,130.12,132.06,129.715,130.56,19452,0.0
2021-05-13,132.92,134.06,132.34,133.16,11697,0.0
2021-05-14,133.38,135.63,133.38,135.16,5806,0.0
2021-05-17,135.3,135.48,134.1,135.02,8560,0.0
2021-05-18,135.28,135.8,133.955,134.55,11106,0.0
2021-05-19,134.99,135.5533,133.37,135.28,13396,0.0
2021-05-20,136.56,137.34,136.425,137.25,9252,0.0
2021-05-21,139.51,138.45,136.29,137.23,5215,0.0
2021-05-24,134.68,135.65,134.1,135,13558,0.0
2021-05-25,132.73,133.12,131.21,131.21,21880,0.0
2021-05-26,131.06,131.36,130.08,131.36,16963,0.0
2021-05-27,131.94,132.52,131.56,131.885,9000,0.0
2021-05-28,132.51,132.98,132.12,132.77,12152,0.0
2021-06-01,130.94,131.18,129.78,130.14,15944,0.0
2021-06-02,130.22,130.39,129.56,129.86,8394,0.0
2021-06-03,129.58,130.23,128.87,129.9,23925,0.0
2021-06-04,130.43,130.5,129.58,130.26,11705,0.0
2021-06-07,130.08,130.49,129.6,130.49,4890,0.0
2021-06-08,130.32,130.77,129.88,130.62,13253,0.0
2021-06-09,130.05,131.1113,130.05,130.62,6427,0.0
2021-06-10,130.85,132.31,130.4486,132.31,21143,0.0
2021-06-11,132.63,132.63,130.7,131.56,11396,0.0
2021-06-14,130.57,131.96,130.31,131.74,54933,0.0
2021-06-15,130.99,134.72,130.82,133.94,37876,0.0
2021-06-16,134.52,136.48,133.0301,134.54,70619,0.0
2021-06-17,133.98,136.19,130.41,135.83,102538,0.0
2021-06-18,133.56,133.56,131,131.01,52345,0.0
2021-06-21,131.89,133.76,131.65,133.41,10964,0.0
2021-06-22,132,132,130.66,131.11,30793,0.0
2021-06-23,133.4,135.08,133.21,133.58,30731,0.0
2021-06-24,133.77,134.51,133.57,134.265,9104,0.0
2021-06-25,134.97,134.97,134.01,134.17,9269,0.0
2021-06-28,132.14,132.51,131.035,131.605,23559,0.0
2021-06-29,129.97,130.53,128.5,129.07,32792,0.0
2021-06-30,129.03,130.12,129.03,129.7,13873,0.0
2021-07-01,129.62,129.62,128.12,128.2,14621,0.0
2021-07-02,129.11,129.11,128.01,128.41,6577,0.0
2021-07-06,128.24,128.72,126.51,127.805,18139,0.0
2021-07-07,128.53,129.72,128.2,129.65,29570,0.0
2021-07-08,127.58,128.384,127.41,127.43,6206,0.0
2021-07-09,129.09,129.09,128.43,128.89,10481,0.0
2021-07-12,128,128.04,126.41,127.07,14220,0.0
2021-07-13,126.68,127.64,126.43,127.42,32805,0.0
2021-07-14,128.52,128.95,127.3,128.065,7902,0.0
2021-07-15,127.18,127.94,126.38,127.67,7770,0.0
2021-07-16,128,128.24,126.85,127.525,43567,0.0
2021-07-19,124.86,124.86,122.85,123.6,28934,0.0
2021-07-20,123.31,125.2,123.31,124.86,19497,0.0
2021-07-21,125.46,126.76,124.99,126.58,17312,0.0
2021-07-22,125.7,126.25,125.04,125.52,18382,0.0
2021-07-23,125.69,126.71,125.69,126.28,24928,0.0
2021-07-26,126.02,127.21,126.02,126.89,48466,0.0
2021-07-27,126.13,134.7,125.85,132.75,212427,0.0
2021-07-28,133.69,134.62,131.02,132.58,152636,0.0
2021-07-29,132.08,134.17,131.65,134.17,32497,0.0
2021-07-30,133.15,134.5,132.61,132.74,23818,0.0
2021-08-02,132.58,132.58,131.2762,131.59,15652,0.0
2021-08-03,132.325,132.99,131.53,132.39,11065,0.0
2021-08-04,131.99,133.49,131.43,131.78,13268,0.0
2021-08-05,131.91,133.475,131.73,133.455,8701,0.0
2021-08-06,133.9,133.98,132.44,133.1,23107,0.0
2021-08-09,132.11,132.97,131.86,132.97,7706,0.0
2021-08-10,131.39,131.46,130.54,130.6,16636,0.0
2021-08-11,131.46,131.82,130.31,131.82,5083,0.0
2021-08-12,142.62,144.07,140.43,140.79,58373,0.0
2021-08-13,141.25,142.46,141.01,142.21,16313,0.0
2021-08-16,144,145.1,143.67,144.7,25869,0.0
2021-08-17,143.97,144.43,141.66,142.69,31551,0.0
2021-08-18,144.26,144.85,141.96,142.04,28276,0.0
2021-08-19,143.31,145.98,142.91,143.11,38303,0.0
2021-08-20,142.96,145.53,142.26,145.53,32321,0.0
2021-08-23,145.88,147.215,145.64,146.01,35660,0.0
2021-08-24,145.89,147.18,144.09,145.72,157546,0.0
2021-08-25,145.96,146.64,145.0101,145.39,111134,0.0
2021-08-26,146.2,146.42,144.61,145.27,25309,0.0
2021-08-27,144.44,146.29,144.44,146.01,9993,0.0
2021-08-30,145.75,146.99,145.5974,146.68,11494,0.0
2021-08-31,145.26,146.9,145.18,145.18,20141,0.0
2021-09-01,146.44,146.54,145.09,145.21,17127,0.0
2021-09-02,145.48,145.76,144.4,145.76,22326,0.0
2021-09-03,145.9,145.9,144.39,144.39,10258,0.0
2021-09-07,145.07,145.7,143.01,143.01,9271,0.0
2021-09-08,143.36,144.12,143.35,143.75,9649,0.0
2021-09-09,145.15,147.545,145.1,145.78,21922,0.0
2021-09-10,146.67,147.29,146,146.305,13545,0.0
2021-09-13,149.71,149.87,148,148.68,28193,0.0
2021-09-14,149,149.54,147.32,147.69,19792,0.0
2021-09-15,148.12,149.2401,146.87,147.71,16000,0.0
2021-09-16,147.55,147.55,145.61,146.03,11941,0.0
2021-09-17,146.85,146.85,145.62,146.64,11461,0.0
2021-09-20,145.94,145.94,143.51,144.99,12724,0.0
2021-09-21,145.95,146.45,144.39,145,14977,0.0
2021-09-22,145.02,146.66,145.02,146.29,7290,0.0
2021-09-23,147.09,147.49,146.65,147.13,6860,0.0
2021-09-24,146.59,148.03,146.59,147.08,7452,0.0
2021-09-27,147.75,148.04,146.87,146.94,12482,0.0
2021-09-28,147.11,147.11,144.82,145.67,9137,0.0
2021-09-29,146.26,146.26,144.56,144.67,9877,0.0
2021-09-30,144.69,145.72,144.33,144.98,11847,0.0
2021-10-01,145.79,146.405,144.4,145.55,6667,0.0
2021-10-04,143.92,144.72,142.2,142.76,14365,0.0
2021-10-05,144.51,145.49,143.31,144.78,8458,0.0
2021-10-06,144.87,145.41,143.74,144.91,6563,0.0
2021-10-07,145.42,145.98,144.38,145.01,9031,0.0
2021-10-08,145.0052,145.0052,144.69,144.69,760,0.0
2021-10-11,143.325,144.02,142.84,143.24,6385,0.0
2021-10-12,144.78,145.78,144.34,145.55,5236,0.0
2021-10-13,146.96,146.97,144.79,146.42,8798,0.0
2021-10-14,146.64,147.595,146.55,146.98,4237,0.0
2021-10-15,147.9255,148.71,147.67,148.19,5584,0.0
2021-10-18,146.02,146.63,145.02,146.04,8737,0.0
2021-10-19,146.08,147.64,146.08,146.53,4347,0.0
2021-10-20,145.43,145.81,145.02,145.66,10015,0.0
2021-10-21,145.43,145.96,144.99,145.66,6037,0.0
2021-10-22,146,146.69,145.6246,145.97,8396,0.0
2021-10-25,147.56,149.3,146.91,149.3,17733,0.0
2021-10-26,153.94,157.95,151.59,157.25,104447,0.0
2021-10-27,158.38,162.77,156.85,158.5,157264,0.0
2021-10-28,157.5,157.585,154.8,155.13,73979,0.0
2021-10-29,155.32,158.93,154.58,158.43,25632,0.0
2021-11-01,155.83,158.07,154.45,157.98,36524,0.0
2021-11-02,154.08,154.54,152.85,153.49,38343,0.0
2021-11-03,153.94,156.94,153.69,156.93,12844,0.0
2021-11-04,155.57,156.595,155.31,156.45,19476,0.0
2021-11-05,155.94,158.6,155.94,157.39,23284,0.0
2021-11-08,156.89,157.42,156.02,156.275,12248,0.0
2021-11-09,156.85,156.85,154.87,155.38,28523,0.0
2021-11-10,154.05,154.05,151.65,152.04,16859,0.0
2021-11-11,150.38,151.44,150.24,150.77,15318,0.0
2021-11-12,150.25,151.7,150.25,151.226,4089,0.0
2021-11-15,153.08,153.62,152.23,152.23,9433,0.0
2021-11-16,153.21,153.81,152.42,153.37,23846,0.0
2021-11-17,153.53,155.78,152.47,153.1,22695,0.0
2021-11-18,153.42,154.02,152.24,152.56,25642,0.0
2021-11-19,152.75,152.82,151.52,151.83,29470,0.0
2021-11-22,152.31,153,150.07,150.07,38578,0.0
2021-11-23,152.3,155.6,151.27,151.89,53582,0.0
2021-11-24,152.68,152.68,150.59,151.36,15545,0.0
2021-11-26,148.95,148.99,146.065,146.78,24275,0.0
2021-11-29,148,149.49,148,148.1,23014,0.0
2021-11-30,147.17,147.73,144.72,145.54,23365,0.0
2021-12-01,148.32,148.32,145.43,145.98,16797,0.0
2021-12-02,147.05,149.13,147.05,148.28,16056,0.0
2021-12-03,149.25,149.25,147,147.72,14129,0.0
2021-12-06,149.86,152.39,149.86,152.36,12017,0.0
2021-12-07,156.19,157.81,155.55,156.03,24768,0.0
2021-12-08,158.91,159.63,156.62,158.25,26864,0.0
2021-12-09,159.28,159.95,157.7,157.81,16538,0.0
2021-12-10,159.06,159.79,158.57,159.09,14039,0.0
2021-12-13,160,161.44,158.9,159.54,31235,0.0
2021-12-14,166.2,172.7,165.71,172.25,79248,0.0
2021-12-15,171.43,177.71,171.43,176.85,48797,0.0
2021-12-16,175.04,175.04,171.83,172.31,35883,0.0
2021-12-17,170.15,171.77,169.96,171.53,19947,0.0
2021-12-20,169.16,169.16,166.02,168.08,32436,0.0
2021-12-21,164.55,165.77,162.228,164.62,32125,0.0
2021-12-22,166.51,167.89,166.07,167.38,34893,0.0
2021-12-23,166.81,168.81,166.6,167.8,20843,0.0
2021-12-27,169.37,172.4899,169.37,170.8,64262,0.0
2021-12-28,172.68,175.215,172.225,174.59,53513,0.0
2021-12-29,174.27,175.42,172.25,174.92,38273,0.0
2021-12-30,173.13,173.89,172.5301,173.79,16189,0.0
2021-12-31,174.14,175.47,174.09,174.13,22662,0.0
2022-01-03,176.02,177,174,175.44,13646,0.0
2022-01-04,179.15,179.68,177.78,178.36,8799,0.0
2022-01-05,178.1,178.56,175.515,175.515,17242,0.0
2022-01-06,176.59,177.3575,175.05,175.92,16425,0.0
2022-01-07,176,177.16,175.8,176.43,9111,0.0
2022-01-10,173.52,173.9,171.16,173.1,29972,0.0
2022-01-11,173.6,175.4693,172.41,174.61,13189,0.0
2022-01-12,175.08,178.42,175.08,176.86,15994,0.0
2022-01-13,178.85,179.5,175.81,176.09,13493,0.0
2022-01-14,174.58,178.169,174.58,177.64,15174,0.0
2022-01-18,179.5,182.85,178.51,180.919,45126,0.0
2022-01-19,180.47,181,177.01,177.01,24671,0.0
2022-01-20,175.58,175.58,169.52,169.53,60363,0.0
2022-01-21,168.88,170.99,167.58,167.64,32299,0.0
2022-01-24,164.23,167.512,162.97,166.89,70454,0.0
2022-01-25,166.64,167.29,160.585,163.41,149063,0.0
2022-01-26,167.93,168.02,160.37,162.98,209827,0.0
2022-01-27,165.44,166.21,161.38,161.38,43646,0.0
2022-01-28,161.75,162.49,159,162.49,34622,0.0
2022-01-31,162.68,166.92,162.68,166.09,31838,0.0
2022-02-01,166.62,166.62,163.73,164.6,21057,0.0
2022-02-02,166.47,168.37,166.28,168.07,36086,0.0
2022-02-03,168.84,168.84,166.53,166.58,17431,0.0
2022-02-04,167.12,167.55,165.16,166.45,15110,0.0
2022-02-07,167.96,169.4,167.66,168.54,15164,0.0
2022-02-08,169.5,174.24,169.5,173.68,20250,0.0
2022-02-09,175.81,178.05,175.4501,175.89,21389,0.0
2022-02-10,175.2,177.3,173.4,174.18,11212,0.0
2022-02-11,173.365,175.605,171.96,173.32,22830,0.0
