Date,Open,High,Low,Close,volume,trade_count,vwap
2020-12-31,135.78,136.27,132.26,132.49,742187,11304,133.394737
2021-01-04,128.74,131.78,126.21,128.77,1211078,21382,128.726446
2021-01-05,129.9,130.425,125.14,126.88,1541122,23526,126.603081
2021-01-06,125.74,127.05,122.5622,124.28,1769634,23138,124.777202
2021-01-07,124.3,131.19,124.01,130.7,1926464,27304,128.847437
2021-01-08,129.66,133.72,129.0449,131.1,1540234,24852,131.266976
2021-01-11,132.93,152.48,132.49,144.0,5769116,70356,146.041901
2021-01-12,146.0,152.68,145.5,148.42,2241526,30285,148.805032
2021-01-13,148.15,148.455,142.43,145.37,1672475,28379,145.443109
2021-01-14,146.0,149.87,144.52,147.29,1339698,22150,147.424566
2021-01-15,148.52,149.6,142.33,145.97,1528542,24862,145.026982
2021-01-19,147.98,151.53,146.56,148.83,1880545,22392,148.334084
2021-01-20,151.38,152.87,148.23,150.37,1640934,21436,150.574301
2021-01-21,150.9,151.19,147.0101,148.07,1265790,20200,148.39434
2021-01-22,146.84,150.32,146.2,150.0,1370068,17154,148.680141
2021-01-25,151.09,159.54,150.58,153.93,2532271,31684,155.245458
2021-01-26,153.85,154.56,140.0,141.04,2625028,35105,144.289002
2021-01-27,139.88,140.0628,131.74,136.85,2420106,35403,136.872849
2021-01-28,138.39,142.52,136.61,139.55,1569691,20800,139.77467
2021-01-29,138.73,141.9163,135.5106,137.16,1301004,18104,138.384829
2021-02-01,138.07,142.0,136.57,138.39,1550152,20019,138.704781
2021-02-02,141.0,141.75,139.25,140.21,1549113,22972,140.388527
2021-02-03,141.86,142.06,139.51,140.44,1095811,19301,140.643079
2021-02-04,142.22,143.28,139.07,142.8,1837734,23548,142.441369
2021-02-05,143.44,146.1,142.15,144.59,1452233,26448,144.561567
2021-02-08,146.85,152.0,145.23,148.48,1050660,21040,149.432478
2021-02-09,149.49,153.58,148.649,151.79,1192234,19457,152.096056
2021-02-10,152.77,155.37,145.84,146.08,1788667,25404,149.686005
2021-02-11,147.5,148.0,143.1,146.68,1201957,18822,145.163188
2021-02-12,146.03,157.81,144.33,155.01,1849335,25091,153.501224
2021-02-16,156.44,158.0,150.17,154.28,2199931,28854,154.061067
2021-02-17,148.0,149.0,138.83,140.99,5266528,60354,142.385027
2021-02-18,140.79,143.265,134.0,141.65,2710550,36266,139.273924
2021-02-19,143.21,148.27,141.819,147.81,2126747,27469,146.173186
2021-02-22,145.88,146.55,141.69,142.32,1446847,24875,143.660922
2021-02-23,136.51,140.95,130.12,138.71,2085121,36151,136.455859
2021-02-24,139.05,140.69,133.54,134.82,1848339,23277,135.658604
2021-02-25,132.96,133.65,126.0,131.3,1635190,31353,130.196104
2021-02-26,130.11,136.48,127.17,136.12,1962352,29561,133.434365
2021-03-01,136.79,140.85,135.92,140.21,1385566,23287,139.257643
2021-03-02,140.31,140.65,135.36,136.39,1654782,22764,137.654604
2021-03-03,135.02,136.16,124.46,126.57,1655263,25614,129.357622
2021-03-04,126.41,127.75,117.8,121.02,2377644,39694,121.183853
2021-03-05,121.33,122.9999,110.12,121.64,3018009,51044,116.073983
2021-03-08,121.95,124.23,115.5,116.57,1674390,28995,119.622578
2021-03-09,120.44,125.78,120.44,123.96,1493760,24816,123.739605
2021-03-10,124.67,129.72,124.5,127.15,1769210,25116,127.108471
2021-03-11,128.25,131.94,128.25,131.53,1539572,20959,130.892456
2021-03-12,128.98,128.98,125.115,128.46,938415,17296,127.55223
2021-03-15,127.96,131.1799,127.15,129.57,1240269,16994,129.195339
2021-03-16,132.0,134.5,127.51,130.63,1658582,24303,131.170547
2021-03-17,127.54,129.48,124.2,128.5,1618095,26237,126.989498
2021-03-18,126.475,129.585,124.48,128.04,2738264,25215,127.452092
2021-03-19,129.0,134.0,128.32,133.66,2193233,22958,132.48775
2021-03-22,132.7,137.23,131.995,135.26,1374520,19274,135.26054
2021-03-23,135.41,135.41,130.62,132.01,1240196,16496,132.194568
2021-03-24,132.92,133.5,129.33,130.32,1841228,31042,131.304455
2021-03-25,127.01,128.66,123.77,126.06,2028724,26723,126.159258
2021-03-26,127.16,129.52,123.3,126.0,1264926,18374,126.195497
2021-03-29,124.68,127.255,119.1,119.83,1458869,25632,121.011545
2021-03-30,119.55,124.96,117.35,123.65,1459576,22031,122.692999
2021-03-31,124.14,132.94,123.65,131.78,2625028,34716,129.587151
2021-04-01,132.3,138.97,131.94,132.58,1547730,22765,133.946535
2021-04-05,135.3,136.21,130.65,133.75,643142,11550,133.354426
2021-04-06,132.5,137.6,132.09,136.46,887195,16111,135.980751
2021-04-07,136.1,136.54,128.8,129.18,1091124,16025,130.903655
2021-04-08,131.2,132.475,128.45,128.5,1236421,18966,129.522201
2021-04-09,127.0372,128.495,123.5,125.54,1204782,20812,125.270795
2021-04-12,124.0,125.9424,123.1798,124.92,1053289,14875,125.078988
2021-04-13,126.0,129.3,125.47,127.81,1565161,23699,127.571715
2021-04-14,130.12,131.59,127.07,127.13,1049584,20875,129.433282
2021-04-15,128.0,131.2,128.0,130.43,684834,16995,130.251414
2021-04-16,131.04,131.04,127.215,129.98,622426,15397,129.59413
2021-04-19,128.53,130.58,123.5,127.62,1087954,20983,126.151064
2021-04-20,127.54,128.51,124.0,125.53,747978,14242,125.973012
2021-04-21,126.07,129.57,123.835,128.75,968153,16966,128.253907
2021-04-22,128.11,132.17,128.1,129.97,756231,14273,130.119319
2021-04-23,130.39,134.4,129.645,133.96,719621,13252,133.416783
2021-04-26,135.0,139.87,133.5246,139.27,1468407,18352,138.448425
2021-04-27,139.51,140.18,136.89,138.41,823610,15724,138.359884
2021-04-28,137.01,137.62,134.14,135.92,672185,13171,135.858175
2021-04-29,137.29,137.29,132.13,133.02,616820,14264,133.734097
2021-04-30,132.39,133.8186,130.985,131.82,730302,15718,132.25336
2021-05-03,131.09,131.09,125.35,125.53,1132831,21196,127.064263
2021-05-04,125.46,125.46,113.38,116.02,3121960,47408,117.26856
2021-05-05,117.56,119.55,109.73,110.65,2467123,38371,113.105487
2021-05-06,108.325,110.0,104.32,108.01,2058569,35767,107.156992
2021-05-07,106.47,110.73,104.265,104.5,1681894,25329,106.637714
2021-05-10,104.0,104.4,98.21,98.84,2629767,36129,99.61387
2021-05-11,95.12,101.41,93.04,98.0,2617593,40024,98.211544
2021-05-12,95.84,98.1,93.36,96.11,2794789,36004,95.342012
2021-05-13,97.93,99.24,89.9,93.65,2039860,36776,93.334324
2021-05-14,95.03,99.29,94.56,96.76,1337435,22851,97.370366
2021-05-17,95.8,96.3099,92.42,94.67,1112626,17980,94.199677
2021-05-18,95.3,101.7699,93.83,96.58,2262889,34509,98.399885
2021-05-19,95.32,97.84,93.6424,96.86,1669167,27729,95.871123
2021-05-20,99.48,107.02,98.1,105.74,3361743,48271,105.077662
2021-05-21,106.01,108.61,104.01,106.29,1698122,27575,106.722381
2021-05-24,107.19,110.69,106.74,109.48,1585841,24978,109.404303
2021-05-25,109.29,112.21,108.91,109.88,1511738,25902,110.013602
2021-05-26,111.12,111.67,107.8,109.04,1423388,22086,109.160717
2021-05-27,109.25,111.59,106.58,111.19,1730959,21199,110.498356
2021-05-28,112.28,115.05,109.61,110.53,1267867,20462,111.597494
2021-06-01,111.0,112.41,106.26,108.37,1531359,24205,108.152282
2021-06-02,108.11,109.91,107.725,109.12,1135680,21542,108.752727
2021-06-03,109.76,110.85,105.4,107.91,1065774,20168,107.152918
2021-06-04,108.6,109.81,106.64,106.83,862537,17437,107.807525
2021-06-07,107.54,112.79,106.75,112.06,1270908,24358,111.3513
2021-06-08,113.97,116.14,111.68,114.03,1565249,24513,113.706968
2021-06-09,115.0,119.9999,114.77,119.2,2026898,32735,117.989416
2021-06-10,118.89,122.19,117.505,121.91,1329472,26060,120.627395
2021-06-11,122.0,124.49,119.88,121.89,1598644,22724,122.483934
2021-06-14,122.95,125.96,121.0,125.01,1161141,18760,124.319103
2021-06-15,125.55,125.7,120.25,122.57,1078591,18956,122.393206
2021-06-16,122.85,123.32,116.72,120.38,1564671,23955,120.087951
2021-06-17,119.83,127.93,119.785,126.9,1517462,28930,125.723071
2021-06-18,126.41,127.0,122.695,126.52,1454820,22960,125.658272
2021-06-21,126.4,128.18,122.6,127.66,1254290,18880,126.826336
2021-06-22,128.12,129.77,127.11,127.94,984075,20083,128.505361
2021-06-23,127.91,131.66,127.5,130.97,1194424,21981,130.39243
2021-06-24,131.48,132.65,128.0,128.49,1432572,20265,129.699216
2021-06-25,129.68,130.96,126.42,128.57,2113664,20585,128.295387
2021-06-28,131.38,133.99,130.07,131.01,1143899,22664,131.305689
2021-06-29,130.83,131.99,127.42,128.14,806948,19221,128.828979
2021-06-30,127.21,127.43,123.86,124.31,1149717,21409,124.951667
2021-07-01,123.43,125.6,122.31,124.05,857724,17867,124.120706
2021-07-02,124.33,125.0,121.25,122.82,919374,17552,122.896532
2021-07-06,122.3,122.99,119.56,122.0,1429325,25237,121.534597
2021-07-07,122.62,122.99,117.0105,117.74,1283826,24607,118.458293
2021-07-08,114.92,118.135,112.56,116.84,984342,17719,116.229093
2021-07-09,116.58,120.15,115.0001,119.7,746685,16109,118.950352
2021-07-12,119.9,120.76,115.93,116.16,853690,16692,117.104052
2021-07-13,115.43,116.89,113.89,114.48,739436,15513,114.910064
2021-07-14,114.48,116.21,109.71,110.54,1201448,21171,112.081667
2021-07-15,110.18,112.61,108.22,111.36,1401767,23377,111.02605
2021-07-16,112.31,115.705,111.25,114.0,1304944,20091,114.03346
2021-07-19,112.82,115.75,111.26,114.46,1099382,21820,114.233805
2021-07-20,115.29,117.72,114.6301,117.33,1254429,19473,116.45283
2021-07-21,118.17,119.355,115.63,117.77,863374,17383,117.754553
2021-07-22,117.5,119.1,116.5,118.03,488524,11343,117.91126
2021-07-23,118.64,118.72,114.8753,117.95,532895,11217,117.394798
2021-07-26,117.09,117.14,111.8,113.42,1115210,20230,113.575427
2021-07-27,113.59,113.96,109.07,111.95,1118450,22645,111.467851
2021-07-28,111.51,117.25,111.5,116.06,1270125,22936,114.890817
2021-07-29,108.0,114.82,105.6582,111.91,3336079,44518,111.020734
2021-07-30,111.17,113.62,107.01,107.84,1420675,23502,109.654054
2021-08-02,107.5,110.05,105.735,108.4,936235,17509,108.546559
2021-08-03,106.97,107.96,101.41,104.21,2612939,37632,103.56886
2021-08-04,104.38,107.7999,103.57,105.83,1480203,25367,105.997652
2021-08-05,105.67,108.04,104.0925,108.02,1239957,18706,106.887144
2021-08-06,107.24,108.0,101.83,102.0,1334192,23491,103.061141
2021-08-09,101.0,102.3,98.25,100.97,2445496,41366,100.426365
2021-08-10,102.09,102.295,95.74,96.65,2285240,30319,97.144373
2021-08-11,96.82,97.5,92.675,96.18,2111301,30016,94.954071
2021-08-12,96.17,97.78,95.1752,96.33,1136224,19536,96.589017
2021-08-13,97.57,97.98,92.765,92.94,1152518,20368,93.919083
2021-08-16,92.69,93.58,89.65,93.06,2081523,27727,92.166283
2021-08-17,91.69,93.88,90.68,93.57,1464766,23605,92.444955
2021-08-18,93.42,93.685,90.58,92.79,1526210,25973,92.336954
2021-08-19,92.67,92.805,89.85,90.24,877270,18310,90.97048
2021-08-20,89.92,93.66,89.7964,93.18,1080198,18045,92.484758
2021-08-23,94.14,97.89,94.01,97.59,1645883,25956,96.754845
2021-08-24,97.53,99.37,97.24,99.08,1494168,23950,98.622914
2021-08-25,99.54,101.59,97.94,101.51,1086400,20621,100.219166
2021-08-26,101.34,104.01,99.62,101.41,1819682,29558,101.766387
2021-08-27,101.85,105.445,101.665,103.89,1367015,21942,104.064899
2021-08-30,103.77,106.438,103.2,103.58,1065246,18303,104.480235
2021-08-31,104.07,104.9,101.76,104.38,1356783,20877,104.054042
2021-09-01,104.42,106.5,103.32,105.78,1161023,21598,105.492248
2021-09-02,106.06,108.74,105.09,108.64,1017503,16004,107.618936
2021-09-03,108.13,108.63,106.71,107.98,835184,16780,107.56484
2021-09-07,107.73,108.6689,104.8,104.91,1153855,19877,105.870646
2021-09-08,105.03,105.55,101.55,103.47,1200919,23214,103.103715
2021-09-09,103.71,106.54,103.32,105.85,955623,17620,105.498223
2021-09-10,106.74,106.9999,103.2301,103.65,838436,15835,104.530384
2021-09-13,103.89,104.195,98.75,99.68,1196449,21434,100.319069
2021-09-14,100.25,100.4699,97.0,97.06,868363,20494,98.146335
2021-09-15,97.14,105.405,96.42,104.65,1966216,33430,103.151868
2021-09-16,104.12,104.44,100.92,102.79,1042908,20112,102.585961
2021-09-17,102.39,108.99,101.22,108.15,2496307,25149,106.761512
2021-09-20,105.0,107.15,103.56,105.15,1318106,21723,105.071564
2021-09-21,105.25,107.0,104.76,105.58,703911,14295,105.799338
2021-09-22,106.27,106.27,101.68,102.25,1814626,24502,103.191377
2021-09-23,103.0,103.2191,97.79,98.22,2134034,27342,98.915232
2021-09-24,97.65,98.055,95.5,96.02,1380668,22519,96.112345
2021-09-27,96.18,96.2,92.6,95.0,1394874,20905,94.727213
2021-09-28,94.49,95.43,90.91,93.17,1829533,28502,93.244738
2021-09-29,94.14,95.25,91.63,91.65,1230050,20888,92.623396
2021-09-30,92.24,96.395,91.6701,95.45,1708823,23391,94.727528
2021-10-01,93.64,96.5,93.0001,96.15,1221303,19876,95.592149
2021-10-04,95.82,95.82,91.55,93.2,2125526,25838,92.750767
2021-10-05,93.27,95.97,92.42,92.64,2681634,23926,93.828036
2021-10-06,91.46,93.075,90.9,91.82,1139256,17265,91.669898
2021-10-07,92.52,96.35,92.0,95.5,1368894,18152,95.287142
2021-10-08,96.22,97.79,93.48,93.69,1119018,18405,95.319423
2021-10-11,93.56,95.695,93.33,93.45,721586,13626,94.54967
2021-10-12,94.31,96.41,93.34,96.24,1320358,17958,95.2556
2021-10-13,96.15,98.9,96.15,97.34,988857,20034,97.790414
2021-10-14,98.91,101.29,97.58,97.75,1095817,18242,99.217209
2021-10-15,97.8,99.69,97.5,98.96,1024844,17742,98.948456
2021-10-18,98.24,98.38,94.74,95.83,853014,15798,95.907762
2021-10-19,96.33,98.98,96.2401,96.52,975042,17249,97.261489
2021-10-20,96.8,96.96,94.66,95.69,927135,14575,95.570763
2021-10-21,96.06,97.2,95.57,96.2,849712,12931,96.438492
2021-10-22,96.28,96.6,93.4,93.98,810130,15627,94.346396
2021-10-25,93.37,93.93,92.16,93.67,1653494,22891,93.123992
2021-10-26,94.4,97.04,93.8001,94.87,622043,14569,95.29453
2021-10-27,94.68,96.0,93.525,94.17,876891,19065,94.604348
2021-10-28,94.83,97.66,94.02,96.75,671518,14388,96.512888
2021-10-29,96.47,97.37,94.75,95.22,823689,14618,95.892228
2021-11-01,93.88,98.4898,93.5518,97.44,1954056,25654,97.285142
2021-11-02,98.04,98.135,93.5,95.63,2207840,30188,95.130814
2021-11-03,89.0,94.73,85.82,94.32,5184428,59845,90.338612
2021-11-04,94.08,98.61,92.69,98.58,2439647,34817,96.812799
2021-11-05,98.4,104.5,98.4,100.68,2808604,37851,101.760829
2021-11-08,99.57,101.49,97.4,98.62,1793412,28323,98.742887
2021-11-09,98.87,99.8,96.85,99.38,1388712,22211,98.490884
2021-11-10,98.49,99.23,93.14,93.55,1658192,26736,96.292141
2021-11-11,94.01,94.3,90.0,90.02,1533898,26081,91.061634
2021-11-12,90.39,92.99,90.39,91.7,1406487,20258,91.851869
2021-11-15,91.67,92.77,89.35,89.97,1474328,19337,90.414523
2021-11-16,89.68,91.73,86.11,91.48,1504818,21924,89.87689
2021-11-17,92.05,92.75,87.4,88.38,1582867,22296,88.971224
2021-11-18,88.89,89.9499,84.04,84.8,1721371,26648,85.685897
2021-11-19,84.99,87.34,83.59,84.05,1154197,20183,85.050469
2021-11-22,85.06,85.24,81.51,84.01,1665093,24004,83.854152
2021-11-23,83.96,85.31,81.18,85.05,2495823,31240,83.407732
2021-11-24,85.08,88.21,81.07,88.09,1883512,26547,86.201403
2021-11-26,89.16,90.39,85.03,85.46,1318138,16072,87.051502
2021-11-29,87.13,88.7198,85.8,86.57,1722083,27755,87.044383
2021-11-30,85.85,89.99,84.67,85.37,2516567,24749,86.147482
2021-12-01,85.46,86.23,80.26,80.28,1886816,30996,82.383559
2021-12-02,80.3,83.91,78.67,80.57,1605642,23241,80.383872
2021-12-03,80.76,82.75,74.58,76.59,3025994,39939,76.650464
2021-12-06,76.18,81.255,73.41,80.84,1778824,25090,79.240415
2021-12-07,82.7,86.07,82.645,83.36,1836935,22562,84.104241
2021-12-08,83.66,87.23,80.52,86.26,1919288,25261,85.663357
2021-12-09,85.38,85.99,81.07,81.08,1273424,20362,82.367513
2021-12-10,82.2,85.99,78.82,79.3,1396838,21645,80.589676
2021-12-13,79.32,81.65,76.665,78.02,1405997,23668,78.162881
2021-12-14,76.4,78.36,74.12,76.59,2107875,25698,76.344387
2021-12-15,75.95,80.06,75.11,79.66,1913662,29483,78.020706
2021-12-16,80.94,81.23,76.12,76.5,1805683,24504,77.503765
2021-12-17,76.5,81.6,75.03,80.27,3557512,43436,79.438635
2021-12-20,79.27,81.57,76.94,79.27,1375129,22115,79.82833
2021-12-21,79.7,82.56,79.0,82.4,1569421,23683,81.420775
2021-12-22,82.12,84.25,79.52,80.15,1188484,20719,80.938882
2021-12-23,80.0,80.89,77.98,78.12,1131929,18500,78.680078
2021-12-27,78.12,78.12,73.98,74.54,1729013,25701,75.061865
2021-12-28,74.8,77.3,73.39,73.46,1370483,20767,74.383082
2021-12-29,73.27,73.56,71.81,72.5,1268592,20148,72.580268
2021-12-30,72.35,79.1499,72.2,77.89,1969987,29330,77.54731
2021-12-31,78.09,79.86,77.545,77.83,1761685,18619,78.409767
2022-01-03,77.83,82.67,77.438,81.52,2250237,28531,80.862663
2022-01-04,81.04,81.28,75.78,80.01,2067441,27131,78.55192
2022-01-05,79.15,81.3499,74.31,75.11,2949586,36126,77.45464
2022-01-06,75.03,77.2,70.53,74.6,2066028,30014,74.674751
2022-01-07,74.35,80.33,74.3,75.66,2350108,27877,76.259223
2022-01-10,76.39,76.8599,69.75,74.42,3366832,46872,72.614477
2022-01-11,74.2,79.625,73.92,79.38,2434164,31530,78.024771
2022-01-12,80.43,82.6,75.66,75.82,2086527,33383,78.033249
2022-01-13,75.57,77.5,74.02,75.4,2014626,30239,75.467439
2022-01-14,74.88,78.64,74.66,78.43,2240249,33857,76.939932
2022-01-18,77.44,84.46,76.42,77.42,3157297,44614,79.552369
2022-01-19,78.8,80.9194,75.86,76.13,3735735,52092,77.624555
2022-01-20,76.9,80.36,75.57,76.03,3096125,42369,77.855271
2022-01-21,75.08,78.24,74.0,74.03,3020578,41348,75.502516
2022-01-24,72.55,74.92,67.06,74.66,3758076,60098,71.482443
2022-01-25,72.88,73.64,68.34,69.18,2990093,42668,70.128159
2022-01-26,70.61,73.86,68.09,68.89,3332471,40315,70.340931
2022-01-27,70.26,71.9,68.4,68.91,2128217,31296,69.24232
2022-01-28,69.34,70.71,66.8,70.18,2587365,33579,68.785335
2022-01-31,70.18,76.47,70.02,76.36,2613249,39520,74.607619
2022-02-01,77.19,78.44,73.21,77.4,1975105,32053,76.665926
2022-02-02,77.53,78.48,73.64,75.84,1882420,28455,75.414383
2022-02-03,74.2,76.66,73.1,75.09,1848834,29147,75.293799
2022-02-04,74.01,78.81,72.83,77.72,1735476,27715,76.890297
2022-02-07,77.77,81.867,76.05,78.09,1856229,25404,78.498369
2022-02-08,76.97,79.08,76.04,78.75,1606429,23386,78.0017
2022-02-09,80.0,83.48,79.8,82.54,1525008,23897,82.289973
2022-02-10,80.64,84.31,79.53,81.49,2067815,36233,82.299264
2022-02-11,81.36,84.31,79.5,80.33,1388600,23419,81.606985
2022-02-14,80.55,82.56,77.85,78.33,1657285,25866,79.678237
2022-02-15,79.38,81.49,77.97,81.28,1346007,23604,79.989611
2022-02-16,80.41,80.99,77.33,78.38,1510328,22156,78.692453
2022-02-17,77.35,77.72,74.21,74.77,1430167,24465,75.40496
2022-02-18,74.92,75.42,72.55,74.13,1538019,27339,74.034508
2022-02-22,72.69,76.3964,72.1001,73.45,1758163,29862,74.198999
2022-02-23,74.24,75.0,66.55,68.99,3125966,42738,68.652099
2022-02-24,66.22,76.15,65.2,75.56,2879154,46261,72.414423
2022-02-25,75.28,78.4,72.64,78.32,2466094,33730,76.030969
2022-02-28,78.72,79.85,76.335,78.06,2043811,28963,77.79899
2022-03-01,78.16,79.7,74.94,76.49,1602793,26058,76.623918
2022-03-02,75.79,76.48,72.91,75.32,1188455,21548,75.059861
2022-03-03,75.74,75.795,70.79,71.27,1886231,29910,72.037747
2022-03-04,70.92,72.91,67.91,70.73,1748350,31005,70.061385
2022-03-07,70.94,73.52,70.14,71.08,1652375,29761,71.585481
2022-03-08,70.55,75.28,69.53,71.68,1844793,28142,72.587622
2022-03-09,72.55,75.42,72.04,72.26,1443878,21189,73.066041
2022-03-10,70.86,71.06,68.51,68.56,1558991,26370,69.309203
2022-03-11,69.36,69.62,62.54,62.75,1504365,26593,64.887768
2022-03-14,61.85,63.7899,58.59,58.71,2105737,33996,60.183741
2022-03-15,58.5,60.1,56.77,57.56,1847024,29485,57.967357
2022-03-16,59.3,62.4,58.32,61.43,2471743,38755,60.700854
2022-03-17,61.34,64.32,59.89,64.17,1621159,26756,63.051762
2022-03-18,63.87,67.43,63.75,66.98,1411129,24688,66.408953
2022-03-21,66.85,68.19,62.88,63.9,1508267,26458,64.247962
2022-03-22,63.64,68.52,63.57,67.83,1549565,24455,67.355286
2022-03-23,67.21,69.645,65.81,66.02,1536903,22398,67.245573
2022-03-24,66.03,67.13,63.22,67.11,1538439,21980,65.462951
2022-03-25,67.02,67.59,65.04,66.67,848930,17541,66.32096
2022-03-28,67.05,68.85,65.29,67.82,1074537,18858,67.103288
2022-03-29,69.45,72.21,68.16,71.88,1868903,27321,71.081629
2022-03-30,71.63,73.87,70.33,71.32,1827244,21783,71.86109
2022-03-31,71.1,72.035,69.91,69.92,1132554,18995,70.682915
2022-04-01,70.55,75.63,70.55,75.61,2223932,38185,74.129113
2022-04-04,75.89,76.89,74.34,76.23,1440438,29368,75.952941
2022-04-05,76.15,76.94,70.92,71.58,1967464,27795,72.18819
2022-04-06,70.58,70.8,67.07,68.71,1760393,30234,68.570218
2022-04-07,68.8,70.99,67.33,68.57,1303477,22244,68.731298
2022-04-08,68.39,69.1,66.69,67.31,882372,16337,67.939622
2022-04-11,66.23,67.83,64.23,66.54,1098040,21746,66.632806
2022-04-12,67.45,70.68,66.58,67.4,1271009,23169,67.923848
2022-04-13,67.04,70.38,67.04,69.9,1376653,21138,69.517097
2022-04-14,69.34,70.725,67.44,69.61,1633874,23730,69.600288
2022-04-18,69.43,69.625,66.83,67.84,1810066,30421,68.238966
2022-04-19,67.58,70.49,66.72,68.98,1132944,19748,69.09648
2022-04-20,69.29,69.55,65.55,65.56,1398502,24794,66.624119
2022-04-21,66.64,67.84,59.9,60.98,2785501,38835,61.932455
2022-04-22,60.75,62.21,59.91,60.68,1661343,27464,60.739614
2022-04-25,60.57,63.42,60.32,62.64,3296906,39894,62.009984
2022-04-26,62.56,62.83,58.51,58.63,2238917,36280,59.729979
2022-04-27,61.15,64.12,60.39,62.52,3493037,54417,62.542484
2022-04-28,62.42,62.68,57.1,57.53,4282259,69497,58.697119
2022-04-29,57.5,59.27,54.79,55.05,2701784,40923,56.634491
2022-05-02,54.47,57.55,54.0,57.45,2231726,33358,56.431222
2022-05-03,57.49,58.49,55.865,56.14,2529672,30430,56.893162
2022-05-04,56.36,60.355,54.0209,59.34,3097639,45295,57.602236
2022-05-05,58.02,58.3171,55.29,56.23,1701305,31495,56.119355
