Date,Open,High,Low,Close,Volume,OpenInterest
2020-12-04,51.23,51.37,50.75,51.22,476130,0.0
2020-12-07,51.25,51.99,49.94,50.23,736219,0.0
2020-12-08,50.3,50.91,48.65,48.99,1135909,0.0
2020-12-09,48.92,49.12,46.42,46.64,1292127,0.0
2020-12-10,46.58,46.92,45.7,46.38,820780,0.0
2020-12-11,46.29,46.69,45.25,45.79,938055,0.0
2020-12-14,46.52,48.315,46.52,47.82,2035436,0.0
2020-12-15,48.47,51.5,48.47,51.49,2331589,0.0
2020-12-16,51.34,51.97,49.57,49.79,1182587,0.0
2020-12-17,49.87,51.33,49.01,51.2,1320971,0.0
2020-12-18,51.5,54.57,51.455,54.38,1698485,0.0
2020-12-21,53.68,55.67,53.3461,55.43,1734868,0.0
2020-12-22,55.77,58.84,55.39,58.64,2031951,0.0
2020-12-23,58.4846,60.54,58,60.31,2370140,0.0
2020-12-24,60.18,60.85,59.47,59.68,1076242,0.0
2020-12-28,59.91,60.95,58.7,58.9,1321256,0.0
2020-12-29,58.89,58.99,56.01,57.06,1101342,0.0
2020-12-30,57.06,58.5,56.7,57.2,912339,0.0
2020-12-31,56.94,57.045,55.8,56.54,710560,0.0
2021-01-04,56.87,57.03,55.57,56.72,844125,0.0
2021-01-05,56.89,56.98,55.45,55.93,666079,0.0
2021-01-06,55.65,56.98,55.37,56.18,899305,0.0
2021-01-07,56.67,59.29,56.19,59.16,761376,0.0
2021-01-08,59.03,61.2,58.13,60.98,1235011,0.0
2021-01-11,60.32,62.3,59.57,61.97,905374,0.0
2021-01-12,62.09,62.305,58.92,59.18,753260,0.0
2021-01-13,59.16,59.98,57.96,59.64,653895,0.0
2021-01-14,59.74,61.81,58.86,61.36,719960,0.0
2021-01-15,61.33,63.19,60.711,61.28,924800,0.0
2021-01-19,61.92,62.48,60.78,61.095,681026,0.0
2021-01-20,61.08,62.9,60.83,62.64,639818,0.0
2021-01-21,63,63,60.14,61.28,707694,0.0
2021-01-22,61.45,62.04,60.75,61.76,575347,0.0
2021-01-25,62.34,63.79,61.9,63.79,890179,0.0
2021-01-26,63.95,64.37,62.37,62.525,759328,0.0
2021-01-27,61.93,62,59.09,59.19,991691,0.0
2021-01-28,60.29,61.535,59.825,60.69,913528,0.0
2021-01-29,60.34,62.2,59.27,60.07,809162,0.0
2021-02-01,61,61.14,58.05,59.01,593764,0.0
2021-02-02,59.85,61.65,59.425,61.34,1179847,0.0
2021-02-03,61.57,62.65,61.029,61.24,860748,0.0
2021-02-04,62.05,62.1,59.115,59.4,831936,0.0
2021-02-05,59.54,60.66,58.58,60.2,712976,0.0
2021-02-08,60.59,60.99,59,59.73,818178,0.0
2021-02-09,59.63,60.72,59.16,59.34,476495,0.0
2021-02-10,59.32,60.2,57.89,58.1,867062,0.0
2021-02-11,58.27,58.59,57.24,58,615468,0.0
2021-02-12,58.855,60.15,56.64,57.09,646778,0.0
2021-02-16,58.17,58.23,55.71,56.24,922737,0.0
2021-02-17,55.88,58.43,55.13,58.3,985521,0.0
2021-02-18,57.72,58.3,56.1,57.52,822321,0.0
2021-02-19,57.9,58.46,57.4614,57.74,447962,0.0
2021-02-22,56.81,58.215,55.81,55.93,592722,0.0
2021-02-23,55.16,56.21,53.45,56.05,654389,0.0
2021-02-24,56.54,57.44,55.22,56.3,640873,0.0
2021-02-25,55.43,56.0159,52.94,53.41,1079148,0.0
2021-02-26,53.49,53.8415,51.64,52.41,994774,0.0
2021-03-01,53.46,54.97,53,54.08,788577,0.0
2021-03-02,53.67,56.01,53,55.29,957505,0.0
2021-03-03,55.08,55.44,52.81,52.81,631354,0.0
2021-03-04,52.55,52.92,50.38,51.27,828346,0.0
2021-03-05,51.66,52.8,49.68,52.77,825215,0.0
2021-03-08,52.78,54,51.12,51.12,782982,0.0
2021-03-09,52.62,53.5,51.885,52.23,509125,0.0
2021-03-10,52.53,53.07,51.13,51.86,992081,0.0
2021-03-11,52.52,53.53,51.91,53.4,573834,0.0
2021-03-12,53.45,53.93,52.16,52.97,674683,0.0
2021-03-15,53.37,54.82,53.05,54.6,490446,0.0
2021-03-16,55.04,55.39,53.59,54.29,1020155,0.0
2021-03-17,53.64,54.15,53.1,53.35,589079,0.0
2021-03-18,53,54.24,52.48,52.73,577599,0.0
2021-03-19,52.77,54.77,52.77,54.18,742702,0.0
2021-03-22,54.6,55.96,54.5,55.68,642738,0.0
2021-03-23,45.1,47.24,42.905,43.59,8098622,0.0
2021-03-24,44.01,45.11,43.15,43.2486,3293508,0.0
2021-03-25,42.63,43.12,41.42,42.55,1214087,0.0
2021-03-26,42.77,43.07,41.7,42.95,798568,0.0
2021-03-29,45.51,47,44.785,44.92,2186032,0.0
2021-03-30,44.29,46,43.5,44.7,860262,0.0
2021-03-31,44.91,45.38,44.52,44.96,747658,0.0
2021-04-01,45.2,46.46,44.71,45.06,964485,0.0
2021-04-05,45.32,46.955,45.16,46.95,895662,0.0
2021-04-06,46.9,47.87,46.705,47.25,1096958,0.0
2021-04-07,44.37,46.15,43.5,43.64,3356797,0.0
2021-04-08,43.55,43.71,42.5,42.65,2821263,0.0
2021-04-09,42.5,42.98,41.49,42.32,1826910,0.0
2021-04-12,42.02,42.1,40.76,40.9,1233589,0.0
2021-04-13,40.69,41.32,40.36,41.08,978759,0.0
2021-04-14,41.08,42.5525,41.08,41.84,747697,0.0
2021-04-15,41.95,42.49,40.97,41.02,1066398,0.0
2021-04-16,41.04,41.31,40.2,40.76,1294540,0.0
2021-04-19,40.82,40.92,39.17,39.97,1118405,0.0
2021-04-20,40.05,41.24,39.79,41.13,990757,0.0
2021-04-21,40.89,41.785,40.24,41.5,1172502,0.0
2021-04-22,41.9,43.04,41.6,42.43,1334758,0.0
2021-04-23,42.61,43.53,42.34,42.69,621975,0.0
2021-04-26,43.14,43.67,42.2601,43.64,1095594,0.0
2021-04-27,43.72,43.96,42.94,43.37,894370,0.0
2021-04-28,43.29,44.1,42.78,43.52,858801,0.0
2021-04-29,43.61,43.94,42.73,43.36,921652,0.0
2021-04-30,43.32,43.9,42.68,42.85,910952,0.0
2021-05-03,42.98,43.27,42.76,43,1547334,0.0
2021-05-04,43,43.395,41.65,41.94,1657676,0.0
2021-05-05,42.06,43.59,38.88,39.88,3036838,0.0
2021-05-06,39.36,39.58,36.03,37.3,3857066,0.0
2021-05-07,37.53,39.34,36.37,36.54,2498451,0.0
2021-05-10,36.32,36.47,35.32,36.22,1771823,0.0
2021-05-11,35.3,37.2,35.1,36.71,1642493,0.0
2021-05-12,36.64,37.6,36.26,37.25,2384835,0.0
2021-05-13,37.62,37.8,36.55,37.35,1747784,0.0
2021-05-14,37.75,38.41,37.26,38.225,1910025,0.0
2021-05-17,38.23,38.66,37.07,37.34,1452104,0.0
2021-05-18,37.33,38.43,36.63,36.87,1737316,0.0
2021-05-19,36.48,36.75,35.09,35.36,1935501,0.0
2021-05-20,35.41,37.29,35.36,36.54,1300245,0.0
2021-05-21,36.75,37.14,36.18,36.21,869309,0.0
2021-05-24,36.34,36.34,35.15,35.41,1148059,0.0
2021-05-25,35.44,36.12,35.07,35.29,1894339,0.0
2021-05-26,35.825,35.825,34.85,35.52,1805873,0.0
2021-05-27,35.26,36.99,34.63,36.86,3063987,0.0
2021-05-28,37.13,37.94,36.965,37.25,1281184,0.0
2021-06-01,37.29,37.53,36.43,36.75,1008281,0.0
2021-06-02,36.74,36.9917,35.52,35.68,1400064,0.0
2021-06-03,35.54,35.96,34.52,34.72,1163298,0.0
2021-06-04,34.91,35.19,34.54,34.54,845661,0.0
2021-06-07,34.65,36.25,34.43,35.865,2839670,0.0
2021-06-08,36.37,37.05,35.3326,36.89,1733792,0.0
2021-06-09,37.27,37.5,36.21,36.95,1848374,0.0
2021-06-10,36.87,38.36,36.69,38.22,2303766,0.0
2021-06-11,38.28,38.48,37.44,37.93,1203463,0.0
2021-06-14,38.31,38.63,37.51,37.76,655709,0.0
2021-06-15,37.76,37.89,36.35,36.67,1105163,0.0
2021-06-16,36.88,37.565,36.32,37.11,832498,0.0
2021-06-17,36.517,37.92,36.517,37.46,640079,0.0
2021-06-18,37.2,37.94,36.555,37.8,1312758,0.0
2021-06-21,37.84,37.92,36.54,36.95,1016808,0.0
2021-06-22,36.91,37.7,36.43,37.69,758997,0.0
2021-06-23,38.075,38.075,37.18,37.785,821352,0.0
2021-06-24,38.11,38.94,38.05,38.44,1079939,0.0
2021-06-25,38.42,38.99,37.77,38.93,967266,0.0
2021-06-28,39.6,40.3,38.6624,38.99,1718105,0.0
2021-06-29,39.17,39.99,38.94,39.56,1610189,0.0
2021-06-30,39.82,40.11,39.08,39.9,1436469,0.0
2021-07-01,40.11,40.33,39.3,40.06,970415,0.0
2021-07-02,40.22,40.27,39.455,39.91,1291770,0.0
2021-07-06,40.02,40.02,39.19,39.32,838547,0.0
2021-07-07,39.39,39.54,38.34,38.94,686211,0.0
2021-07-08,38,39.17,37.76,38.79,667123,0.0
2021-07-09,38.79,39.5481,38.12,38.86,571371,0.0
2021-07-12,38.72,39.08,37.205,37.28,737321,0.0
2021-07-13,37.13,37.3855,35.92,36.365,909866,0.0
2021-07-14,36.32,36.53,35.18,35.24,762148,0.0
2021-07-15,35.07,35.8,34.65,35.67,967857,0.0
2021-07-16,35.79,36.745,34.97,36.55,1332130,0.0
2021-07-19,36.41,36.455,35.28,35.56,772040,0.0
2021-07-20,35.41,36.69,35.25,36.65,711554,0.0
2021-07-21,36.58,36.88,36.03,36.7,643009,0.0
2021-07-22,36.91,37.67,36.71,37.49,754742,0.0
2021-07-23,37.52,38.21,37,38.04,853319,0.0
2021-07-26,37.87,38.5,37.02,37.44,1064988,0.0
2021-07-27,37.44,37.92,35.76,36.37,885806,0.0
2021-07-28,36.34,37.85,36.03,37.73,771265,0.0
2021-07-29,38,38.265,36.68,36.68,724282,0.0
2021-07-30,36.56,37.825,36.555,37.15,855877,0.0
2021-08-02,37.23,38.05,37.17,37.63,500348,0.0
2021-08-03,37.42,37.87,36.92,37.8,486702,0.0
2021-08-04,37.59,38.7,37.365,37.81,693428,0.0
2021-08-05,37.95,39.39,37.645,39.38,745405,0.0
2021-08-06,39.4,39.4,38.09,38.81,642668,0.0
2021-08-09,38.98,39.1,38.375,38.57,455719,0.0
2021-08-10,38.59,38.99,37.975,38.87,625515,0.0
2021-08-11,38.77,39.17,37.98,38.22,560087,0.0
2021-08-12,38.2539,39.34,38.03,39.33,362315,0.0
2021-08-13,39.7,40.0899,39.12,39.7,510791,0.0
2021-08-16,39.71,39.97,38.52,38.63,557682,0.0
2021-08-17,38.3,38.78,37.82,38.77,719316,0.0
2021-08-18,38.93,38.93,38,38.03,522040,0.0
2021-08-19,37.77,38.35,37.67,37.84,858118,0.0
2021-08-20,37.9,39.315,37.75,39.22,553223,0.0
2021-08-23,39.64,40.05,38.85,39.03,623979,0.0
2021-08-24,39.04,40.04,38.81,39.98,448423,0.0
2021-08-25,40.18,40.385,39.01,39.58,554328,0.0
2021-08-26,39.55,39.9499,38.8601,38.92,424932,0.0
2021-08-27,38.79,40.45,38.63,39.63,643026,0.0
2021-08-30,39.86,40.19,39,39.17,520177,0.0
2021-08-31,39.43,40.35,39.13,39.76,564963,0.0
2021-09-01,40.03,40.99,39.78,40.26,570874,0.0
2021-09-02,40.5,40.71,39.7,40.55,438141,0.0
2021-09-03,40.5,40.51,39.43,39.48,343843,0.0
2021-09-07,39.32,39.375,37.5,37.56,974276,0.0
2021-09-08,37.41,37.47,36.73,36.99,586345,0.0
2021-09-09,36.73,37.1,36.25,36.26,452087,0.0
2021-09-10,36.15,36.35,35.45,36.09,555712,0.0
2021-09-13,36.065,36.87,35.62,36.3,1054286,0.0
2021-09-14,36.45,36.88,36.06,36.24,565643,0.0
2021-09-15,36.01,37.6,35.97,36.985,1712454,0.0
2021-09-16,36.84,36.98,35.69,36.46,504508,0.0
2021-09-17,36.64,37.34,36.135,37.22,1405704,0.0
2021-09-20,36.56,37.18,35.98,36.19,673811,0.0
2021-09-21,36.41,36.93,35.81,36.27,554275,0.0
2021-09-22,36.26,36.92,36.09,36.56,509903,0.0
2021-09-23,36.57,37.31,35.85,37.19,789101,0.0
2021-09-24,37.14,37.47,36.1,36.19,373749,0.0
2021-09-27,36.15,36.4515,35.7,35.84,685403,0.0
2021-09-28,35.6,35.8,34.28,34.36,1113396,0.0
2021-09-29,34.54,34.71,33.53,33.58,628367,0.0
2021-09-30,33.76,34.32,33.52,33.54,443979,0.0
2021-10-01,33.33,33.63,32.15,33.55,878963,0.0
2021-10-04,33.25,33.3202,32.17,32.33,501971,0.0
2021-10-05,32.2,32.98,32.1935,32.75,689507,0.0
2021-10-06,32.37,33.47,32.34,33.34,482709,0.0
2021-10-07,33.39,34.105,33.3,33.77,509168,0.0
2021-10-08,33.77,34.31,33.68,34.1,382939,0.0
2021-10-11,34.16,34.81,34,34.39,457401,0.0
2021-10-12,33.97,34.475,33.84,34.02,505043,0.0
2021-10-13,34.26,34.3343,33.53,33.56,321094,0.0
2021-10-14,33.74,35.05,33.65,34.49,504800,0.0
2021-10-15,35.18,35.8,33.88,35.105,1506193,0.0
2021-10-18,33,33.1188,29.01,30.25,5178416,0.0
2021-10-19,30.42,31.87,30.05,31.27,1864649,0.0
2021-10-20,31.3,31.61,30.3,30.55,1082622,0.0
2021-10-21,30.42,31.03,30.18,30.33,645553,0.0
2021-10-22,30.2,30.53,29.8123,30.42,567554,0.0
2021-10-25,30.46,30.6863,30.01,30.06,408117,0.0
2021-10-26,30.17,30.6,29.82,29.84,558612,0.0
2021-10-27,29.85,30.179,29.22,29.83,888594,0.0
2021-10-28,29.8,31.21,29.59,31.2,690145,0.0
2021-10-29,31.2,32.12,31.1,31.88,847853,0.0
2021-11-01,31.8,33.05,31.62,33.01,609399,0.0
2021-11-02,33.3,33.56,32.55,32.97,738989,0.0
2021-11-03,32.89,34.35,32.27,33.77,1228690,0.0
2021-11-04,33.88,35,33.58,34.64,748870,0.0
2021-11-05,34.25,34.82,33.18,33.65,700240,0.0
2021-11-08,33.66,35.09,33.1,34.91,673087,0.0
2021-11-09,34.9,34.96,33.85,33.99,405252,0.0
2021-11-10,33.69,34.32,33.13,33.3,528731,0.0
2021-11-11,33.3,34.015,33.24,33.54,498015,0.0
2021-11-12,33.67,33.67,32.609,32.69,345469,0.0
2021-11-15,32.96,33.29,32.7,32.79,474505,0.0
2021-11-16,32.85,33.0143,32.37,32.67,566780,0.0
2021-11-17,32.48,32.74,31.59,32.51,795156,0.0
2021-11-18,33.04,33.77,31.96,32.11,797975,0.0
2021-11-19,32.14,32.35,31.42,31.99,802848,0.0
2021-11-22,32.32,32.37,30.57,30.7,1091217,0.0
2021-11-23,30.61,30.8,29.66,30.33,1485637,0.0
2021-11-24,29.8,29.9369,28.75,29.74,1205814,0.0
2021-11-26,29.86,30.27,28.885,29.08,626158,0.0
2021-11-29,29.26,29.4799,27.39,27.45,1445456,0.0
2021-11-30,27.21,27.76,26.4,26.5,1654948,0.0
2021-12-01,27.03,27.1705,25.59,25.64,1272761,0.0
2021-12-02,25.45,26.24,25.04,26.15,1125705,0.0
2021-12-03,26.4,26.76,25.62,26.43,1502813,0.0
2021-12-06,26.46,27.83,26.41,27.5,1012836,0.0
2021-12-07,28.77,30.81,28.55,30.57,1923327,0.0
2021-12-08,30.98,32.5,30.36,32.21,1470972,0.0
2021-12-09,32.04,32.26,30.17,30.29,1822422,0.0
2021-12-10,30.24,30.99,29.37,29.47,830957,0.0
2021-12-13,29.26,30.53,28.72,30.08,532603,0.0
2021-12-14,31.0607,31.28,29.77,30.25,1014326,0.0
2021-12-15,30.31,31.225,29.22,31.09,924307,0.0
2021-12-16,31.07,31.4,29.82,30.1,656963,0.0
2021-12-17,29.67,32.8,29.6,32.46,1245017,0.0
2021-12-20,32.09,32.91,31.64,32.21,728311,0.0
2021-12-21,32.14,32.89,31.89,32.66,915366,0.0
2021-12-22,32.63,32.85,32.02,32.31,662899,0.0
2021-12-23,32.5,32.91,32.42,32.75,431384,0.0
2021-12-27,32.83,32.85,31.03,31.205,634682,0.0
2021-12-28,31.01,31.84,30.13,30.19,706296,0.0
2021-12-29,30.13,30.82,29.63,30.6,720414,0.0
2021-12-30,30.63,31.4899,30.335,30.52,531000,0.0
2021-12-31,30.46,31.1,30.42,30.45,527874,0.0
2022-01-03,30.73,32.66,30.14,32.6,893395,0.0
2022-01-04,32.66,32.74,30.85,31.36,772681,0.0
2022-01-05,31.55,32,30.41,30.45,674225,0.0
2022-01-06,30.33,31.18,29.41,30.95,684328,0.0
2022-01-07,30.8,31.64,30.33,30.35,561799,0.0
2022-01-10,30.24,30.76,29.635,30.55,943570,0.0
2022-01-11,30.78,31.7999,30.56,31.38,699741,0.0
2022-01-12,31.4,32.27,31.15,31.89,843949,0.0
2022-01-13,31.58,32.64,31.37,32.13,1096878,0.0
2022-01-14,31.71,33.09,31.25,33.09,922963,0.0
2022-01-18,32.45,32.64,29.99,30.12,1740883,0.0
2022-01-19,30.34,31.43,30.16,30.37,1430300,0.0
2022-01-20,30.98,32.065,29.86,30.01,1903041,0.0
2022-01-21,29.73,30.69,29.45,29.88,1305630,0.0
2022-01-24,29.26,31.57,28.68,31.4,1502355,0.0
2022-01-25,30.99,32.025,30.7,31.52,1159814,0.0
2022-01-26,32.12,32.89,31.32,31.48,1124388,0.0
2022-01-27,31.73,31.87,30.02,30.11,803652,0.0
2022-01-28,30.0391,31.7,29.87,31.68,685147,0.0
2022-01-31,28.34,31.99,28.25,31.795,2727980,0.0
2022-02-01,30.58,31.682,30.49,31.48,1550361,0.0
2022-02-02,31.65,31.65,30.955,31.51,934329,0.0
2022-02-03,31.07,31.72,30.9,31.07,841296,0.0
2022-02-04,32.0455,32.0455,30.73,31.495,656182,0.0
2022-02-07,31.35,32.75,31.26,32.46,538286,0.0
2022-02-08,32.19,33.1628,31.7,32.68,850176,0.0
2022-02-09,32.93,34.46,32.9,34.02,838700,0.0
2022-02-10,33.28,34.55,33.12,33.57,786753,0.0
2022-02-11,33.5,34.13,32.65,32.88,618365,0.0
