Date,Open,High,Low,Close,volume,trade_count,vwap
2020-12-31,44.01,44.33,41.31,41.81,4167050,38128,42.13234
2021-01-04,42.81,44.6,41.71,43.64,4663784,44209,43.367775
2021-01-05,43.2,46.33,42.37,46.22,3507002,36215,44.989822
2021-01-06,45.28,47.18,44.2,45.54,3642336,34434,45.826012
2021-01-07,46.58,49.8176,46.5,49.19,3273463,33549,48.537685
2021-01-08,50.28,53.79,49.94,51.13,5760374,54024,51.6287
2021-01-11,47.69,48.18,45.2,45.94,7495819,70014,46.270237
2021-01-12,46.21,48.72,45.9,47.59,4052436,36911,47.204766
2021-01-13,48.46,53.85,48.1,51.37,6557451,60847,51.749236
2021-01-14,51.95,55.785,51.92,53.44,3976432,45992,54.223511
2021-01-15,53.5,56.1498,52.54,52.59,4124392,40320,53.912953
2021-01-19,54.26,56.77,54.21,55.86,3909795,37433,55.631459
2021-01-20,57.0,60.2499,56.765,56.93,4809581,40110,57.833906
2021-01-21,55.36,57.5,52.91,53.13,3667899,37608,53.942832
2021-01-22,53.15,56.59,52.75,55.21,6372787,61013,54.730927
2021-01-25,55.76,56.2,50.81,52.23,4905958,53232,52.594023
2021-01-26,53.0,53.74,47.91,48.15,4427472,49892,49.948882
2021-01-27,47.0,50.6,45.11,47.69,5347178,59991,48.275512
2021-01-28,48.63,52.05,48.34,50.93,4275448,47299,50.470522
2021-01-29,50.92,51.65,48.18,49.52,2775163,33179,49.836154
2021-02-01,49.69,52.0,48.7601,51.54,3157692,35630,50.881189
2021-02-02,53.07,55.32,52.48,53.62,3627585,40772,53.927954
2021-02-03,54.52,55.7,51.5652,52.39,3058507,32207,53.170439
2021-02-04,52.05,52.1,49.92,50.19,3406934,33434,50.520961
2021-02-05,50.8,51.02,48.67,49.7,3851097,40806,49.370267
2021-02-08,50.06,51.69,49.56,50.81,3624938,38750,50.897437
2021-02-09,51.38,53.8,51.0,52.6,2719082,30254,52.764647
2021-02-10,53.3,54.9,49.9,51.94,2801241,32813,52.510163
2021-02-11,51.3,52.6941,49.88,51.09,2736378,28447,51.121285
2021-02-12,51.39,52.33,49.97,51.86,2163794,22894,51.532746
2021-02-16,52.8,53.47,49.07,49.07,3242096,33443,50.439353
2021-02-17,50.0,50.0,46.455,47.86,4195713,47921,47.841773
2021-02-18,49.27,49.39,45.95,47.52,5306905,48737,47.807014
2021-02-19,48.55,52.1,48.2,50.42,3945240,34734,50.616221
2021-02-22,49.15,49.87,44.57,44.81,4396164,47450,46.872167
2021-02-23,42.01,43.4269,38.0,42.72,7671539,96367,41.312885
2021-02-24,42.55,43.955,40.8774,42.09,3853049,44417,42.485382
2021-02-25,41.6,42.38,38.15,39.8,5687766,55539,39.852331
2021-02-26,40.11,41.07,37.7,40.13,4862985,44949,39.54468
2021-03-01,41.64,44.55,41.16,43.72,5054405,45293,43.596673
2021-03-02,43.72,44.48,41.87,42.01,3126565,30744,42.867514
2021-03-03,41.41,41.85,37.71,39.04,5311365,55236,39.24956
2021-03-04,37.81,39.7,35.0,36.01,6305657,74630,36.539091
2021-03-05,36.49,36.68,30.7865,34.14,9195596,101977,33.283414
2021-03-08,33.85,36.6499,31.06,34.76,11197477,97968,34.205109
2021-03-09,39.0,40.18,37.345,38.84,10769113,97223,38.914852
2021-03-10,40.0,42.0,38.62,38.66,7066962,65690,40.259265
2021-03-11,40.7,43.65,40.54,42.92,5096749,48945,42.463725
2021-03-12,41.51,43.49,40.2104,42.7,5975443,50585,42.234607
2021-03-15,43.2,43.619,41.975,42.94,3368030,32784,42.875951
2021-03-16,43.6,43.89,40.0603,41.59,4091150,39273,42.049554
2021-03-17,39.76,43.99,38.75,42.8,4611874,41265,41.556459
2021-03-18,41.5,42.1632,39.315,39.67,3621527,39530,40.394459
2021-03-19,39.97,41.8599,39.26,41.37,5308647,33976,41.054025
2021-03-22,41.41,43.75,41.11,42.79,3247630,30760,42.64478
2021-03-23,42.45,42.72,40.42,40.91,2861098,30985,41.214797
2021-03-24,41.33,41.33,35.46,35.78,6065287,68812,37.315276
2021-03-25,34.49,35.1869,32.6907,34.66,6493822,69042,34.003948
2021-03-26,34.52,35.306,31.95,34.45,4480765,45520,33.600793
2021-03-29,34.2,34.7922,32.36,33.06,3686776,36897,33.219227
2021-03-30,32.75,35.61,31.76,35.3,5734367,41285,34.637925
2021-03-31,35.75,39.05,35.75,38.21,5217568,45160,38.187818
2021-04-01,39.29,41.49,39.1,39.19,5391079,43166,40.162681
2021-04-05,42.27,42.58,40.2601,40.4,5156416,45333,41.235285
2021-04-06,40.27,41.52,39.4115,40.34,3101212,28577,40.692163
2021-04-07,40.0,40.67,37.1125,37.36,4126801,37061,38.353467
2021-04-08,38.02,39.27,37.76,38.27,2588440,23963,38.287423
2021-04-09,37.97,38.24,37.1,38.0,2834818,21946,37.752658
2021-04-12,37.79,37.79,35.9,37.61,3238128,25289,37.277538
2021-04-13,37.67,39.62,37.64,39.38,2980215,29171,38.876654
2021-04-14,39.69,41.0299,38.94,39.07,3153812,32495,39.967292
2021-04-15,39.39,39.97,38.85,39.06,2848098,24429,39.28504
2021-04-16,39.06,39.09,36.86,37.64,2206060,23795,37.699285
2021-04-19,36.96,37.49,34.65,35.32,2869203,31965,35.610049
2021-04-20,34.96,36.27,33.82,34.25,2670286,27286,34.506726
2021-04-21,33.8,36.2803,33.18,36.1,3514106,27880,35.613047
2021-04-22,36.13,37.33,35.5,35.96,2499805,23538,36.438349
2021-04-23,36.06,36.95,35.34,36.8,2002860,20126,36.506732
2021-04-26,36.62,38.42,36.4139,37.89,3236271,24162,37.615948
2021-04-27,37.98,38.2,36.89,37.22,1548258,18741,37.36679
2021-04-28,36.53,37.5,35.88,36.66,1718883,17365,36.819294
2021-04-29,36.8,36.96,34.54,35.0,3199660,29482,35.126366
2021-04-30,34.6,35.7396,34.21,34.9,2314492,20865,34.832073
2021-05-03,35.09,35.4,32.78,32.87,3221554,35838,33.467363
2021-05-04,32.37,32.51,30.615,31.5,5965901,56156,31.218559
2021-05-05,30.25,32.54,28.7,31.23,11910002,78180,30.589957
2021-05-06,31.07,31.11,28.29,29.46,7111065,59662,29.139437
2021-05-07,30.56,31.6423,29.77,29.95,4474287,38195,30.495092
2021-05-10,28.78,29.0,26.9308,27.08,6489184,58912,27.618434
2021-05-11,26.09,28.68,25.87,27.98,5567641,55947,27.708241
2021-05-12,27.0,27.73,26.5836,26.76,4122584,41665,27.005171
2021-05-13,27.28,27.9,25.24,26.09,3825398,40761,26.35467
2021-05-14,26.28,28.16,26.28,27.74,3688989,36623,27.694665
2021-05-17,27.32,27.8,26.51,27.31,3062342,33935,27.047651
2021-05-18,27.5,28.71,26.7,27.39,4174169,33936,27.792678
2021-05-19,26.5,27.31,26.01,26.85,3232826,32853,26.695719
2021-05-20,27.23,28.16,26.9,27.57,4081938,28373,27.665283
2021-05-21,27.98,28.16,27.12,27.15,2251341,25605,27.480721
2021-05-24,27.58,28.96,27.1,28.24,3559926,34641,28.42034
2021-05-25,27.98,29.24,27.91,28.93,3513544,35035,28.725463
2021-05-26,29.06,29.45,28.79,28.94,2468456,25292,29.022287
2021-05-27,28.82,29.39,28.51,29.06,3019700,20912,29.025767
2021-05-28,29.25,30.33,28.535,28.78,2549298,24603,29.288662
2021-06-01,28.98,29.246,27.5558,28.15,2897106,27762,28.184321
2021-06-02,28.0,29.03,27.9,28.49,2629385,24516,28.288903
2021-06-03,28.25,28.59,26.95,27.02,3053936,32944,27.300472
2021-06-04,27.23,28.085,27.22,27.38,2170698,23099,27.66605
2021-06-07,27.35,29.87,27.25,29.21,3584129,34765,28.941237
2021-06-08,29.95,30.335,28.34,29.75,3230948,29694,29.370165
2021-06-09,30.15,30.82,29.77,30.52,3535266,31029,30.432462
2021-06-10,30.32,31.53,29.97,31.29,3553523,32744,31.030695
2021-06-11,31.4,31.64,30.56,31.22,2049614,21755,31.126428
2021-06-14,31.34,32.08,31.16,31.53,2936937,26155,31.568031
2021-06-15,31.64,31.74,30.17,30.51,2506530,22557,30.637429
2021-06-16,30.3,30.979,29.03,30.13,3102053,32407,30.089811
2021-06-17,29.81,32.97,29.75,32.3,4368494,44422,32.135725
2021-06-18,31.95,32.98,31.9,32.79,6634177,35353,32.693046
2021-06-21,32.54,33.62,31.74,33.34,3077330,29607,33.102786
2021-06-22,33.31,33.78,32.455,33.12,2373221,25384,33.066144
2021-06-23,33.25,34.3,33.18,33.81,2469528,23532,33.871733
2021-06-24,34.01,35.0,33.9,34.25,2631457,25885,34.481085
2021-06-25,34.31,34.56,33.19,34.45,16071189,34229,34.368216
2021-06-28,35.5,35.51,34.02,34.47,3329966,28608,34.644901
2021-06-29,34.39,35.09,33.84,34.08,2148239,24393,34.342696
2021-06-30,33.98,34.37,33.2,33.73,2653160,25742,33.801149
2021-07-01,33.62,34.065,32.43,33.6,1873978,21477,33.310259
2021-07-02,33.78,34.2782,32.66,33.36,2031349,18091,33.154547
2021-07-06,33.03,34.11,32.7,33.24,2238742,25642,33.351459
2021-07-07,33.67,33.81,31.66,32.12,1856993,22195,32.301475
2021-07-08,30.99,31.365,29.901,31.01,3714475,38422,30.722848
2021-07-09,31.21,31.96,30.53,31.95,1742407,19388,31.607401
2021-07-12,32.08,32.46,31.25,31.41,1471375,14999,31.578205
2021-07-13,31.0,31.19,29.804,29.87,2310682,24479,30.195027
2021-07-14,29.73,30.26,28.1201,28.61,3997143,32338,29.00275
2021-07-15,28.33,29.41,27.71,28.11,3841825,35275,28.299305
2021-07-16,28.38,29.0,27.94,28.48,2108018,21107,28.452225
2021-07-19,27.8,29.14,27.52,28.75,2337482,26172,28.515497
2021-07-20,28.94,29.41,27.92,29.25,2361590,23503,28.949132
2021-07-21,29.29,29.785,28.56,29.32,2592037,21281,29.32577
2021-07-22,29.39,29.5,28.19,28.4,3882218,31412,28.596458
2021-07-23,27.58,28.39,27.53,28.18,2404431,20936,28.089962
2021-07-26,28.0,28.61,27.3,27.61,2321277,22267,27.747506
2021-07-27,27.6,27.7499,26.02,27.1,2801469,24944,26.709686
2021-07-28,27.42,28.605,27.32,28.14,2037366,20592,28.113702
2021-07-29,28.44,28.6,27.91,28.08,1288620,13887,28.182516
2021-07-30,27.69,28.73,27.69,27.99,1893051,18135,28.1609
2021-08-02,28.19,28.59,27.65,28.29,2422942,24220,28.354055
2021-08-03,28.25,28.58,27.81,28.5,3237236,26074,28.358986
2021-08-04,31.06,32.41,30.52,30.92,6970619,51744,31.197921
2021-08-05,30.62,31.627,30.38,30.87,3570365,28194,30.963401
2021-08-06,30.91,30.99,29.29,29.66,3084852,27057,30.318495
2021-08-09,31.64,31.64,28.88,28.94,6232653,51742,29.88605
2021-08-10,28.94,29.03,26.7,26.83,5106788,39311,27.364089
2021-08-11,26.85,26.93,25.845,26.7,3491708,33554,26.415772
2021-08-12,26.76,28.47,26.65,27.77,4493194,35394,27.828188
2021-08-13,27.72,27.8,25.97,26.09,5066024,42517,26.308064
2021-08-16,25.8,25.95,24.6001,25.55,5678205,35509,25.43246
2021-08-17,25.11,25.82,24.89,25.81,2938304,28487,25.477024
2021-08-18,26.06,26.219,25.0386,25.3,2656320,27768,25.585808
2021-08-19,25.0,25.0499,24.17,24.31,2841989,24257,24.530023
2021-08-20,24.22,25.69,24.16,25.63,2784323,22254,25.35986
2021-08-23,25.99,27.45,25.77,27.44,3820780,31743,27.03341
2021-08-24,27.61,27.9,27.22,27.6,2317264,21439,27.543075
2021-08-25,27.68,28.245,27.21,27.86,1915501,18071,27.900456
2021-08-26,27.9,28.37,27.31,27.75,3419600,29614,27.856589
2021-08-27,28.0,29.54,27.77,28.9,2803477,24430,29.01421
2021-08-30,28.95,29.39,28.54,29.1,2049036,20983,29.085271
2021-08-31,29.26,29.67,28.93,29.63,2207953,18943,29.422636
2021-09-01,29.8,30.65,29.57,30.39,2363846,22790,30.281706
2021-09-02,30.5,31.15,30.29,31.06,2468692,21515,30.880903
2021-09-03,31.02,31.4,30.6475,31.24,1823394,17720,31.163374
2021-09-07,31.5,31.88,30.73,31.71,3182337,30021,31.367719
2021-09-08,31.72,31.8508,30.645,31.17,5546019,36927,31.270932
2021-09-09,30.94,32.7,30.8,31.71,3295873,32294,32.075921
2021-09-10,31.91,32.56,31.09,31.17,1973813,21071,31.716457
2021-09-13,31.22,31.22,29.11,30.04,3490157,33453,29.960478
2021-09-14,30.22,30.67,29.4856,29.77,2355459,25029,30.008416
2021-09-15,29.61,29.78,28.72,29.63,3369014,29016,29.386063
2021-09-16,29.3,30.09,28.86,29.74,2272536,19570,29.537039
2021-09-17,30.1,31.58,29.77,31.54,5209800,32499,31.056349
2021-09-20,30.22,31.105,29.9,30.83,2820426,27333,30.666912
2021-09-21,31.02,32.93,31.02,31.79,4164492,36335,32.016766
2021-09-22,31.57,32.12,31.43,31.73,1864832,20225,31.864876
2021-09-23,32.0,32.2995,30.8674,32.19,3190037,25939,31.67132
2021-09-24,32.02,32.22,30.05,30.06,4329015,33917,30.517343
2021-09-27,30.0,30.28,28.71,30.08,2301528,24705,29.82447
2021-09-28,29.7,29.76,28.23,28.51,3441103,36132,28.586363
2021-09-29,28.96,29.5,28.22,28.41,2191061,22635,28.759538
2021-09-30,28.46,29.07,28.33,28.43,1966746,20876,28.602775
2021-10-01,28.43,28.73,27.6,28.67,1956855,18830,28.220655
2021-10-04,28.25,28.3,26.32,26.52,2758188,28109,26.814717
2021-10-05,26.56,27.43,26.34,26.44,1962508,19413,26.708573
2021-10-06,26.0,26.47,25.75,26.1,1471613,14203,26.108608
2021-10-07,26.15,27.14,26.07,26.57,1510813,13700,26.750207
2021-10-08,26.5,26.79,25.91,26.15,1212831,14152,26.188188
2021-10-11,25.84,26.46,25.69,26.11,1294885,14567,26.173989
2021-10-12,26.17,26.87,26.06,26.53,1332189,13287,26.480345
2021-10-13,26.63,27.24,26.6,26.99,1118004,11647,27.039951
2021-10-14,27.22,28.14,27.17,27.73,1568517,16456,27.774623
2021-10-15,28.4,28.63,27.42,27.5,1371229,14699,27.722939
2021-10-18,27.26,27.4,26.995,27.1,1214053,13251,27.172837
2021-10-19,27.21,28.78,27.21,28.51,1751067,18809,28.360329
2021-10-20,28.83,28.95,28.16,28.58,965096,12809,28.617323
2021-10-21,28.53,29.15,28.16,28.22,1057802,11785,28.508194
2021-10-22,28.06,28.72,27.67,27.99,1117633,12151,28.048522
2021-10-25,27.94,28.8,27.6,28.44,1130767,12215,28.306456
2021-10-26,28.61,28.91,27.7,27.85,1604140,16129,28.162859
2021-10-27,27.9,28.1,26.675,26.86,1262769,13469,27.091244
2021-10-28,26.96,27.98,26.65,27.69,1219981,15064,27.673202
2021-10-29,27.62,27.94,26.48,26.5,1753772,18258,26.89386
2021-11-01,26.5,28.06,26.44,27.9,2073822,20143,27.614776
2021-11-02,27.95,28.03,26.66,27.19,1798731,16649,27.109108
2021-11-03,27.01,27.46,26.33,27.36,1948684,20807,27.065474
2021-11-04,27.43,27.66,26.3,26.58,1991402,20335,26.808569
2021-11-05,26.45,27.06,25.75,26.32,2305630,24160,26.394686
2021-11-08,26.3,27.28,26.12,26.27,4295120,37537,26.158912
2021-11-09,22.8,23.4,20.49,20.53,14515656,99176,21.494229
2021-11-10,20.63,22.58,20.57,21.86,6543301,52465,21.718896
2021-11-11,21.93,22.43,21.61,21.65,3008558,24636,21.866819
2021-11-12,21.76,22.14,21.535,21.96,2280332,20144,21.866907
2021-11-15,21.9,22.3499,21.21,21.49,3195968,25432,21.613369
2021-11-16,21.38,21.93,21.17,21.91,2667187,20885,21.629961
2021-11-17,21.77,22.08,21.01,21.16,2440496,19820,21.41192
2021-11-18,21.26,21.57,19.19,19.32,5169600,37277,19.719913
2021-11-19,19.22,19.7927,18.8,18.89,4407926,33796,19.078258
2021-11-22,18.75,18.87,17.99,18.35,4851636,27116,18.405217
2021-11-23,18.3,18.56,17.43,17.64,4518380,39146,17.862302
2021-11-24,17.5,18.35,16.95,18.18,3910677,31209,17.85049
2021-11-26,18.11,18.5,17.81,17.99,1858146,18151,18.066629
2021-11-29,18.17,18.2999,17.08,17.14,2660774,25311,17.378753
2021-11-30,17.17,18.03,16.79,17.0,3912193,29135,17.133025
2021-12-01,17.08,17.3,15.62,15.63,4382111,35506,16.322402
2021-12-02,15.59,16.55,15.34,15.76,4142590,34870,15.799445
2021-12-03,15.8,15.87,14.692,14.99,3972669,37811,15.01988
2021-12-06,14.77,15.465,14.06,15.39,3790257,38267,14.958651
2021-12-07,15.99,17.56,15.99,17.05,3841950,33929,16.966018
2021-12-08,17.08,17.84,16.33,17.64,3407937,28380,17.425791
2021-12-09,17.35,17.58,16.35,16.47,3151625,30685,16.89922
2021-12-10,16.66,17.36,15.94,16.01,2645922,24756,16.340914
2021-12-13,15.97,16.75,15.45,16.26,3148487,28276,16.078899
2021-12-14,15.8,16.27,15.4,15.82,3159663,27000,15.795045
2021-12-15,15.84,16.69,15.26,16.51,4639817,46604,15.926149
2021-12-16,16.65,16.82,15.318,15.46,3860160,34872,15.84431
2021-12-17,15.22,18.44,14.78,18.32,11982123,64641,17.728503
2021-12-20,17.8,17.81,16.445,16.78,7236391,60691,16.889482
2021-12-21,16.66,17.38,16.14,17.24,3921654,35840,16.904699
2021-12-22,17.13,17.77,16.6,17.04,2555854,25671,17.052041
2021-12-23,17.0,17.01,16.27,16.61,2793696,26103,16.648323
2021-12-27,16.23,16.48,14.97,15.18,4969407,36942,15.356162
2021-12-28,15.08,15.76,14.69,14.76,4242484,34053,15.107535
2021-12-29,14.71,14.88,14.36,14.7,3648777,27960,14.620129
2021-12-30,14.7,16.2262,14.65,15.66,4149450,33107,15.727714
2021-12-31,15.65,16.12,15.24,15.27,2811971,24722,15.523996
2022-01-03,15.4,15.87,14.72,15.59,2858482,25483,15.430205
2022-01-04,15.58,15.65,13.94,14.36,5427050,43501,14.30224
2022-01-05,14.28,14.41,13.1209,13.21,4846716,43745,13.582566
2022-01-06,13.21,13.67,12.39,12.92,6442078,46461,13.034121
2022-01-07,13.0,13.8999,12.54,12.55,5712061,37670,12.840885
2022-01-10,12.32,12.585,11.545,12.55,6610621,55379,12.064737
2022-01-11,12.5,12.95,12.18,12.81,4077031,32139,12.70843
2022-01-12,13.0,13.32,11.85,11.87,4508927,36341,12.215082
2022-01-13,11.86,11.94,11.25,11.45,6629064,44484,11.557161
2022-01-14,11.32,11.79,10.88,11.74,6295043,44243,11.377254
2022-01-18,11.48,12.09,11.16,11.21,6355825,46272,11.421186
2022-01-19,11.36,12.0,11.1,11.16,5967657,49696,11.461042
2022-01-20,11.41,12.7,11.38,11.45,5786662,44690,12.030337
2022-01-21,11.25,11.85,10.75,10.81,7122076,56229,11.139667
2022-01-24,10.27,10.79,9.28,10.76,11139809,79959,10.072963
2022-01-25,10.47,10.63,9.8,10.2,7090049,56939,10.169425
2022-01-26,10.51,11.36,10.0,10.13,9601068,63614,10.692771
2022-01-27,10.25,10.765,9.66,9.68,5518011,41563,10.023672
2022-01-28,9.76,10.23,9.28,10.22,6784369,49161,9.846883
2022-01-31,10.3,11.26,10.14,11.24,6211403,46226,10.966223
2022-02-01,11.5,11.7,10.73,11.65,5445879,37648,11.38496
2022-02-02,11.57,11.64,10.62,10.95,5069003,37228,10.974029
2022-02-03,10.51,10.96,10.4,10.47,4578522,35588,10.639802
2022-02-04,10.56,11.03,10.22,10.9,4730050,34496,10.776033
2022-02-07,10.69,11.64,10.67,10.91,4827945,30206,11.04617
2022-02-08,10.79,11.06,10.37,10.63,8698481,37906,10.646589
2022-02-09,10.82,11.76,10.82,11.57,6777352,39631,11.487835
2022-02-10,11.18,12.04,10.89,11.16,5934268,41154,11.490565
2022-02-11,11.22,11.82,10.63,10.81,4808231,35913,11.143483
2022-02-14,10.8,11.19,10.38,10.49,3981599,25391,10.695035
2022-02-15,10.71,11.195,10.69,11.12,5182435,27954,10.999426
2022-02-16,10.9,10.96,10.53,10.69,4196196,30186,10.714766
2022-02-17,10.54,10.6301,9.565,9.7,5537819,34487,9.899993
2022-02-18,9.72,9.83,9.25,9.34,6096985,33351,9.445785
2022-02-22,9.0,9.49,8.83,8.98,6041961,38705,9.047086
2022-02-23,9.07,9.3,8.51,8.58,6877608,38145,8.750284
2022-02-24,8.16,9.42,8.1,9.4,8333806,50616,8.917493
2022-02-25,9.72,10.62,9.5,10.59,8048175,50328,10.187619
2022-02-28,10.49,11.4,10.445,10.79,7915826,44665,10.829192
2022-03-01,10.74,11.33,10.705,10.91,5955332,42063,11.004004
2022-03-02,10.97,11.05,9.48,9.49,7244857,45516,9.781855
2022-03-03,9.56,9.59,8.8,8.97,6799442,39234,8.995931
2022-03-04,8.9,9.13,8.11,8.2,6474615,36961,8.413221
2022-03-07,8.2,8.465,7.84,7.97,7504081,45298,8.044876
2022-03-08,8.02,8.63,7.55,8.25,6918845,39830,8.163277
2022-03-09,8.37,9.04,8.31,8.72,5825852,36458,8.725711
2022-03-10,8.51,8.52,7.97,8.15,3903076,28604,8.147146
2022-03-11,8.17,8.24,7.25,7.26,5222166,35497,7.556499
2022-03-14,7.22,7.22,6.165,6.28,11546399,61764,6.463881
2022-03-15,6.27,6.63,6.055,6.62,7020130,40176,6.42176
2022-03-16,6.82,7.6,6.82,7.58,7645834,48832,7.346153
2022-03-17,7.36,8.145,7.35,8.11,6138293,39662,7.942089
2022-03-18,7.94,8.725,7.94,8.38,13618850,38358,8.374855
2022-03-21,8.19,8.42,7.8,7.96,5377455,37283,8.015347
2022-03-22,7.9,8.83,7.9,8.57,5735038,34983,8.583377
2022-03-23,8.43,8.75,8.055,8.24,4695830,30589,8.359394
2022-03-24,8.33,8.47,7.7,8.23,3943052,24117,8.088975
2022-03-25,8.23,8.28,7.67,7.8,3818156,27139,7.825502
2022-03-28,7.93,8.25,7.69,8.08,3832717,23556,7.966089
2022-03-29,8.51,8.99,8.24,8.84,5382369,36847,8.746861
2022-03-30,8.64,9.18,8.355,8.4,5137910,32875,8.65989
2022-03-31,8.4,8.51,7.96,7.97,4943006,26872,8.127433
2022-04-01,8.07,8.571,8.01,8.47,5546760,29986,8.380052
2022-04-04,8.7,9.11,8.51,9.01,4940130,33857,8.900318
2022-04-05,8.96,9.08,8.1,8.23,5508967,36393,8.397963
2022-04-06,8.01,8.02,7.265,7.66,6263522,41154,7.52127
2022-04-07,7.57,7.685,7.17,7.48,4131714,26372,7.425874
2022-04-08,7.35,7.46,7.03,7.06,3954568,28689,7.189268
2022-04-11,6.87,7.13,6.64,6.85,4942102,35446,6.887635
2022-04-12,7.16,7.68,6.87,7.0,5425851,31342,7.155485
2022-04-13,6.92,7.27,6.78,7.05,4321435,27306,7.099732
2022-04-14,7.06,7.08,6.5,6.5,4883223,30349,6.612622
2022-04-18,6.45,6.5,6.04,6.1,5816000,33125,6.18702
2022-04-19,6.08,6.57,6.015,6.18,5900042,33324,6.277705
2022-04-20,6.11,6.21,5.775,5.87,5793178,33903,5.947414
2022-04-21,5.98,6.23,5.38,5.44,8142174,41953,5.58754
2022-04-22,5.44,5.66,5.28,5.37,5989739,33006,5.426032
2022-04-25,5.3,5.72,5.3,5.68,6343718,35261,5.591719
2022-04-26,5.6,5.7,5.14,5.15,5837120,33227,5.304705
2022-04-27,5.1,5.31,4.88,5.02,6513504,36046,5.047557
2022-04-28,5.01,5.245,4.63,5.22,8990980,45666,4.975855
2022-04-29,5.14,5.52,5.12,5.31,8212305,43021,5.346316
2022-05-02,5.19,5.68,5.04,5.6,8131065,48096,5.463416
2022-05-03,5.57,5.76,5.41,5.57,5889858,37431,5.567412
2022-05-04,5.15,6.12,4.82,5.96,12014547,70690,5.506462
2022-05-05,5.83,5.89,5.2,5.29,8595514,48411,5.381606
