Date,Open,High,Low,Close,Volume,OpenInterest
2020-12-04,39.53,41.48,37.5,40.88,11976822,0.0
2020-12-07,41.12,43.9,39.62,40.85,4172624,0.0
2020-12-08,40.81,41.79,40.22,41.04,1986544,0.0
2020-12-09,41.17,44.13,40.77,41.22,2266941,0.0
2020-12-10,40.88,43.2,40.54,42.92,1351226,0.0
2020-12-11,42.88,43.76,42.24,43.26,1150166,0.0
2020-12-14,43.35,44.51,42.62,44.23,1475981,0.0
2020-12-15,44.31,45.1,43.87,44.85,1345496,0.0
2020-12-16,44.85,46.5628,44.78,46.19,1223368,0.0
2020-12-17,46.12,46.14,44.53,44.93,1878017,0.0
2020-12-18,44.8,45.77,43.69,45.22,945966,0.0
2020-12-21,44.25,45.8,44.19,45.01,1194210,0.0
2020-12-22,45.4,48.29,45.07,46.65,1631639,0.0
2020-12-23,46.74,47.22,45.64,46.25,938414,0.0
2020-12-24,46.16,47.95,45.65,46.13,420310,0.0
2020-12-28,46.99,46.99,43.71,44.19,1214670,0.0
2020-12-29,44.42,45.25,42.59,43.31,1099541,0.0
2020-12-30,43.92,44.48,42.65,42.86,1015524,0.0
2020-12-31,42.91,42.99,41.5,41.7,1017444,0.0
2021-01-04,42.53,42.565,39.88,41.25,1273423,0.0
2021-01-05,41.23,41.99,40.85,41.45,632022,0.0
2021-01-06,40.8,42.31,39.42,39.88,1636679,0.0
2021-01-07,40.46,42.18,40.45,41.97,946426,0.0
2021-01-08,42.47,45.25,42.45,44.49,1698759,0.0
2021-01-11,43.4,44.61,42.87,44,1431061,0.0
2021-01-12,43.74,45.15,43.62,44.92,1067092,0.0
2021-01-13,45.2,46.26,44.98,45.49,1027856,0.0
2021-01-14,45.74,47.4316,45.56,47.03,869860,0.0
2021-01-15,47.18,48.55,45.47,45.53,705744,0.0
2021-01-19,46,49.66,46,48.19,1583460,0.0
2021-01-20,49.71,50.26,48.63,49.44,1121495,0.0
2021-01-21,49.91,50.12,47.69,48.42,730098,0.0
2021-01-22,47.91,48.99,47.76,48.9499,486457,0.0
2021-01-25,49.99,50.1,47.33,48.06,801312,0.0
2021-01-26,47.94,48.66,47.71,47.89,642454,0.0
2021-01-27,47,50.7199,45.2,48.36,1615318,0.0
2021-01-28,47.98,49.28,47.551,48.72,1116245,0.0
2021-01-29,48.54,51.08,47.3338,48.76,1683068,0.0
2021-02-01,49.6,51.07,49.21,50.62,783939,0.0
2021-02-02,51.81,53.83,51.24,53.08,1375914,0.0
2021-02-03,54,54.57,52.25,53.18,731597,0.0
2021-02-04,53.76,54.7,53.38,54.02,750667,0.0
2021-02-05,54.58,55.29,54.05,54.93,578948,0.0
2021-02-08,56.36,57.32,55.69,56.09,881520,0.0
2021-02-09,56.51,57.56,55.4,55.43,716224,0.0
2021-02-10,56.01,57.11,54.22,55.34,1073826,0.0
2021-02-11,56.59,57.36,55.405,56.11,683335,0.0
2021-02-12,55.68,56.64,54.87,56.62,838150,0.0
2021-02-16,57.55,58.36,55.3,55.42,782679,0.0
2021-02-17,54.28,55.38,52.4,53.66,1124029,0.0
2021-02-18,52.5,52.715,51.01,51.66,1517535,0.0
2021-02-19,52.18,53.92,51.62,52.03,1445733,0.0
2021-02-22,51,52.08,47.9,48.5,1081267,0.0
2021-02-23,45.33,48.07,41.8652,47.99,2205319,0.0
2021-02-24,47.86,47.95,45.27,47.8,1275396,0.0
2021-02-25,47.44,48.74,43.06,44.08,1693647,0.0
2021-02-26,44.54,46.47,43.13,44.63,1250673,0.0
2021-03-01,45.61,47.75,45.38,47.13,895396,0.0
2021-03-02,47.52,47.99,46.2101,46.63,1027742,0.0
2021-03-03,46.45,47.08,41.19,41.82,1986911,0.0
2021-03-04,41.26,42.29,36.39,38.18,2542105,0.0
2021-03-05,38.36,38.36,33.67,37.6,2920019,0.0
2021-03-08,37.47,38.34,33.68,34.06,2310418,0.0
2021-03-09,36,38.02,36,37.36,1975362,0.0
2021-03-10,38.72,39.45,36.88,37.84,1856794,0.0
2021-03-11,39.93,41.94,39.28,41.61,2104769,0.0
2021-03-12,40.73,42.41,39.85,42.23,1583809,0.0
2021-03-15,42.85,43.17,41.77,42.3,916167,0.0
2021-03-16,42.99,43.77,40.13,40.97,1328499,0.0
2021-03-17,39.45,41.89,38.52,40.8888,1367551,0.0
2021-03-18,37.5,39.31,36.75,37.56,3756422,0.0
2021-03-19,38.04,41.59,37.68,41.17,2028336,0.0
2021-03-22,41.57,42.89,40.88,42.19,1096396,0.0
2021-03-23,42.01,42.675,40.9121,41.62,855363,0.0
2021-03-24,41.87,42,38.3,38.54,1026561,0.0
2021-03-25,37.36,39.57,36.72,39.19,1306109,0.0
2021-03-26,39.25,40.32,37.08,38.48,1231106,0.0
2021-03-29,39.5,39.5099,36.13,37.13,1477268,0.0
2021-03-30,36.53,38.53,35.31,37.77,1243075,0.0
2021-03-31,38.88,41.31,38.8,40.22,1422103,0.0
2021-04-01,41.9,42.5,40.7,41.16,1236012,0.0
2021-04-05,41.63,42.42,40.65,41.5,929303,0.0
2021-04-06,41.23,42.95,40.85,42.22,1120905,0.0
2021-04-07,42.45,42.76,41.5817,42.1101,831604,0.0
2021-04-08,42.63,43.42,41.93,42.78,684400,0.0
2021-04-09,42.46,42.55,40.74,42.08,976579,0.0
2021-04-12,41.55,42.24,40.88,41.86,750113,0.0
2021-04-13,42.21,43.43,41.99,43.07,1252476,0.0
2021-04-14,43.42,44.97,41.62,42.03,1155033,0.0
2021-04-15,42.85,44.1,41.91,43.57,870113,0.0
2021-04-16,43.51,43.51,41.32,42.3,746674,0.0
2021-04-19,41.43,42.839,40.01,40.74,828187,0.0
2021-04-20,40.61,41.54,38.93,39.43,717950,0.0
2021-04-21,38.98,40.68,38.56,40.6,536122,0.0
2021-04-22,40.84,42.26,40.41,41.07,684197,0.0
2021-04-23,41.46,42.36,41.18,42.24,443788,0.0
2021-04-26,42.5,45.55,42.5,45.01,1113178,0.0
2021-04-27,45.1,45.64,43.4,44.81,623040,0.0
2021-04-28,44.31,44.95,43.51,44.62,482468,0.0
2021-04-29,45.01,45.05,42.0906,43.02,858249,0.0
2021-04-30,42.46,43.81,42.13,42.43,973782,0.0
2021-05-03,42.44,42.44,39.84,40.3,853223,0.0
2021-05-04,39.46,39.555,37.8,39.39,964156,0.0
2021-05-05,40.23,40.41,38.44,39.02,721755,0.0
2021-05-06,38.33,38.69,36.07,37.52,1660492,0.0
2021-05-07,38.9,40.39,37.39,37.49,950655,0.0
2021-05-10,36.77,37.03,35.18,35.63,1065821,0.0
2021-05-11,33.75,36.88,33.15,36.33,1434070,0.0
2021-05-12,35.31,35.85,33.695,34.3,1325926,0.0
2021-05-13,34.99,36.58,33.16,33.7,1279971,0.0
2021-05-14,34.32,35.82,33.7003,34.88,1770349,0.0
2021-05-17,34.38,34.56,32.91,34.32,994644,0.0
2021-05-18,34.67,36.6,33.93,35.51,870145,0.0
2021-05-19,34.07,35.89,33.57,35.52,999985,0.0
2021-05-20,36.06,37.39,35.775,36.37,1026289,0.0
2021-05-21,37.05,37.35,36.1,36.35,758325,0.0
2021-05-24,36.62,37.53,36.1698,37,785395,0.0
2021-05-25,37.52,39.0593,37.26,38.7,1409379,0.0
2021-05-26,39.07,41.0488,38.89,40.85,1334879,0.0
2021-05-27,40.5,41.75,39.34,41.125,1130945,0.0
2021-05-28,41.52,42.37,40.47,40.65,770888,0.0
2021-06-01,40.65,41.29,38.67,40.39,1015498,0.0
2021-06-02,40.29,42.29,39.86,42.04,961819,0.0
2021-06-03,41.29,41.69,39.98,40.56,1253917,0.0
2021-06-04,38.53,39.82,34.93,35.35,5607599,0.0
2021-06-07,35.32,37.11,34.98,37.01,2041641,0.0
2021-06-08,37.73,39.35,37.64,38.92,1545717,0.0
2021-06-09,39.24,40.08,38.86,38.89,975738,0.0
2021-06-10,38.73,40.3525,38.34,39.87,1121399,0.0
2021-06-11,39.82,40.49,39.36,40.47,690503,0.0
2021-06-14,40.82,41.3438,40.06,40.95,773757,0.0
2021-06-15,40.83,41.4963,40.23,40.61,786127,0.0
2021-06-16,40.65,41.58,39.418,40.46,1905014,0.0
2021-06-17,40.15,42.8,39.87,42.2,2157090,0.0
2021-06-18,42.46,44.08,42.05,43.72,1430256,0.0
2021-06-21,43.56,44.16,42.06,43.73,996140,0.0
2021-06-22,43.46,45.07,43.16,44.9,985534,0.0
2021-06-23,44.9,46.08,44.81,45.61,737219,0.0
2021-06-24,45.87,46.47,44.25,44.8,1391806,0.0
2021-06-25,45,46.16,44.58,45.11,1577742,0.0
2021-06-28,45.2,46.01,44.37,45.57,1100724,0.0
2021-06-29,45.85,45.98,44.45,44.6,852873,0.0
2021-06-30,44.38,44.6,42.56,42.59,1291195,0.0
2021-07-01,42.46,43.64,41.96,42.39,1051385,0.0
2021-07-02,42.82,43.46,42.02,42.21,1303984,0.0
2021-07-06,42.07,43.03,41.68,42,1277230,0.0
2021-07-07,42.2,42.45,40.45,41.36,955463,0.0
2021-07-08,40.23,43.03,39.58,42.79,996933,0.0
2021-07-09,42.47,43.94,41.62,43.8,1067319,0.0
2021-07-12,44.19,44.7,41.98,42.06,968510,0.0
2021-07-13,41.65,42.25,40.71,40.82,705593,0.0
2021-07-14,40.94,41.3529,39.23,39.51,863323,0.0
2021-07-15,39.56,40.1299,37.64,38.08,1030126,0.0
2021-07-16,38.56,39.14,38.14,38.46,704635,0.0
2021-07-19,37.49,39.17,36.86,39,922845,0.0
2021-07-20,39.39,40.75,38.91,40.2,935726,0.0
2021-07-21,40.14,41.57,39.3,41.41,866355,0.0
2021-07-22,41.46,42.17,41.015,41.44,589064,0.0
2021-07-23,41.5,41.69,40.85,41.43,552981,0.0
2021-07-26,41.74,41.79,40.9101,41.34,378350,0.0
2021-07-27,41.01,41.33,39.445,40.42,965036,0.0
2021-07-28,40.56,41.69,40.56,40.99,845333,0.0
2021-07-29,41.13,41.49,40.77,41.06,656234,0.0
2021-07-30,40.68,41.77,40.1701,40.61,602741,0.0
2021-08-02,40.66,42.48,39.74,41.94,906423,0.0
2021-08-03,42.07,42.48,40.5201,41.63,539932,0.0
2021-08-04,41.76,42.98,41.76,42.38,548952,0.0
2021-08-05,42.39,43.7,42.27,43.47,449668,0.0
2021-08-06,43.07,43.5623,41.75,42.45,424938,0.0
2021-08-09,42.3,43.03,41.55,42.24,359880,0.0
2021-08-10,42.5,42.5653,40.325,40.65,600987,0.0
2021-08-11,40.67,41.62,39.95,40.81,574083,0.0
2021-08-12,40.56,41.19,40.01,40.54,412204,0.0
2021-08-13,40.48,40.67,39.97,40.45,443718,0.0
2021-08-16,40.09,40.5,38.62,39.23,802121,0.0
2021-08-17,38.72,39.145,37.52,38.18,1145360,0.0
2021-08-18,38.28,39.37,37.62,38.78,575767,0.0
2021-08-19,38.48,39.62,38.27,38.49,451955,0.0
2021-08-20,38.59,39.15,38.47,38.62,541515,0.0
2021-08-23,38.88,40.32,38.735,39.99,516348,0.0
2021-08-24,40.36,41.56,40.185,41.51,493527,0.0
2021-08-25,41.61,41.98,40.69,40.94,363577,0.0
2021-08-26,41.04,41.19,39.49,40.33,530562,0.0
2021-08-27,40.71,42.45,40.36,41.88,807368,0.0
2021-08-30,42,42.9,41.5619,42.66,691101,0.0
2021-08-31,42.84,43.1,42.15,42.8,612785,0.0
2021-09-01,43.4,44.375,43.26,43.8,992295,0.0
2021-09-02,43.95,44.72,43.74,44.24,1527239,0.0
2021-09-03,49.875,50.33,47.35,47.37,5100068,0.0
2021-09-07,47.63,48.41,46.6,47.055,2535731,0.0
2021-09-08,46.42,47.14,45.77,46.08,1718298,0.0
2021-09-09,45.61,46.34,45.2,45.23,1650308,0.0
2021-09-10,45.21,45.5099,43.91,44.05,1344748,0.0
2021-09-13,44.45,44.59,42.485,44.33,1395574,0.0
2021-09-14,44.59,46.02,44.45,44.91,1693255,0.0
2021-09-15,44.82,45.64,43.772,44.77,3773582,0.0
2021-09-16,45.03,46.92,44.56,46.63,1983882,0.0
2021-09-17,47.01,47.5,45.98,47.48,1473091,0.0
2021-09-20,46,46.93,45.26,46.07,986814,0.0
2021-09-21,46.6,46.92,45.61,46.35,895477,0.0
2021-09-22,46.4,47.03,45.95,46.49,1029270,0.0
2021-09-23,46.76,47.07,45.5301,46.85,1300134,0.0
2021-09-24,46.54,47.8165,45.52,46.43,764614,0.0
2021-09-27,46.08,46.3399,44.34,45.24,869101,0.0
2021-09-28,44.17,44.3,42.58,43.04,1938449,0.0
2021-09-29,43.5,43.8,42.12,42.55,979692,0.0
2021-09-30,42.72,43.765,41.37,41.4,1862458,0.0
2021-10-01,41.47,42.46,40.7,42.29,747082,0.0
2021-10-04,41.97,41.97,38.8701,39.58,1693104,0.0
2021-10-05,39.94,41.01,39.63,40.15,776218,0.0
2021-10-06,39.6,40.87,39.41,40.32,774892,0.0
2021-10-07,41.08,41.75,40.71,40.88,589633,0.0
2021-10-08,41,41.4,39.46,39.47,718495,0.0
2021-10-11,39.1,39.86,38.76,39.35,597876,0.0
2021-10-12,39.52,40.73,39.25,40.13,670510,0.0
2021-10-13,40.51,41.59,40.486,41.27,682946,0.0
2021-10-14,41.54,42.68,41.5,41.93,761350,0.0
2021-10-15,42.64,42.67,41.19,41.33,427123,0.0
2021-10-18,41.19,41.645,40.985,41.47,450606,0.0
2021-10-19,41.86,43.03,41.75,42.32,844231,0.0
2021-10-20,42.67,42.67,41.29,42.2,367533,0.0
2021-10-21,42.21,43.17,42.025,42.66,466514,0.0
2021-10-22,42.36,42.55,41.41,41.98,707969,0.0
2021-10-25,41.89,43.85,41.79,43.32,1031699,0.0
2021-10-26,43.91,44.22,42.64,42.93,683012,0.0
2021-10-27,42.94,43.5539,40.63,41.48,980428,0.0
2021-10-28,41.62,42.74,41.35,42.12,416339,0.0
2021-10-29,41.91,42.36,41.39,41.75,351737,0.0
2021-11-01,41.66,42.75,41.48,42.23,448011,0.0
2021-11-02,42.26,42.26,40.48,41.18,519657,0.0
2021-11-03,41.01,43.47,40.8,43.23,784303,0.0
2021-11-04,42.84,44.42,42.8178,43.36,571206,0.0
2021-11-05,43.69,44.925,42.75,43.51,617081,0.0
2021-11-08,43.95,44.4664,41.91,43.2,469200,0.0
2021-11-09,43.45,44.25,43.01,43.21,639763,0.0
2021-11-10,42.77,43.13,41.4,41.86,857028,0.0
2021-11-11,42.12,42.37,41.62,41.7,411319,0.0
2021-11-12,41.7,42.25,41.5,42.13,323182,0.0
2021-11-15,42.13,42.13,40.66,41.67,507133,0.0
2021-11-16,41.8,42.29,41.374,41.95,378685,0.0
2021-11-17,41.92,42,40.7,41.16,462729,0.0
2021-11-18,41.34,41.77,39.85,40.39,855459,0.0
2021-11-19,40.38,40.7,38.985,39.01,1009230,0.0
2021-11-22,38.85,39.05,36.675,36.74,1477817,0.0
2021-11-23,36.73,36.77,34.94,36.03,1070123,0.0
2021-11-24,35.6,37.405,35.04,37.14,876948,0.0
2021-11-26,36.62,37.65,36.45,37.07,571460,0.0
2021-11-29,37.355,37.82,36.56,37.25,705684,0.0
2021-11-30,37.19,37.68,34.76,35.38,1498368,0.0
2021-12-01,35.93,36.055,32.1,32.13,1736930,0.0
2021-12-02,32.01,33.84,31.77,32.68,1325937,0.0
2021-12-03,32.78,33.02,30.32,30.99,2091782,0.0
2021-12-06,30.1,31.74,29.145,31.68,1694001,0.0
2021-12-07,33.58,34.29,32.96,33.5,1800495,0.0
2021-12-08,36.62,37.79,33.87,37.27,5358557,0.0
2021-12-09,37.26,38.309,35.02,35.3,2451665,0.0
2021-12-10,35.58,36.77,34.12,34.48,1393186,0.0
2021-12-13,34.3,35.67,33.0101,34,729488,0.0
2021-12-14,33.02,33.38,31.45,32.37,1735438,0.0
2021-12-15,32.03,34.67,31.77,34.63,1824403,0.0
2021-12-16,34.91,35.2,32.32,32.94,1612312,0.0
2021-12-17,32.26,34.8492,31.73,34.43,1568498,0.0
2021-12-20,33.79,35.3862,33.02,34.84,910590,0.0
2021-12-21,35.15,37.23,35.13,36.86,1420048,0.0
2021-12-22,36.89,37.5,36.25,36.69,1166726,0.0
2021-12-23,36.9,37.17,35.8261,36.15,596575,0.0
2021-12-27,36,36.54,35.45,35.81,536834,0.0
2021-12-28,36.02,36.115,34.84,35.06,707741,0.0
2021-12-29,35,35.31,34.35,35.06,640964,0.0
2021-12-30,35,36.84,34.84,36.12,764532,0.0
2021-12-31,36.03,36.66,34.73,34.74,586020,0.0
2022-01-03,34.96,35.84,34.05,35.06,734595,0.0
2022-01-04,34.97,35.265,31.65,32.94,1616245,0.0
2022-01-05,32.39,33.3599,31,31.13,1253545,0.0
2022-01-06,30.71,32.68,30.34,31.64,1163610,0.0
2022-01-07,31.31,33.16,30.78,31.91,1474195,0.0
2022-01-10,30.74,32.2,29.81,32.19,1411778,0.0
2022-01-11,32.39,33.82,32.0154,33.25,860180,0.0
2022-01-12,34.07,34.75,32.02,32.37,851716,0.0
2022-01-13,32.49,32.51,30.245,30.64,1011770,0.0
2022-01-14,30.45,31.57,29.98,31,989700,0.0
2022-01-18,30.51,31.36,29.3,29.71,1008986,0.0
2022-01-19,29.75,31.07,29,29.53,1507982,0.0
2022-01-20,30.23,32.21,29.9,30.02,1273003,0.0
2022-01-21,30,31.62,29.69,30.14,2379110,0.0
2022-01-24,29.37,32.8,28.76,32.6,3030158,0.0
2022-01-25,31.855,31.97,29.8,30.73,1766515,0.0
2022-01-26,31.97,32.44,29.74,30.01,1765661,0.0
2022-01-27,30.53,31.585,29.82,30.31,1523926,0.0
2022-01-28,29.98,32.71,29.61,32.14,1778667,0.0
2022-01-31,32.33,33.51,31.8839,33.02,2193807,0.0
2022-02-01,33.62,33.62,31.93,33.27,1391144,0.0
2022-02-02,33.65,33.98,31.44,32.03,1247265,0.0
2022-02-03,30.87,31.98,30.5,30.95,1257633,0.0
2022-02-04,31.22,32.4,30.19,31.75,1333191,0.0
2022-02-07,31.65,34.1,31.65,32.46,923158,0.0
2022-02-08,31.82,33.51,31.82,33.37,820927,0.0
2022-02-09,33.51,34.24,33.27,33.77,1033988,0.0
2022-02-10,32.69,35.07,32.3,33.77,1277079,0.0
2022-02-11,34.06,35.42,33.28,33.62,1150467,0.0
