Date,Open,High,Low,Close,volume,trade_count,vwap
2020-12-31,22.84,22.95,22.5,22.61,2198131,18331,22.712902
2021-01-04,22.82,24.07,22.3,22.94,8949899,62284,23.201071
2021-01-05,22.85,23.45,22.78,23.36,3412831,27563,23.272679
2021-01-06,23.33,23.79,22.8,22.9,6806849,46518,23.204124
2021-01-07,23.34,23.735,23.14,23.65,3334464,28293,23.545308
2021-01-08,23.8,24.37,23.56,23.73,5624092,40223,23.860499
2021-01-11,23.29,23.975,23.05,23.53,3415998,27568,23.608425
2021-01-12,23.6,23.79,23.27,23.42,2542464,21353,23.487673
2021-01-13,23.33,23.59,23.135,23.28,2780049,19790,23.348591
2021-01-14,23.41,24.03,23.26,23.35,3616639,27329,23.555962
2021-01-15,23.34,23.595,22.81,22.86,2884986,24512,23.083674
2021-01-19,23.0,23.25,22.52,22.64,3299719,25895,22.693813
2021-01-20,22.92,23.2382,22.74,22.87,2878958,23432,22.952843
2021-01-21,23.15,23.37,22.68,23.21,2248493,20674,23.123752
2021-01-22,22.93,23.15,22.74,22.98,2041026,17335,22.944448
2021-01-25,23.04,23.49,22.285,23.24,4261772,33852,23.157533
2021-01-26,23.39,23.47,22.5,22.51,2770532,21716,22.7877
2021-01-27,22.0,23.1,21.36,22.8,5129734,42572,22.528849
2021-01-28,22.92,24.07,22.86,23.68,4369285,38684,23.54264
2021-01-29,23.73,23.86,22.73,23.13,3776793,34920,23.269353
2021-02-01,23.32,23.9,22.97,23.64,3637069,34929,23.517884
2021-02-02,24.0,25.0273,23.938,24.82,4644736,38568,24.691346
2021-02-03,25.28,28.35,24.89,26.61,16491760,106633,26.573045
2021-02-04,27.46,27.88,26.77,26.9,8506091,64147,27.167375
2021-02-05,27.03,27.3682,26.81,27.05,6612453,48650,27.057459
2021-02-08,27.45,27.885,27.18,27.61,5596402,47525,27.600907
2021-02-09,27.7,28.25,27.47,27.85,3755689,33795,27.899406
2021-02-10,28.32,28.73,27.51,27.7,4510666,33737,27.93681
2021-02-11,28.22,28.87,27.71,28.81,5035099,39504,28.48103
2021-02-12,28.6,29.365,28.32,28.9,3047513,27214,28.970124
2021-02-16,29.38,29.53,28.08,28.1,4083664,36517,28.535693
2021-02-17,27.8,27.93,27.065,27.66,5323126,43241,27.590643
2021-02-18,26.8,27.47,26.73,27.11,4257188,40260,27.182891
2021-02-19,27.65,27.65,27.1,27.28,6274041,38468,27.292567
2021-02-22,26.94,27.3,26.185,26.31,3711771,35744,26.564755
2021-02-23,25.13,25.7,23.23,25.57,6093600,62476,24.892664
2021-02-24,25.42,26.045,25.09,25.76,4958229,46414,25.713963
2021-02-25,25.6,26.25,23.63,23.72,9406690,69497,24.634654
2021-02-26,23.85,24.43,22.52,23.38,7559139,68725,23.319737
2021-03-01,23.9,24.74,23.87,24.49,7196275,49271,24.409134
2021-03-02,24.57,24.72,23.18,23.19,5279347,46940,23.707932
2021-03-03,23.3,23.53,21.74,21.89,8548523,62706,22.188591
2021-03-04,21.6,21.85,19.81,20.2,9570434,85192,20.520638
2021-03-05,20.43,20.78,18.5201,20.67,11463643,93718,19.838292
2021-03-08,20.73,20.81,19.22,19.37,7042528,64153,19.851352
2021-03-09,21.32,21.8,20.78,21.36,8369227,60380,21.367703
2021-03-10,21.71,22.24,21.23,21.28,6379866,55539,21.551738
2021-03-11,22.06,22.88,22.0,22.74,7382352,53197,22.66564
2021-03-12,22.27,22.59,21.84,22.4,3928543,34161,22.268951
2021-03-15,23.1,24.218,22.85,24.19,5663259,46840,23.823334
2021-03-16,24.33,24.6,23.35,23.63,4987959,38429,23.863491
2021-03-17,23.09,24.225,22.73,23.89,4555520,39872,23.548774
2021-03-18,23.21,23.54,22.19,22.32,5347365,43180,22.708192
2021-03-19,22.41,22.675,21.805,22.3,6950974,41084,22.32722
2021-03-22,22.71,23.355,22.36,23.07,4654002,36769,23.045311
2021-03-23,23.13,23.13,21.79,22.01,6517154,49931,22.181486
2021-03-24,22.23,22.32,20.84,20.89,5355708,51350,21.289653
2021-03-25,20.42,21.3,20.12,21.15,7705894,58484,20.83698
2021-03-26,21.25,21.765,20.93,21.64,6174894,40704,21.389873
2021-03-29,21.64,21.73,20.75,20.86,4431709,43169,21.10494
2021-03-30,20.61,21.04,20.12,20.9,5998604,45185,20.597502
2021-03-31,21.26,21.86,21.18,21.54,4225201,35194,21.601332
2021-04-01,22.11,22.42,21.76,21.97,3495729,30426,22.027382
2021-04-05,22.42,22.63,21.7,21.98,2426632,23350,21.976427
2021-04-06,21.82,22.29,21.665,22.1,3411604,23879,22.049984
2021-04-07,22.0,22.1,21.485,21.63,2490570,20925,21.704245
2021-04-08,21.98,21.99,21.275,21.65,2949009,22695,21.537786
2021-04-09,21.431,21.655,21.17,21.64,2338283,19610,21.472208
2021-04-12,21.44,21.95,21.105,21.94,4663831,33214,21.639587
2021-04-13,22.1611,22.19,21.5,21.73,4077651,34612,21.748905
2021-04-14,21.9,22.59,21.66,21.69,3285892,27958,22.029322
2021-04-15,22.02,22.12,21.53,21.6,2396258,20658,21.757763
2021-04-16,21.56,21.67,21.29,21.55,2236666,16676,21.519893
2021-04-19,21.38,21.46,20.65,20.78,3480962,28517,20.836087
2021-04-20,20.57,20.98,20.095,20.25,4198072,28683,20.337513
2021-04-21,20.3485,20.77,19.97,20.7,2639899,23574,20.552765
2021-04-22,20.81,21.1,20.35,20.52,2166190,19677,20.692207
2021-04-23,20.72,20.98,20.58,20.91,2316337,20232,20.811776
2021-04-26,21.01,21.48,20.96,21.36,3078606,23941,21.28476
2021-04-27,21.52,21.5584,21.01,21.1,1808697,16725,21.157493
2021-04-28,20.95,21.0,20.69,20.83,1873544,17082,20.84825
2021-04-29,21.04,21.105,20.33,20.52,2354258,20921,20.595582
2021-04-30,20.27,20.53,19.98,20.22,2539172,20919,20.201873
2021-05-03,20.3,20.37,19.53,19.59,2864115,24256,19.727824
2021-05-04,19.4,19.43,18.6815,18.9,4324937,31293,18.904598
2021-05-05,19.09,19.2,18.21,18.55,5156870,35446,18.574053
2021-05-06,18.55,18.65,17.955,18.27,6607382,41569,18.312171
2021-05-07,18.6,18.93,18.505,18.62,5165573,36639,18.706571
2021-05-10,18.45,18.49,17.69,17.87,5037109,39200,17.983632
2021-05-11,17.02,18.18,16.95,17.85,6306404,47200,17.758994
2021-05-12,17.4,17.77,16.79,17.03,6842907,51343,17.130653
2021-05-13,17.38,17.7504,16.83,17.18,7988446,52680,17.199264
2021-05-14,17.38,18.05,17.3,18.03,4848131,33115,17.806639
2021-05-17,17.93,18.13,17.61,18.04,3310174,29978,17.93432
2021-05-18,18.16,18.5,17.92,18.04,3243919,27176,18.263036
2021-05-19,17.61,18.195,17.5,17.86,6537476,41864,17.866957
2021-05-20,18.04,18.36,17.94,18.35,5040889,29647,18.199807
2021-05-21,18.83,19.08,18.63,18.71,5363969,34960,18.822211
2021-05-24,18.85,19.38,18.72,18.95,6183462,38509,19.157892
2021-05-25,19.08,19.2,18.77,18.87,3024611,25799,18.918121
2021-05-26,18.93,19.335,18.93,19.2,5156497,34595,19.18388
2021-05-27,19.15,19.525,18.57,19.09,8439050,47314,19.146844
2021-05-28,19.17,19.35,18.88,19.05,4459800,30406,19.077462
2021-06-01,19.12,19.27,18.64,18.75,5140348,33262,18.864771
2021-06-02,18.77,19.35,18.685,19.2,5504564,33639,19.089324
2021-06-03,19.03,19.175,18.52,18.57,4138576,28854,18.723828
2021-06-04,18.56,18.89,18.49,18.68,2678783,21007,18.731581
2021-06-07,18.78,18.905,18.56,18.87,2238919,19795,18.812051
2021-06-08,19.0,19.14,18.62,19.1,2749719,23549,19.00908
2021-06-09,19.25,19.388,18.835,18.93,1800440,15249,19.021569
2021-06-10,18.89,19.28,18.855,19.13,2330044,20132,19.120102
2021-06-11,19.2,19.26,18.91,19.07,2923978,24754,19.039045
2021-06-14,19.17,19.84,19.17,19.55,4279932,32172,19.626548
2021-06-15,19.4,19.74,19.19,19.25,2992315,23576,19.329356
2021-06-16,19.3,19.625,18.985,19.25,3375313,28699,19.31612
2021-06-17,19.07,19.695,19.07,19.36,4053576,30236,19.409293
2021-06-18,19.2,19.3,18.74,18.91,6248189,27636,18.939112
2021-06-21,18.82,19.435,18.52,19.4,3129574,24158,19.218601
2021-06-22,19.34,19.6,18.86,19.31,7159262,38130,19.206136
2021-06-23,19.29,19.845,19.19,19.73,3393147,24394,19.687592
2021-06-24,19.97,19.98,19.49,19.62,2670329,22315,19.69215
2021-06-25,19.7,20.01,19.565,20.0,6773895,22890,19.943026
2021-06-28,20.14,20.328,19.82,19.91,2789130,23372,19.964147
2021-06-29,19.92,20.19,19.81,20.01,1980069,16273,20.001829
2021-06-30,19.98,20.04,19.48,19.53,4204471,28215,19.689506
2021-07-01,19.56,19.635,19.12,19.31,3021514,22516,19.342395
2021-07-02,19.5,19.595,19.23,19.45,1907984,16614,19.416715
2021-07-06,19.48,19.58,19.22,19.49,3499698,17840,19.459149
2021-07-07,19.64,19.71,18.9,19.09,3348595,24016,19.156186
2021-07-08,18.62,19.085,18.275,18.84,2289578,18143,18.761587
2021-07-09,18.86,19.265,18.785,19.22,2635897,23957,19.117678
2021-07-12,19.2,19.31,18.79,18.89,3105377,18026,18.920938
2021-07-13,18.68,18.98,18.545,18.58,3151840,23515,18.724195
2021-07-14,18.72,18.8291,18.18,18.19,4605807,25719,18.399704
2021-07-15,18.12,18.49,17.62,18.03,7238573,40078,17.950575
2021-07-16,18.15,18.24,17.83,17.93,6673623,31350,17.978145
2021-07-19,17.53,18.28,17.4,18.24,7618708,39085,18.057425
2021-07-20,18.39,19.91,18.315,19.8,12686640,54733,19.514731
2021-07-21,19.74,20.4,19.43,20.19,6493687,37150,20.115724
2021-07-22,20.2,20.41,19.71,19.79,7003888,32555,20.059841
2021-07-23,19.89,19.91,19.62,19.68,1963311,16419,19.742311
2021-07-26,19.72,20.05,19.565,19.65,5358856,25381,19.751418
2021-07-27,19.5,19.61,18.9,19.2,6285140,29872,19.114575
2021-07-28,19.29,19.54,19.08,19.42,6866138,37950,19.338436
2021-07-29,19.5,19.83,19.41,19.71,4070761,22133,19.660678
2021-07-30,19.5,19.635,19.33,19.52,4069010,27360,19.496663
2021-08-02,19.65,20.17,19.55,20.04,4947122,27301,19.969804
2021-08-03,20.17,20.33,19.73,20.32,3172553,24043,20.139877
2021-08-04,20.27,20.44,20.11,20.3,2972600,18980,20.252249
2021-08-05,20.38,20.73,20.28,20.73,2522523,22036,20.620716
2021-08-06,20.65,20.73,20.1,20.11,3142277,24384,20.357995
2021-08-09,20.09,20.28,19.74,20.04,3467906,21708,20.090623
2021-08-10,20.19,20.255,19.435,19.48,3761069,27407,19.694028
2021-08-11,19.55,20.015,19.445,19.98,4707038,27441,19.794638
2021-08-12,19.95,20.35,19.89,20.34,1679761,13586,20.187052
2021-08-13,20.33,20.34,19.86,19.93,1524182,12158,20.043185
2021-08-16,19.84,19.87,19.495,19.53,2129249,16538,19.621896
2021-08-17,19.34,19.36,19.07,19.28,2790276,21739,19.234313
2021-08-18,19.28,19.605,19.1152,19.22,1594559,13880,19.380035
2021-08-19,19.0,19.34,18.75,19.14,2374150,21363,19.125723
2021-08-20,19.29,19.62,19.18,19.61,2973182,18801,19.460935
2021-08-23,19.83,20.43,19.81,20.4,3414783,22865,20.270183
2021-08-24,20.4,20.75,20.29,20.69,2649406,17795,20.616076
2021-08-25,20.68,21.09,20.55,20.95,4245464,27493,21.265374
2021-08-26,23.73,24.99,23.29,23.84,18287345,85783,24.098094
2021-08-27,23.71,24.24,23.64,24.06,8558677,52291,24.02335
2021-08-30,24.09,25.68,24.0,25.56,10280896,64383,25.296695
2021-08-31,25.56,26.095,25.42,25.83,5523174,36809,25.704683
2021-09-01,25.86,26.02,25.64,25.97,4483478,28623,25.904338
2021-09-02,26.17,26.44,25.89,26.1,3057830,26682,26.160817
2021-09-03,26.1,26.61,26.02,26.48,4037471,20105,26.414129
2021-09-07,26.49,26.55,26.0,26.1,2521921,20595,26.147245
2021-09-08,26.4,26.42,25.49,25.86,3397028,24150,25.834257
2021-09-09,25.94,26.51,25.86,26.31,2903813,20811,26.264073
2021-09-10,26.49,26.945,26.3,26.41,3082217,21331,26.617254
2021-09-13,26.68,26.8,26.13,26.35,3380978,27418,26.441723
2021-09-14,26.49,26.74,26.28,26.48,2101640,17673,26.497846
2021-09-15,26.48,26.76,26.26,26.75,2137210,15875,26.564306
2021-09-16,26.62,26.905,26.58,26.69,1648696,15300,26.73449
2021-09-17,26.22,26.5,25.8075,26.27,8390287,34269,26.226606
2021-09-20,25.59,25.9,25.1,25.88,3513681,25655,25.696392
2021-09-21,26.13,26.13,25.51,25.68,4560471,29101,25.700051
2021-09-22,25.77,26.595,25.66,26.39,3948370,30705,26.287243
2021-09-23,26.59,27.48,26.51,27.04,4773519,30422,27.127309
2021-09-24,26.92,27.375,26.76,27.11,2866421,21995,27.146767
2021-09-27,26.91,27.31,26.59,27.1,4248728,29335,27.040397
2021-09-28,26.79,26.855,25.82,26.13,3595863,35862,26.222602
2021-09-29,26.91,26.93,25.12,25.28,4475031,37386,25.595445
2021-09-30,25.5,25.725,25.14,25.16,2716828,23712,25.348399
2021-10-01,25.18,25.84,25.18,25.71,2498972,21161,25.563253
2021-10-04,25.61,25.61,24.63,24.87,3391007,26427,24.903311
2021-10-05,25.09,25.79,24.97,25.68,6961527,33028,25.662468
2021-10-06,25.33,25.85,25.12,25.72,3334157,26206,25.608603
2021-10-07,25.86,26.2,25.59,25.68,4301747,21773,25.789344
2021-10-08,25.76,25.84,25.39,25.39,2454100,21480,25.565747
2021-10-11,25.26,25.64,25.18,25.25,1581879,15352,25.37948
2021-10-12,25.28,25.49,25.07,25.18,1997760,18492,25.249389
2021-10-13,25.35,25.695,25.335,25.5,2277658,15517,25.535359
2021-10-14,25.91,26.47,25.91,26.21,2975174,20124,26.217136
2021-10-15,26.32,26.54,26.22,26.22,2014410,17014,26.360872
2021-10-18,26.13,26.2,25.91,25.94,2084551,18144,26.034322
2021-10-19,26.08,26.34,25.39,26.1,6652843,35628,26.063885
2021-10-20,26.23,26.41,25.87,25.89,2922422,21647,26.078416
2021-10-21,25.81,26.33,25.78,26.26,2082440,18900,26.130798
2021-10-22,26.26,27.18,26.26,26.43,3528844,24253,26.743233
2021-10-25,26.44,26.6083,26.275,26.36,1603414,12392,26.40399
2021-10-26,26.51,26.845,26.25,26.74,3056558,21322,26.603908
2021-10-27,26.77,27.16,26.42,26.45,1724133,16950,26.610623
2021-10-28,26.63,27.245,26.46,26.87,1954367,15904,26.929619
2021-10-29,26.6,27.07,26.59,26.86,1691915,13901,26.857879
2021-11-01,26.85,27.79,26.85,27.15,2763507,24142,27.229069
2021-11-02,27.14,27.19,26.53,27.11,2347049,20522,26.931243
2021-11-03,26.9,28.02,26.59,27.97,5444536,36338,27.68595
2021-11-04,28.12,28.19,27.21,27.41,2279431,22566,27.482207
2021-11-05,27.7,27.79,27.25,27.7,2639067,25907,27.498373
2021-11-08,27.85,28.765,27.85,28.57,4607090,23170,28.498206
2021-11-09,28.87,29.245,28.6,28.86,3797094,25720,28.866084
2021-11-10,28.61,28.94,27.99,28.35,2670780,22460,28.486081
2021-11-11,28.56,28.77,28.305,28.39,1644467,16470,28.479948
2021-11-12,28.48,28.64,27.985,28.2,5057587,26428,28.19835
2021-11-15,28.47,28.62,27.66,28.07,2942602,21152,28.12448
2021-11-16,27.96,28.25,27.71,28.13,1971163,17575,28.068069
2021-11-17,28.25,28.565,27.62,27.71,3563674,22543,27.896195
2021-11-18,27.82,28.27,27.73,28.19,2831708,23817,28.079122
2021-11-19,28.12,28.31,27.585,27.69,2772407,24379,27.797768
2021-11-22,27.83,28.06,27.0338,27.48,4266557,26430,27.536832
2021-11-23,27.3,27.755,26.82,27.28,3720604,30399,27.482284
2021-11-24,29.0,31.88,28.78,30.95,14656708,88982,30.575292
2021-11-26,30.49,31.8489,29.78,29.87,4386503,35699,30.33272
2021-11-29,30.32,32.24,30.03,32.08,10387297,61245,31.780546
2021-11-30,31.69,32.5582,30.32,30.97,8470896,50764,31.044164
2021-12-01,31.55,31.97,30.62,30.63,6586964,49219,31.231893
2021-12-02,30.44,31.78,30.1,31.6,4149838,32334,31.394402
2021-12-03,31.93,32.55,31.0302,31.6,3130498,28839,31.539941
2021-12-06,31.42,32.03,30.5514,31.55,4079157,29732,31.471045
2021-12-07,32.37,33.7,32.35,33.32,6164115,39609,33.243497
2021-12-08,33.5,33.78,32.88,33.09,3818567,23064,33.260026
2021-12-09,33.1,33.55,32.43,32.44,2713564,21148,32.736076
2021-12-10,32.83,33.14,32.14,32.46,3464164,23426,32.435261
2021-12-13,32.7,32.89,31.825,31.86,3288092,27665,32.106452
2021-12-14,31.29,31.885,30.93,31.65,2918939,24998,31.476645
2021-12-15,31.95,32.829,31.325,32.58,3975114,32157,32.096262
2021-12-16,32.69,33.1,31.55,31.84,3862156,29725,32.196736
2021-12-17,31.52,32.72,31.3,32.09,5810347,29081,32.100141
2021-12-20,31.5,31.84,30.95,31.68,2945562,24714,31.471102
2021-12-21,32.18,32.96,32.043,32.95,2751674,20633,32.560354
2021-12-22,32.79,33.05,31.81,32.96,3826585,33917,32.565478
2021-12-23,33.0,34.65,32.82,33.34,4941668,31821,33.814751
2021-12-27,33.33,34.31,33.33,34.16,2319511,17826,34.032538
2021-12-28,34.17,35.09,33.47,33.5,2897900,20940,33.968439
2021-12-29,33.55,33.79,33.3,33.44,1717261,14971,33.485791
2021-12-30,33.36,33.51,32.58,32.63,2389552,20442,33.003507
2021-12-31,33.15,33.26,32.52,32.55,1692365,14140,32.716702
2022-01-03,32.61,32.77,31.52,32.0,3516486,31290,31.982227
2022-01-04,32.13,32.438,31.1901,31.65,2672495,24695,31.638714
2022-01-05,31.42,32.0,30.745,30.78,3011065,26297,31.164155
2022-01-06,30.55,31.3,30.32,30.66,3580158,30749,30.883668
2022-01-07,30.7,30.94,29.68,29.83,2922805,23682,29.991179
2022-01-10,29.36,29.93,28.68,29.91,3389476,25085,29.396939
2022-01-11,29.75,30.115,29.48,29.94,2143490,17916,29.917968
2022-01-12,30.3,30.54,29.205,29.29,2887656,22987,29.546987
2022-01-13,29.33,29.33,28.02,28.27,3250342,27347,28.595866
2022-01-14,27.88,28.45,27.21,27.59,3643913,26759,27.648134
2022-01-18,27.0,27.5,26.39,26.51,4420289,30127,26.785335
2022-01-19,27.01,27.31,26.11,26.12,3056276,30883,26.564274
2022-01-20,26.31,26.81,25.6,25.65,3353232,31916,26.142928
2022-01-21,25.07,25.61,24.69,24.73,5467154,46768,25.119324
2022-01-24,24.15,26.7,23.24,26.4,12404906,80841,25.149487
2022-01-25,25.82,26.1,24.64,24.92,6531331,50490,25.13501
2022-01-26,25.82,26.18,24.635,24.95,4176303,38974,25.367878
2022-01-27,25.59,26.16,24.51,24.56,3917092,36122,25.169198
2022-01-28,24.56,25.31,24.29,25.31,4101521,32330,24.850758
2022-01-31,25.41,26.49,25.35,26.49,5603213,36227,26.085705
2022-02-01,26.38,26.73,25.975,26.56,3166331,27071,26.442326
2022-02-02,26.91,26.925,25.82,26.4,2936579,26073,26.189871
2022-02-03,26.0,26.59,25.75,25.94,2570563,20608,26.132646
2022-02-04,25.9,26.81,25.78,26.38,2822998,18672,26.349776
2022-02-07,26.41,26.94,26.2339,26.45,2065416,16234,26.493425
2022-02-08,26.17,27.07,26.12,27.04,1919322,18741,26.822349
2022-02-09,27.42,27.69,27.1113,27.68,1951698,16593,27.515082
2022-02-10,26.87,28.12,26.711,27.58,2132855,21354,27.650844
2022-02-11,27.62,27.965,26.405,26.62,2380509,24591,26.978786
2022-02-14,26.62,26.82,25.9981,26.18,2344876,20945,26.34079
2022-02-15,26.73,27.37,26.68,27.3,1924356,16890,27.13631
2022-02-16,27.04,27.67,27.04,27.44,1730404,17639,27.40502
2022-02-17,27.05,27.28,26.105,26.16,2155777,21173,26.460225
2022-02-18,26.17,26.46,25.52,25.88,2349180,23368,25.924934
2022-02-22,25.36,26.32,25.36,25.58,2231193,22933,25.773502
2022-02-23,25.7,26.35,25.34,25.35,4083134,33789,25.831782
2022-02-24,24.25,26.15,23.34,26.11,3683186,33133,25.315991
2022-02-25,25.85,26.19,25.34,26.08,2819833,27891,25.929872
2022-02-28,25.7,26.1,25.385,25.94,3078562,25847,25.78674
2022-03-01,25.81,26.0445,25.36,25.48,3157745,27552,25.635105
2022-03-02,25.85,26.73,25.71,26.5,6194074,49767,26.65957
2022-03-03,30.4,32.5,29.51,29.89,15156296,92416,30.685621
2022-03-04,29.49,30.26,29.0,29.41,6103778,36438,29.530604
2022-03-07,29.5,30.15,28.44,28.95,4911697,37493,29.000367
2022-03-08,28.55,30.19,28.53,29.17,4231657,36358,29.413221
2022-03-09,29.93,31.84,29.6,31.52,5235980,34332,31.235845
2022-03-10,31.09,32.57,31.01,32.4,5511927,41050,32.100562
2022-03-11,32.37,32.825,31.57,31.67,3153008,23846,31.930633
2022-03-14,31.5,31.99,30.11,30.41,2996884,27434,30.71741
2022-03-15,30.57,31.19,30.51,31.03,1766849,19082,30.888769
2022-03-16,31.48,32.06,30.45,31.68,2886218,26939,31.496934
2022-03-17,31.5,33.85,31.41,33.85,6006504,42302,33.152877
2022-03-18,33.65,34.58,33.65,34.55,4417019,29211,34.345792
2022-03-21,34.58,35.54,34.1,35.07,5109499,32722,34.778281
2022-03-22,35.1,35.71,34.8,35.25,4111462,31136,35.324789
2022-03-23,34.7,34.9,33.97,34.53,5051825,50475,34.453852
2022-03-24,34.87,35.93,34.4,35.73,4452206,31353,35.438429
2022-03-25,36.04,36.44,35.27,35.84,4495621,30217,35.819281
2022-03-28,36.05,36.709,35.485,35.95,4051577,25637,35.985444
2022-03-29,36.3,36.42,35.59,36.0,2715922,28029,36.058946
2022-03-30,36.0,36.49,35.55,35.97,3569566,26800,35.929268
2022-03-31,36.1,36.1,35.31,35.31,2721824,23130,35.638477
2022-04-01,35.37,35.87,34.88,35.12,3182982,28134,35.180121
2022-04-04,35.29,35.99,35.04,35.25,2802750,24610,35.307161
2022-04-05,34.96,35.1,33.46,33.52,6155323,38126,33.823507
2022-04-06,33.0,33.23,32.09,32.43,5435954,39467,32.53701
2022-04-07,32.62,33.02,31.7,32.17,3860812,20011,32.175992
2022-04-08,31.88,32.16,31.11,31.13,3846421,23409,31.314229
2022-04-11,30.83,31.2,30.575,30.7,4655401,38621,30.785258
2022-04-12,31.12,31.56,30.45,30.51,3088832,27704,30.777612
2022-04-13,30.52,31.505,30.48,31.35,3043268,21229,31.201582
2022-04-14,31.31,31.42,30.68,30.73,1846359,17659,30.942626
2022-04-18,30.7,30.83,30.18,30.55,1813224,17474,30.529954
2022-04-19,30.58,31.31,30.45,30.94,2061359,20538,30.996316
2022-04-20,31.18,31.56,30.95,31.16,2972813,22750,31.230232
2022-04-21,31.49,31.8099,30.01,30.2,3316075,28963,30.485544
2022-04-22,30.0,30.27,29.34,29.69,3757761,30856,29.705216
2022-04-25,29.33,30.9615,29.32,30.77,4427839,34332,30.370565
2022-04-26,30.57,30.75,29.92,30.06,2644287,23927,30.197287
2022-04-27,30.2,30.68,29.67,29.84,3368703,28081,29.922916
2022-04-28,30.21,30.83,29.61,30.58,2391373,20544,30.371345
2022-04-29,30.09,30.81,29.29,29.3,2160869,18625,29.67879
2022-05-02,29.3,29.85,28.67,29.82,3074364,27417,29.368518
2022-05-03,29.73,29.98,28.98,29.22,2053816,19922,29.362925
2022-05-04,29.42,30.04,28.15,30.0,3307071,29295,29.082372
2022-05-05,29.65,29.65,27.465,27.78,4150861,36791,27.984704
