Date,Open,High,Low,Close,Volume,OpenInterest
2021-03-10,64.5,74.83,60.5,69.49,118984240,0.0
2021-03-11,74.93,77.78,70.13,73.87,55960877,0.0
2021-03-12,72.47,72.96,69.11,69.7,19333333,0.0
2021-03-15,70.02,74.06,66.25,72.15,19179970,0.0
2021-03-16,73.73,78,73.18,76.95,22662027,0.0
2021-03-17,76.03,79.1,74.8901,76.7997,9769552,0.0
2021-03-18,76,77,66.8,67.3,9205411,0.0
2021-03-19,69.47,72.7,68.08,70.46,6277564,0.0
2021-03-22,71.81,72.49,69.54,69.99,3990710,0.0
2021-03-23,70.41,71.75,67.63,67.99,4257965,0.0
2021-03-24,69.87,70,64.01,64.5,5254730,0.0
2021-03-25,61.88,69.85,60.69,67.8,6038461,0.0
2021-03-26,67.9,71.2,64.77,70.87,4086720,0.0
2021-03-29,68.88,69.09,66.51,67.03,4195278,0.0
2021-03-30,66.96,66.99,64.475,65.0501,3283110,0.0
2021-03-31,65.42,67.19,64.57,64.9,3882427,0.0
2021-04-01,66.62,69.67,65.9,67.305,3877692,0.0
2021-04-05,70.07,72.86,68.56,70.75,8304901,0.0
2021-04-06,71.22,72.39,70.76,71.27,3810975,0.0
2021-04-07,70.64,71.14,67.88,68.75,4257978,0.0
2021-04-08,69.4,71.49,68.84,70.76,4131925,0.0
2021-04-09,70.43,74.99,70.205,71.8,9111181,0.0
2021-04-12,71.89,77,71.5101,75.02,7877380,0.0
2021-04-13,74.8,83.41,73.51,82.05,17661475,0.0
2021-04-14,79.2,80.57,74.0511,75.3,14136692,0.0
2021-04-15,75.64,80.75,74.56,79.66,8627050,0.0
2021-04-16,78.4,79.36,75.12,75.86,4998089,0.0
2021-04-19,75.92,78.2999,71.43,72,6488296,0.0
2021-04-20,71.59,71.74,67.3,69.28,8139410,0.0
2021-04-21,68.9,71.99,67.6,71.67,4425027,0.0
2021-04-22,71.64,73.79,69.1,69.88,3268308,0.0
2021-04-23,70.01,72.38,69.59,71.78,2594601,0.0
2021-04-26,72,75.92,71.3101,74.9,4073837,0.0
2021-04-27,74.84,75.37,72.33,74.26,3132252,0.0
2021-04-28,74.5,76.93,73.64,75.58,3013677,0.0
2021-04-29,76.64,77.6,72.83,76.24,4285340,0.0
2021-04-30,74.83,76.99,73.91,74.56,2290373,0.0
2021-05-03,74.96,75.1,70.61,71.1,3120126,0.0
2021-05-04,71,71.69,67.6584,69.45,5211951,0.0
2021-05-05,70.56,70.88,66.46,66.59,4261432,0.0
2021-05-06,66.58,67,63.83,64.9836,5872139,0.0
2021-05-07,67.04,68.48,66.2001,67.9,4569778,0.0
2021-05-10,68.9,69.29,64.17,64.23,6224952,0.0
2021-05-11,65.04,77.7873,64.7,77.77,29567949,0.0
2021-05-12,74.45,76,71.09,75.52,19732231,0.0
2021-05-13,74.94,75.15,67.51,69.655,17308073,0.0
2021-05-14,71.21,73.43,69.25,70.94,7160570,0.0
2021-05-17,70.91,76.97,70.91,76.87,16549124,0.0
2021-05-18,76.74,77.59,73.48,74.99,11470134,0.0
2021-05-19,70.55,76.27,70.33,75.22,10546016,0.0
2021-05-20,75.49,76.91,73.01,76.33,10638361,0.0
2021-05-21,77.48,84.6849,77.31,82.5,31178934,0.0
2021-05-24,82.57,89.64,82.5,89.2,22456256,0.0
2021-05-25,90.07,90.11,85.51,89.2,13618373,0.0
2021-05-26,89.84,95,88.75,89.61,17191543,0.0
2021-05-27,89.64,97.5,87.59,97.47,19411915,0.0
2021-05-28,97.29,98.95,92.53,93.78,13085394,0.0
2021-06-01,94.89,97.93,93.22,96.9138,12359900,0.0
2021-06-02,96.74,103.29,95.39,99.85,15762195,0.0
2021-06-03,99,102.05,96.27,96.51,10561181,0.0
2021-06-04,100.16,103.8661,98.52,99.595,14331815,0.0
2021-06-07,99.19,100.9498,93.28,93.44,14682770,0.0
2021-06-08,94.04,94.225,88.89,91.39,14013534,0.0
2021-06-09,91.79,95.99,90.65,91.03,12438447,0.0
2021-06-10,91.2,91.8219,86.83,91,12022846,0.0
2021-06-11,91.85,94.77,91.15,92.91,8369846,0.0
2021-06-14,92.95,93.26,87.57,87.775,11320748,0.0
2021-06-15,87.77,90.76,86.84,89.79,7857168,0.0
2021-06-16,82.8,86.42,79.88,82.55,41206757,0.0
2021-06-17,84.42,86.335,82,82.92,11417921,0.0
2021-06-18,82.97,83.4,80.08,81.15,9608499,0.0
2021-06-21,80.34,83.36,78.56,82.5002,10628937,0.0
2021-06-22,82.99,83.86,80.5,82.43,8321565,0.0
2021-06-23,83.2,85.45,82,84.8386,7721634,0.0
2021-06-24,83.42,87.7,83.36,87.33,8305667,0.0
2021-06-25,87.97,88.94,85.07,86.96,7296504,0.0
2021-06-28,86.96,94.39,86.99,93.03,13747039,0.0
2021-06-29,91.1,93.31,89.8,92.61,7576206,0.0
2021-06-30,92.42,92.9,89.91,89.9601,4157277,0.0
2021-07-01,89.62,89.99,84.2069,85.83,10050363,0.0
2021-07-02,87.24,87.24,84.89,86.19,3592405,0.0
2021-07-06,87.3,88.75,85.32,86.97,6118781,0.0
2021-07-07,87.65,89.3483,85.65,86.35,5140816,0.0
2021-07-08,82.78,88.05,82.515,86.87,6451856,0.0
2021-07-09,86.8,87.3,85.12,86.25,3672581,0.0
2021-07-12,86.71,89.87,84.85,86.6,6627184,0.0
2021-07-13,85.73,86.45,83.15,84.02,7647702,0.0
2021-07-14,83.99,84.28,79.0701,79.17,10256887,0.0
2021-07-15,79.06,80.29,75.59,77.27,10206492,0.0
2021-07-16,78.44,79.11,76.99,77.56,4480476,0.0
2021-07-19,75.88,79.98,74.78,79.23,5205077,0.0
2021-07-20,80.69,81,77.45,79.86,4372703,0.0
2021-07-21,79.66,80.57,78.48,79.95,3897662,0.0
2021-07-22,80.58,82.1803,80.1095,81.99,3811174,0.0
2021-07-23,82.48,83.25,80.354,81.83,3061819,0.0
2021-07-26,80.1,81.25,77,77.6406,6348415,0.0
2021-07-27,77.45,78.28,71.96,76.18,11577340,0.0
2021-07-28,76.94,79.2,76.15,79.13,4701711,0.0
2021-07-29,79.26,79.19,76.73,76.8079,3776950,0.0
2021-07-30,76.24,77.55,75.83,76.96,3089154,0.0
2021-08-02,77.33,79,76.11,78.31,3867604,0.0
2021-08-03,77.15,77.5,73.46,77.49,9360445,0.0
2021-08-04,77,81.93,76.55,81.65,7104976,0.0
2021-08-05,79.68,81.04,78.6974,80.55,4142894,0.0
2021-08-06,79.8,82.4772,77.65,77.92,4541502,0.0
2021-08-09,79.25,86.74,78.47,85.54,15854002,0.0
2021-08-10,85.39,85.67,83.1,85.08,7911064,0.0
2021-08-11,85.8,87.515,82.89,84.68,6016862,0.0
2021-08-12,84.04,84.71,81.21,82.615,3875255,0.0
2021-08-13,83,84.1791,81.5,83.91,4072744,0.0
2021-08-16,83.7,84.19,79.14,79.56,10245452,0.0
2021-08-17,74.87,81.3,73.9,78.65,20842036,0.0
2021-08-18,78.84,84.4,79,83.42,12785377,0.0
2021-08-19,81.56,82.5,79.85,81.34,7366346,0.0
2021-08-20,81.19,84.56,81.13,82.77,5512749,0.0
2021-08-23,83.05,85.17,80.85,85.06,9747613,0.0
2021-08-24,85.24,89.95,85.09,89.25,12593270,0.0
2021-08-25,89.74,90.95,87.64,90.25,7275362,0.0
2021-08-26,88.62,90.38,85.75,85.85,5584920,0.0
2021-08-27,86.67,87.01,84.8,85.39,5088776,0.0
2021-08-30,84.6,84.8,80,81.89,9544863,0.0
2021-08-31,82.43,83.05,81.41,82.03,4311567,0.0
2021-09-01,81.43,85.33,80.91,84.47,4453927,0.0
2021-09-02,85.37,86.74,83.7,84.6,3474027,0.0
2021-09-03,83.14,84.04,81.58,82.85,4718666,0.0
2021-09-07,83.82,85.29,82.45,84.965,5679319,0.0
2021-09-08,84.12,84.85,81.9507,83.51,4150616,0.0
2021-09-09,81.68,87.735,81.66,86.36,10683084,0.0
2021-09-10,86.99,90.43,84.67,87.8698,17265528,0.0
2021-09-13,87.74,88.88,84.25,84.635,6879334,0.0
2021-09-14,83.13,85.13,81.69,82.38,6587490,0.0
2021-09-15,80.87,82.6,78.77,82.1143,6784792,0.0
2021-09-16,82.14,83.35,81.04,81.41,4867489,0.0
2021-09-17,81.16,81.4295,79.05,80.81,5356140,0.0
2021-09-20,78.15,79.9399,76.77,77.76,5393656,0.0
2021-09-21,78.36,79.17,77.11,78.85,5168259,0.0
2021-09-22,79.66,81.5,78.91,81.19,7738803,0.0
2021-09-23,81.4,83.25,80.95,82.26,4176155,0.0
2021-09-24,81.63,84.4999,82,83.19,4853654,0.0
2021-09-27,82.96,83.31,78.66,79.98,7438857,0.0
2021-09-28,79.4,79.58,77,77.05,6244893,0.0
2021-09-29,77.49,79.0749,76.26,76.31,5248453,0.0
2021-09-30,76.79,76.7671,74.05,75.55,6674959,0.0
2021-10-01,76,75.99,73.48,75.59,3755388,0.0
2021-10-04,75.51,78.21,74.5,77.78,7431015,0.0
2021-10-05,76.38,76.3428,72.32,72.58,15808743,0.0
2021-10-06,72.13,74.4,71.1,73.72,6698675,0.0
2021-10-07,74.19,76.4,73.02,74.82,6805986,0.0
2021-10-08,75.11,75.2,70.1901,70.445,11562654,0.0
2021-10-11,70.63,71.85,69.77,70.24,4785140,0.0
2021-10-12,70.97,72,70.2,71.92,4216279,0.0
2021-10-13,72.26,75.0682,72.2,74.78,4998779,0.0
2021-10-14,75.52,75.84,74.23,74.3401,4431778,0.0
2021-10-15,74.99,77.21,74.1,76.5549,4915860,0.0
2021-10-18,77.57,78.37,76.23,77.73,3657560,0.0
2021-10-19,78.29,79.42,78.2,79.17,3532911,0.0
2021-10-20,79.4,80.17,78.4,78.58,3427934,0.0
2021-10-21,78,83.77,77.01,83.2,10536305,0.0
2021-10-22,81.74,84.7799,80.71,83.98,5559759,0.0
2021-10-25,81.49,85.13,81.28,83.22,5505083,0.0
2021-10-26,81.31,84.75,80.83,80.89,6532208,0.0
2021-10-27,81.33,82.95,80.4601,80.71,3468796,0.0
2021-10-28,80.53,83.5,79.11,82.84,6075535,0.0
2021-10-29,82.84,86.15,82.07,84.02,8518107,0.0
2021-11-01,84,84.09,80.57,81.2,5926790,0.0
2021-11-02,81.28,81.94,79.39,79.58,4406820,0.0
2021-11-03,79.86,80.5923,78.02,78.36,4574783,0.0
2021-11-04,79.23,82.64,78.8502,82.52,6304467,0.0
2021-11-05,82.01,82.08,77.05,77.98,6507528,0.0
2021-11-08,79.07,79.02,76.83,77.02,7948617,0.0
2021-11-09,99.75,109.97,94.38,109.4849,88367003,0.0
2021-11-10,104.09,104.46,93.02,95.25,41863326,0.0
2021-11-11,96.26,100.41,93.0301,97.99,26871633,0.0
2021-11-12,97.71,107.97,96.85,107.46,35948690,0.0
2021-11-15,108.44,110.35,103.82,108.06,23692934,0.0
2021-11-16,107.32,120.83,104.2,116.17,52532672,0.0
2021-11-17,117.1,125.88,116.55,124.51,43573257,0.0
2021-11-18,129.31,138.77,120.81,126.14,57733224,0.0
2021-11-19,129.46,138.2,128.54,134.77,37512160,0.0
2021-11-22,140.61,141.5999,117.32,120.28,56593282,0.0
2021-11-23,119.08,121.289,113.3301,114.88,25178407,0.0
2021-11-24,116.5,126,115.81,124.23,27559681,0.0
2021-11-26,128.73,131,120.24,122.68,10462063,0.0
2021-11-29,125.26,129.9,121.05,129.36,16702009,0.0
2021-11-30,128.6,137.71,124.9745,126.095,33809260,0.0
2021-12-01,127.5,130.74,111,113.41,33767976,0.0
2021-12-02,114.28,119.91,113.22,116.92,18131033,0.0
2021-12-03,117.89,120.84,109.36,113.79,13555204,0.0
2021-12-06,108.52,114.27,104.21,113.21,14481472,0.0
2021-12-07,118.21,120.16,115.1,115.99,14350848,0.0
2021-12-08,116.21,125.5,113.85,124.78,18004515,0.0
2021-12-09,124,125.99,115.35,116.3,13344351,0.0
2021-12-10,117.73,121.7981,113.57,115.865,11411350,0.0
2021-12-13,115.81,115.8,107.37,111.92,8949686,0.0
2021-12-14,109.21,110.6999,105.35,107.65,10579499,0.0
2021-12-15,98.02,99.75,93.52,97.9,40817598,0.0
2021-12-16,101.8,102.32,93.2704,95.2043,16777114,0.0
2021-12-17,95.64,103.5,93.8,102.27,19242569,0.0
2021-12-20,98,101.06,96.59,98.69,11249053,0.0
2021-12-21,100,103.38,97,102.69,9370487,0.0
2021-12-22,102.5,106.9799,101.54,102.82,12283798,0.0
2021-12-23,102.57,103.215,98.0815,101.9,8827127,0.0
2021-12-27,101.15,108.78,101.6,105,15824875,0.0
2021-12-28,104.75,106.69,97.92,98.73,16229342,0.0
2021-12-29,98.79,99.535,94.275,97.31,9634374,0.0
2021-12-30,96.4,101.35,95.66,100.4401,8984622,0.0
2021-12-31,100.75,104.6799,100.65,103.2,16431124,0.0
2022-01-03,102.01,103.79,97.62,98.78,16269078,0.0
2022-01-04,99.02,99.25,91.77,95.15,21932098,0.0
2022-01-05,93.55,95.8342,88.06,88.54,14851980,0.0
2022-01-06,87.99,92.08,84.69,89.205,16621594,0.0
2022-01-07,86.93,88.69,82.58,84.37,24454080,0.0
2022-01-10,83.69,85.6,79.02,85.51,18586132,0.0
2022-01-11,84.8,90.09,84.29,89,12850894,0.0
2022-01-12,89.8,90.31,86.7,89.06,13637405,0.0
2022-01-13,89.67,89.59,80.11,80.22,20493084,0.0
2022-01-14,79.35,81.74,77.42,79.04,15611061,0.0
2022-01-18,80.53,82.45,76.755,77.2,20304749,0.0
2022-01-19,78.235,80.109,75.17,76.15,16364614,0.0
2022-01-20,77.76,80.91,75.08,75.4,15643821,0.0
2022-01-21,74.19,74.92,68.33,68.92,25011450,0.0
2022-01-24,65.41,71.32,60.58,70.78,32321492,0.0
2022-01-25,67.63,69.9515,64.66,65.28,20215560,0.0
2022-01-26,67.88,70.1295,61.19,62.97,24500032,0.0
2022-01-27,64.33,64.53,56.77,57.07,32095871,0.0
2022-01-28,57.31,59.9,53.63,58.181,29839593,0.0
2022-01-31,60.32,66.38,60.04,65.8,27250971,0.0
2022-02-01,66.31,69.25,63.3,67.75,32811183,0.0
2022-02-02,67.33,68.7594,64.18,66.17,15932894,0.0
2022-02-03,62.25,64.97,59.63,60.71,30901501,0.0
2022-02-04,61.88,64.3,59.91,63.74,15330742,0.0
2022-02-07,63.95,66.95,62.5501,63.04,16414029,0.0
2022-02-08,62.71,64.7,60.91,64.43,13213682,0.0
2022-02-09,65.15,71.42,64.66,70.48,26305503,0.0
2022-02-10,68.09,73.3899,67.1,69.92,26764777,0.0
2022-02-11,68.99,72.21,65.7508,66.8,20623408,0.0
