Date,Open,High,Low,Close,Volume,OpenInterest
2020-12-04,41.26,43.97,40.54,42.33,532390,0.0
2020-12-07,42.55,45.63,42.55,44.52,627113,0.0
2020-12-08,43.39,43.39,39.08,40.82,778736,0.0
2020-12-09,41.51,41.5875,36.3,37.21,892652,0.0
2020-12-10,35.4,41.255,35,39.7,702917,0.0
2020-12-11,38.84,40.514,38.63,39.5,206030,0.0
2020-12-14,41.56,43.98,40,40.58,1472384,0.0
2020-12-15,41,45.9999,40.5,43.58,633964,0.0
2020-12-16,46.66,46.66,44,45.47,598388,0.0
2020-12-17,47.05,53.7,47,52.93,1402289,0.0
2020-12-18,52.41,52.8248,49,51.73,977934,0.0
2020-12-21,51.5,64.89,51.3283,56.53,1712082,0.0
2020-12-22,61.8,68.37,61.2,68.2,1794367,0.0
2020-12-23,70.44,70.66,62.6001,66.25,1123793,0.0
2020-12-24,64.75,65.98,61.5,63.78,454559,0.0
2020-12-28,69.1,78.05,65.28,66.88,1423593,0.0
2020-12-29,67.1,69.89,60.11,69.38,1778931,0.0
2020-12-30,70.51,75.62,70.05,74.19,1079572,0.0
2020-12-31,74.75,76.92,70.5,74.3,1031150,0.0
2021-01-04,76,76.55,62.22,66.93,1909047,0.0
2021-01-05,66,70.32,63.2858,68.1,778079,0.0
2021-01-06,69.7,71.7,63.5,68.25,1317199,0.0
2021-01-07,71.54,74.8,70.5,73.64,1188645,0.0
2021-01-08,74.5,81.43,71,74.12,1097828,0.0
2021-01-11,67,69.68,63.64,66.04,1254805,0.0
2021-01-12,66.21,71.7,64.6,67.92,1087216,0.0
2021-01-13,67.51,69.5,66.71,69.33,786140,0.0
2021-01-14,69.43,75.69,69.43,72.48,814523,0.0
2021-01-15,70.03,71,67.2401,68.13,541241,0.0
2021-01-19,69.41,71,67.44,68.86,426111,0.0
2021-01-20,68.5,70.5,61.1201,66.42,828469,0.0
2021-01-21,63.39,68,56,67.45,2403903,0.0
2021-01-22,67,78.2099,66,76.16,4375169,0.0
2021-01-25,79.82,87.9391,76.15,85.87,2522260,0.0
2021-01-26,85.64,90.4268,81.54,89.35,1304083,0.0
2021-01-27,85.17,88.13,79.5,81.28,1874099,0.0
2021-01-28,82.5,86.2,79,84.74,792692,0.0
2021-01-29,91.3,102.7599,90.05,93.415,1690287,0.0
2021-02-01,97.12,99.16,88.26,95.13,778388,0.0
2021-02-02,95.4,111.23,95.4,108.4,1399573,0.0
2021-02-03,110.65,113.62,104.34,109.5,934994,0.0
2021-02-04,111.31,119,110,117.91,928938,0.0
2021-02-05,121.01,128.91,117.64,125.5,843865,0.0
2021-02-08,152.9,155.36,135,143.85,1809765,0.0
2021-02-09,149.08,161,142.7401,160.05,1440456,0.0
2021-02-10,158.3,159.01,129.25,144.03,1869053,0.0
2021-02-11,153.98,158.6671,142.17,148.5901,1190782,0.0
2021-02-12,147.84,162.86,143.44,162.71,933295,0.0
2021-02-16,167.01,187.0402,165.5,176.86,1761260,0.0
2021-02-17,177.01,187.8638,161.4501,169.16,1485775,0.0
2021-02-18,160.27,160.46,142,153.775,1199031,0.0
2021-02-19,157.91,174.79,154.0101,170.34,1015922,0.0
2021-02-22,154.8,170,154.4,162.41,1011815,0.0
2021-02-23,142.05,146.4,102.4601,129.28,2538681,0.0
2021-02-24,133.65,141.61,130.2803,139.69,1236552,0.0
2021-02-25,142,146.2225,125.0101,127.61,1013385,0.0
2021-02-26,122.29,134.99,118.22,127.23,1083011,0.0
2021-03-01,135.07,152,134.82,147.42,1090880,0.0
2021-03-02,150.38,153.3699,140.96,143.65,809857,0.0
2021-03-03,147.13,150,141.0901,142.02,856467,0.0
2021-03-04,134.69,142,111.2171,117.65,1730626,0.0
2021-03-05,121.94,121.95,89.2976,106.65,2369348,0.0
2021-03-08,114.13,126.48,107.53,108.85,1325651,0.0
2021-03-09,115.02,127.49,114,124.41,2991209,0.0
2021-03-10,130,134.74,116.2175,121.87,1333261,0.0
2021-03-11,126.48,144.29,125.0101,139.12,1378834,0.0
2021-03-12,130.05,145.65,130.05,138.93,1294169,0.0
2021-03-15,139.56,166.25,139.56,161.61,1729120,0.0
2021-03-16,157.83,174.5,150.2,156.83,2096596,0.0
2021-03-17,148,171.9829,145,166.31,1419471,0.0
2021-03-18,166.71,176.36,143.08,146.17,1962278,0.0
2021-03-19,147.24,164.95,141.02,159.54,1949883,0.0
2021-03-22,159.52,165.5,147.03,148.49,1186106,0.0
2021-03-23,149,160,138.8,141.505,1389906,0.0
2021-03-24,146.61,151,124.65,126.63,1365229,0.0
2021-03-25,114.72,131.67,113.06,127.09,1819312,0.0
2021-03-26,130.01,132.686,116.5591,123.945,1004806,0.0
2021-03-29,128.96,130,115.62,120.87,1279762,0.0
2021-03-30,124.19,139.96,119.4,139.19,1508997,0.0
2021-03-31,138.5,145.93,133.15,142,1376152,0.0
2021-04-01,148.29,152.5,139.04,143.5,916019,0.0
2021-04-05,144.67,150.4337,137.63,149.86,989613,0.0
2021-04-06,150.66,164,151.31,157.9,1206912,0.0
2021-04-07,151.99,156.7554,139,139.98,1267681,0.0
2021-04-08,141.11,160.28,141,156.92,1321491,0.0
2021-04-09,156,163.69,152.75,163.11,1165313,0.0
2021-04-12,168.35,178.96,159.41,162.83,1813419,0.0
2021-04-13,166.01,172.97,160.1006,166.03,1350090,0.0
2021-04-14,171.11,172.49,135.5,140.99,2449749,0.0
2021-04-15,146.23,147.3384,126.1581,138.9648,1500248,0.0
2021-04-16,135.01,136.91,129.06,133,1149420,0.0
2021-04-19,129.49,133.2999,120.6,125.43,1592673,0.0
2021-04-20,124.25,126.2353,107.94,119.86,1820231,0.0
2021-04-21,116.9,129.149,113.18,127.49,1232706,0.0
2021-04-22,127,131.0308,115.25,117.3,1130640,0.0
2021-04-23,112.7,121,112.4,115.16,1232285,0.0
2021-04-26,118.5,120.39,113.4825,116.18,1497042,0.0
2021-04-27,119,120,111.53,113.21,1195592,0.0
2021-04-28,112.8,115.7,109.605,113.36,728224,0.0
2021-04-29,114.97,117,109.3,111.03,841956,0.0
2021-04-30,109,114.46,106.42,107.21,1165934,0.0
2021-05-03,108.45,111.34,99.0819,103.26,1522624,0.0
2021-05-04,99.01,101.99,95.02,101.98,1205224,0.0
2021-05-05,102.29,107.82,101.2129,104.34,713153,0.0
2021-05-06,104,102.98,92.23,97.43,1340928,0.0
2021-05-07,98,101.34,92.13,93.17,1137285,0.0
2021-05-10,93.9,93.73,86.585,87.27,1114284,0.0
2021-05-11,80.6,87.21,81.17,85.0901,1155848,0.0
2021-05-12,83.7,88.63,80.78,80.83,993879,0.0
2021-05-13,92.51,104.48,82.62,91.83,5557005,0.0
2021-05-14,92.36,93.84,86.4,93.28,3003557,0.0
2021-05-17,91.8,93.5199,86.14,91.13,1822624,0.0
2021-05-18,91.99,105.99,90.57,96.35,2860488,0.0
2021-05-19,89.17,102.9,86.42,102.78,3499853,0.0
2021-05-20,108,110.91,102.52,109.57,2468356,0.0
2021-05-21,112.1,114.91,104.6301,105.05,1884908,0.0
2021-05-24,105.44,108.57,101.63,106.06,927350,0.0
2021-05-25,107.13,111.6872,106.01,107.18,935159,0.0
2021-05-26,108.75,116,107.75,112.76,755129,0.0
2021-05-27,114,118.2,110.68,118.2,651799,0.0
2021-05-28,119.22,118.72,111,111.03,655296,0.0
2021-06-01,112.01,118.67,111.91,115.98,1298700,0.0
2021-06-02,117.96,117.96,110.65,114.11,760257,0.0
2021-06-03,114.1,115.47,109,111.92,525618,0.0
2021-06-04,111.46,113.81,109.6,113.29,396655,0.0
2021-06-07,113.49,116.27,112.42,115.46,418842,0.0
2021-06-08,113.21,114.75,101.2827,103.25,1471832,0.0
2021-06-09,105.1,109.79,102.61,106.14,984464,0.0
2021-06-10,107.25,108.25,100.5,101.16,721628,0.0
2021-06-11,101.4,103.35,96.13,96.35,1051719,0.0
2021-06-14,99.22,104.76,97.96,98.95,1042214,0.0
2021-06-15,100.74,105.38,98.24,103.25,903609,0.0
2021-06-16,101.49,103.415,96.98,101.81,785421,0.0
2021-06-17,102.27,103.5,99.55,100.41,473177,0.0
2021-06-18,99.82,100.85,93.79,94.7875,732691,0.0
2021-06-21,93.38,98.97,92.51,97.86,666025,0.0
2021-06-22,95.47,97.18,89.64,96.68,798638,0.0
2021-06-23,98.2,100.97,96.37,99.57,581503,0.0
2021-06-24,101.32,107.47,101.065,106.83,912419,0.0
2021-06-25,105,105.54,102.04,102.28,601917,0.0
2021-06-28,103.5001,109.23,102.5761,108.13,623017,0.0
2021-06-29,109.81,113.92,109.2709,112,710421,0.0
2021-06-30,111.88,114.95,109.0101,113.3,599244,0.0
2021-07-01,113.65,114.73,107.071,109.41,471732,0.0
2021-07-02,110,110.4765,106.455,107.73,221549,0.0
2021-07-06,107.18,107.8,104,107.16,242578,0.0
2021-07-07,107.4,109.8,104,105.14,458399,0.0
2021-07-08,101,103.01,97.95,100.7,503848,0.0
2021-07-09,101.02,106.83,100.001,106.665,291258,0.0
2021-07-12,106.4,106.4,102.5,102.86,305399,0.0
2021-07-13,102.78,102.85,98.17,98.44,391768,0.0
2021-07-14,99.5,100.49,93.36,94.05,462477,0.0
2021-07-15,93.49,96.74,88.7038,91.91,569233,0.0
2021-07-16,92.63,92.63,86.95,87.61,480272,0.0
2021-07-19,84.39,87.2576,83.06,86.44,605514,0.0
2021-07-20,89.88,100.35,88.55,98.57,1225766,0.0
2021-07-21,101.65,109.105,101.01,108.08,782449,0.0
2021-07-22,108.08,109.89,103.925,105.32,524431,0.0
2021-07-23,106.34,106.55,101.5,105.06,355813,0.0
2021-07-26,110.24,114.4932,109.2,112.27,637670,0.0
2021-07-27,110.05,110.05,102.03,105.35,479042,0.0
2021-07-28,108.3,110.5,104.0425,108.81,328448,0.0
2021-07-29,109.79,111.67,106.31,106.615,223560,0.0
2021-07-30,106,108.62,102.5001,102.81,286121,0.0
2021-08-02,103.14,107.83,101.61,101.86,505595,0.0
2021-08-03,102.47,102.47,96.25,100.52,333649,0.0
2021-08-04,102.11,105.83,101.05,103.06,345067,0.0
2021-08-05,101.72,110.0799,101,109.42,548343,0.0
2021-08-06,111.24,117.25,110.075,116.05,872042,0.0
2021-08-09,116,121.62,115.48,117.12,773982,0.0
2021-08-10,120,120.8,113.0001,115.27,564816,0.0
2021-08-11,117.72,117.88,113.1,117.47,388554,0.0
2021-08-12,115.02,116.76,111.93,113.93,334147,0.0
2021-08-13,115.08,123.5,110.61,111.81,800098,0.0
2021-08-16,112.5,112.5,105.63,109.53,431674,0.0
2021-08-17,106.25,106.25,95.17,97.77,1104072,0.0
2021-08-18,98.63,102.5,95.9638,97.11,505164,0.0
2021-08-19,95.99,98.2999,93.9,94.62,585088,0.0
2021-08-20,94.8,102.2229,94.08,100.79,554209,0.0
2021-08-23,104.75,109.2,103.13,108.16,624929,0.0
2021-08-24,107.9,111.65,107.12,109.7,523915,0.0
2021-08-25,109,114.85,107.4501,111.55,523354,0.0
2021-08-26,110.31,114.275,107.82,109.12,396261,0.0
2021-08-27,109.3,116.23,109.11,114.29,551198,0.0
2021-08-30,114.95,114.19,108.25,110.59,456344,0.0
2021-08-31,110.69,114.485,110.54,112.99,382264,0.0
2021-09-01,113.45,118.04,112.2,115.04,427882,0.0
2021-09-02,118.5,119.12,115.31,118.9,332152,0.0
2021-09-03,119.43,123.85,117.455,120.73,625538,0.0
2021-09-07,121.65,126.62,117.42,118.62,935127,0.0
2021-09-08,116.87,116.98,109.61,111.3901,442708,0.0
2021-09-09,112,117.74,112,116.58,371550,0.0
2021-09-10,117.07,118.2,110.9,110.91,405165,0.0
2021-09-13,112,112.36,106.5,109.19,440659,0.0
2021-09-14,110.6,111.75,103.9,104.66,360876,0.0
2021-09-15,105.5,110,104.8078,108.59,417228,0.0
2021-09-16,109.27,112.94,108.24,111.63,288129,0.0
2021-09-17,112.39,113.35,109.6294,111.55,450832,0.0
2021-09-20,106.4,107.47,100.66,102.02,630434,0.0
2021-09-21,102.91,105.12,100.9,101.73,381170,0.0
2021-09-22,103.19,104.2,99.78,101.99,545348,0.0
2021-09-23,103.05,105.77,100.6101,105.1,617724,0.0
2021-09-24,102,104.39,100.6216,103.92,409812,0.0
2021-09-27,107.48,111.47,105.1,110.65,774193,0.0
2021-09-28,109.34,110.57,105.02,109.55,570702,0.0
2021-09-29,111,117.7,110.4,115.76,771372,0.0
2021-09-30,117.2,118.45,112.4301,115.6,621626,0.0
2021-10-01,117.4,128.31,116.87,128.14,1071815,0.0
2021-10-04,128.2,141.9599,121.06,135.96,1766768,0.0
2021-10-05,138.36,154.6,137.76,153.04,2301135,0.0
2021-10-06,155.78,167.5,144,162.76,2430331,0.0
2021-10-07,161.02,168.6,148.37,151.8,1806713,0.0
2021-10-08,154.89,167.77,154,162.7,1311618,0.0
2021-10-11,163.92,174.99,159.55,160.06,1235777,0.0
2021-10-12,160.85,164.745,153.5,159.47,737772,0.0
2021-10-13,158.34,159.21,151.12,157.02,635319,0.0
2021-10-14,160.96,166.39,158,160.2,726899,0.0
2021-10-15,165.67,168.85,158.11,159.31,1019672,0.0
2021-10-18,159.12,166.16,158.14,158.76,1230466,0.0
2021-10-19,142.98,148,133.1,137.01,2804693,0.0
2021-10-20,139,153.8374,138.43,147.47,1747422,0.0
2021-10-21,146.03,152.13,143.62,148.33,736607,0.0
2021-10-22,147.64,152.97,140.5174,146.18,622206,0.0
2021-10-25,147.1,154.08,147.7,153.83,725179,0.0
2021-10-26,154,163.28,153.95,159.69,888207,0.0
2021-10-27,155.8,158.29,146.92,146.96,814664,0.0
2021-10-28,151.53,157.07,151.473,157.01,765905,0.0
2021-10-29,157,162,153.94,156.79,656519,0.0
2021-11-01,159.01,194,157,191.03,3059245,0.0
2021-11-02,190.67,205.97,186.1,203.98,1617814,0.0
2021-11-03,202.04,222.49,195.65,222.1,1022619,0.0
2021-11-04,223.76,221.57,203.4536,215.93,946845,0.0
2021-11-05,220.2,226.974,210.07,215.36,546965,0.0
2021-11-08,221.43,225.03,210.05,217.17,752976,0.0
2021-11-09,222.83,230.58,200.6,203.64,831199,0.0
2021-11-10,206.6,207,187.73,188.35,834510,0.0
2021-11-11,211,216,200,208.38,1179321,0.0
2021-11-12,206.31,214.24,199.1,212,628462,0.0
2021-11-15,216.015,217,202.2,208.32,586858,0.0
2021-11-16,202.26,203.83,196.05,197.7,692126,0.0
2021-11-17,201.81,206.45,194.1,198.99,698077,0.0
2021-11-18,198.96,202.5199,190.05,198.65,420751,0.0
2021-11-19,197,227,195.85,220.06,1289285,0.0
2021-11-22,221.16,239.26,184.0101,194.89,1620670,0.0
2021-11-23,191.02,202.59,187.01,200.76,712810,0.0
2021-11-24,196,215.33,193.2167,213.51,563421,0.0
2021-11-26,201.745,207.96,189.25,201.56,777513,0.0
2021-11-29,207.5,216.7899,202.17,213.05,870432,0.0
2021-11-30,215,232,198.6715,204.49,1399773,0.0
2021-12-01,211,226,194.35,198.02,1556710,0.0
2021-12-02,195,203.727,185.43,194.73,1510330,0.0
2021-12-03,195.02,197.21,160.07,164.92,1991135,0.0
2021-12-06,153.1,169.9599,147.9,165.675,1523112,0.0
2021-12-07,156.28,173,155.17,165.1,3694268,0.0
2021-12-08,166,171.23,161.51,168.1,787420,0.0
2021-12-09,167.06,171,145.895,147.6,1670991,0.0
2021-12-10,156,155.85,145.645,152.84,1389849,0.0
2021-12-13,149.86,149.81,137.5,138.8,761735,0.0
2021-12-14,135.52,143.59,134.46,138.94,834026,0.0
2021-12-15,139,149.12,133.3537,146.7,1059383,0.0
2021-12-16,152.71,157.04,139.96,143.95,1143397,0.0
2021-12-17,139.49,145.89,132.23,142.13,936619,0.0
2021-12-20,136.46,140.1,131.83,132.61,872516,0.0
2021-12-21,136.34,144.19,136.34,144.12,614962,0.0
2021-12-22,143.32,150.78,143.32,147.76,605866,0.0
2021-12-23,148,157.19,146.1635,155.85,610949,0.0
2021-12-27,157.19,166.6,155.2,162.88,905123,0.0
2021-12-28,157.02,160.965,151.6685,153.57,517434,0.0
2021-12-29,152.57,154.2,144.05,148.83,656717,0.0
2021-12-30,150.12,156.9299,148.6613,151.85,448306,0.0
2021-12-31,151.97,154.66,147.35,147.86,502340,0.0
2022-01-03,150.88,155.8,148,149.09,449886,0.0
2022-01-04,151.36,154.64,145.5609,150.72,755476,0.0
2022-01-05,149.64,154,135.44,136.3,858961,0.0
2022-01-06,137.25,139.75,125.0249,132.35,1322581,0.0
2022-01-07,132.24,137,127.18,128.3925,906304,0.0
2022-01-10,121.96,124.75,115.7,123.32,1106450,0.0
2022-01-11,125.03,129.68,122,128.9,627285,0.0
2022-01-12,136.73,140.9,133.6,139.28,1180392,0.0
2022-01-13,141.86,144.52,132.22,136.27,960855,0.0
2022-01-14,131.79,139.5,130.35,137.8,714297,0.0
2022-01-18,121,125.01,102.495,103.66,3600685,0.0
2022-01-19,105.94,113.7284,104.01,109.22,1797830,0.0
2022-01-20,117.2,117.9,108.62,109.09,1485427,0.0
2022-01-21,103.94,107.2999,93.49,94.62,2128373,0.0
2022-01-24,87,100.01,84.54,99.5,1779907,0.0
2022-01-25,97.2,104.49,95.6088,102.05,945286,0.0
2022-01-26,106.99,109.8,96.48,99.31,994821,0.0
2022-01-27,101.92,102.72,89.08,93.17,1001938,0.0
2022-01-28,94.5,97.07,89,96.04,781959,0.0
2022-01-31,96.17,107.85,95.35,107.74,828737,0.0
2022-02-01,116.1,117.32,107.5001,110.93,1396784,0.0
2022-02-02,111.11,112.33,101.815,104.75,739055,0.0
2022-02-03,104.27,106.85,101.14,102.05,503909,0.0
2022-02-04,105,113.29,101.24,111.8399,922895,0.0
2022-02-07,117.67,120.34,113.13,116.87,1035044,0.0
2022-02-08,115.94,121.835,114.745,121.74,663057,0.0
2022-02-09,123.38,127.3,120.74,127.2,798321,0.0
2022-02-10,125.9,131.9,122.24,123.88,686566,0.0
2022-02-11,122.71,128.86,115,117.31,634667,0.0
