Date,Open,High,Low,Close,Volume,OpenInterest
2020-12-04,384.23,393.73,384.23,392.8,60009,0.0
2020-12-07,389.28,394.82,389.22,390.98,67905,0.0
2020-12-08,390.37,398.61,390.37,395.36,84332,0.0
2020-12-09,394.28,397.075,392.24,394.59,93591,0.0
2020-12-10,393,397.225,390.72,391.58,86176,0.0
2020-12-11,389.96,394.605,386.145,387.1,129141,0.0
2020-12-14,390.19,390.835,380.52,380.71,111375,0.0
2020-12-15,383.24,387.45,381.24,387.08,175195,0.0
2020-12-16,388.99,388.99,378.83,379.81,133036,0.0
2020-12-17,381.92,384.32,377.57,380.78,151117,0.0
2020-12-18,381.39,383.97,376.48,381.09,227841,0.0
2020-12-21,376.35,380.135,370.19,378.35,151351,0.0
2020-12-22,379.17,382.29,377.26,378.67,84205,0.0
2020-12-23,381.43,388.03,379.96,385.66,93112,0.0
2020-12-24,384.27,385.26,380.1,383.54,13254,0.0
2020-12-28,386.07,389.98,385.66,386.8,54331,0.0
2020-12-29,388.27,388.27,381.37,384.95,55036,0.0
2020-12-30,384.63,392.27,384.63,391.11,59888,0.0
2020-12-31,390.41,392.96,389.03,392.3,58927,0.0
2021-01-04,352.78,385,350.01,362.16,1369197,0.0
2021-01-05,362,376.42,356.01,375.4799,808151,0.0
2021-01-06,376.98,378.81,365.42,368.79,583963,0.0
2021-01-07,373.08,374.38,355.18,356.37,604847,0.0
2021-01-08,356.2,369.925,355.495,368.37,471886,0.0
2021-01-11,366.31,375.97,363.3,372.45,372001,0.0
2021-01-12,373.32,385.69,372.99,382.51,794144,0.0
2021-01-13,382.64,391.11,381,386.85,643622,0.0
2021-01-14,386.12,393.24,386.01,388.63,227858,0.0
2021-01-15,386.89,386.89,377.7301,382.57,330739,0.0
2021-01-19,387.01,390.665,384.805,387.11,280105,0.0
2021-01-20,387.75,390.95,386.35,387.75,279050,0.0
2021-01-21,385.68,390.065,383.32,387.68,248636,0.0
2021-01-22,384.42,390.52,384.27,388.85,198027,0.0
2021-01-25,386.28,389.32,383.14,386.1,234715,0.0
2021-01-26,389.34,390,383.2,383.6,250268,0.0
2021-01-27,383.58,392.3,379.095,387.37,355591,0.0
2021-01-28,389.83,391.905,366.13,367.97,363526,0.0
2021-01-29,367.9,369.4775,354.72,357.05,219928,0.0
2021-02-01,366,374.23,362.215,373.21,249169,0.0
2021-02-02,377.47,386.8,374.28,383.52,252644,0.0
2021-02-03,380.71,384.415,376.2669,378.43,175130,0.0
2021-02-04,378.77,387.46,378.77,387.44,195473,0.0
2021-02-05,387.36,390.98,383.01,385.51,235233,0.0
2021-02-08,386.05,388.66,383.3,387.57,123145,0.0
2021-02-09,385.93,390.53,384.3367,390.02,123210,0.0
2021-02-10,389.95,392.099,386.27,388.3,172389,0.0
2021-02-11,387.94,394.84,385.71,388.61,175748,0.0
2021-02-12,385.47,389.63,383.38,387.9,248579,0.0
2021-02-16,395.28,396.76,389.59,389.98,249551,0.0
2021-02-17,390.25,409.48,389.86,403.24,580624,0.0
2021-02-18,399.48,412.375,397.09,408.62,371607,0.0
2021-02-19,413.31,413.31,404.11,405.91,195649,0.0
2021-02-22,403.59,406.15,397.9,398.11,176908,0.0
2021-02-23,385.44,390.99,377.78,381.08,263465,0.0
2021-02-24,384.33,395.0161,383.105,391.3098,385842,0.0
2021-02-25,389.43,389.43,372.75,378.02,190276,0.0
2021-02-26,380.73,380.73,370.105,371.06,197598,0.0
2021-03-01,376.62,384.08,376.62,380.37,201738,0.0
2021-03-02,380.26,380.43,373.33,374.97,173353,0.0
2021-03-03,375.23,377.9,370.12,370.15,195437,0.0
2021-03-04,369.32,370.76,354.17,367.67,286036,0.0
2021-03-05,373.16,387.92,363.32,387.15,320131,0.0
2021-03-08,389.64,394.38,383.62,391.02,276903,0.0
2021-03-09,390.19,393.33,382.6525,383.94,270477,0.0
2021-03-10,387.98,392.3121,381.88,390.19,307536,0.0
2021-03-11,390.79,397.66,389.565,390.85,216188,0.0
2021-03-12,391.02,395.37,390,395.25,123564,0.0
2021-03-15,399.1,401.33,390.48,399.39,265581,0.0
2021-03-16,399.1,399.59,389.195,391.26,140065,0.0
2021-03-17,391.49,393.94,388.5,392.14,121917,0.0
2021-03-18,392.7,398.71,389.61,393.6,179009,0.0
2021-03-19,392.07,393.235,383.54,386.39,243516,0.0
2021-03-22,386.39,397.145,383.75,394.19,174117,0.0
2021-03-23,391.31,396.98,387.51,389.7,168467,0.0
2021-03-24,389.26,395.86,387.98,388.13,119295,0.0
2021-03-25,384.49,400.45,383.89,398.76,150550,0.0
2021-03-26,399.46,402.655,394.64,400.78,140259,0.0
2021-03-29,400.19,409.7,397.76,406.26,168254,0.0
2021-03-30,406.89,407.76,400.4199,404.67,150882,0.0
2021-03-31,405.25,418.67,405.25,414.24,374105,0.0
2021-04-01,416.12,424.05,414.34,417.62,428396,0.0
2021-04-05,421.72,423.1,417.15,420.24,227492,0.0
2021-04-06,419.98,422.58,417.21,418.81,217722,0.0
2021-04-07,419.3,419.3,412.25,414.89,186598,0.0
2021-04-08,414.29,420.17,411.475,419.26,124457,0.0
2021-04-09,420.59,420.59,416.23,419.72,151175,0.0
2021-04-12,420.55,428.63,419.07,427.46,191794,0.0
2021-04-13,426.66,427.035,423.1201,423.99,84206,0.0
2021-04-14,425.73,428.08,422.7,423.26,154349,0.0
2021-04-15,423.54,428.165,421.81,426.6,141806,0.0
2021-04-16,430.12,430.89,425.75,429.04,179413,0.0
2021-04-19,430.01,430.45,426.63,429.68,222193,0.0
2021-04-20,429.43,431.92,420.11,425.64,215190,0.0
2021-04-21,426.03,437.62,423.35,436.61,152629,0.0
2021-04-22,434.76,442.29,433.68,437.44,158282,0.0
2021-04-23,439.54,444.13,436.01,443.27,131991,0.0
2021-04-26,445.96,446.12,438.59,440.1,164737,0.0
2021-04-27,441.44,445.08,437.14,442.81,190910,0.0
2021-04-28,450.51,453.76,441.36,450.28,306921,0.0
2021-04-29,453.87,457.79,449.215,452.58,122936,0.0
2021-04-30,450.59,452.75,446.72,447.27,134280,0.0
2021-05-03,448.49,449.765,440.39,442.45,319153,0.0
2021-05-04,440.28,440.6,428.4,432.4,218782,0.0
2021-05-05,434.02,434.02,424.28,429.38,289172,0.0
2021-05-06,429.74,434.97,427.22,433.72,158619,0.0
2021-05-07,432.32,439.9775,430.01,435.95,167082,0.0
2021-05-10,434.62,438.745,431.51,431.98,465376,0.0
2021-05-11,428.25,428.25,418.25,423.83,201839,0.0
2021-05-12,422.12,424.11,412.42,412.43,295567,0.0
2021-05-13,414.48,417.21,408.84,409.66,493592,0.0
2021-05-14,413.28,428.35,412.63,425.74,276431,0.0
2021-05-17,423.38,426.17,415.53,416.3,329788,0.0
2021-05-18,414.66,417.74,408.61,409.43,336799,0.0
2021-05-19,405.99,405.99,398.44,402.94,223885,0.0
2021-05-20,403.43,415.55,400.28,406.72,254937,0.0
2021-05-21,409.18,411.0513,403.49,406.04,233386,0.0
2021-05-24,412.37,412.64,407,410.88,278117,0.0
2021-05-25,413.14,418.96,408.628,410.2,247928,0.0
2021-05-26,408.83,413.32,407.77,409.19,248321,0.0
2021-05-27,412,418.88,410.18,418.395,249011,0.0
2021-05-28,416.93,420.07,414.11,419.73,192028,0.0
2021-06-01,422.37,429.43,420.215,429.07,293910,0.0
2021-06-02,429.64,430.48,422.57,423.19,216830,0.0
2021-06-03,420.23,423.13,419.76,421.53,177468,0.0
2021-06-04,421.6,423.63,420.635,422.2,174521,0.0
2021-06-07,421.88,421.88,415.62,416.87,168290,0.0
2021-06-08,416.8,425.05,415.62,422.65,232373,0.0
2021-06-09,420.52,423.375,415.27,418.78,251994,0.0
2021-06-10,422.24,424.43,419.315,421.52,146467,0.0
2021-06-11,423.71,424.9,420.64,424.08,130002,0.0
2021-06-14,422.14,424.9,420.47,424.87,218116,0.0
2021-06-15,426.54,428.9458,421.975,427.05,194511,0.0
2021-06-16,427.23,431.78,425.22,429.47,195872,0.0
2021-06-17,430.29,432.25,423.651,426,195361,0.0
2021-06-18,421.64,427.38,421.64,422.69,262543,0.0
2021-06-21,425.53,434.61,425,433.515,124316,0.0
2021-06-22,432,433.015,428.7,429.76,178419,0.0
2021-06-23,429.63,430.73,421.06,422.35,164760,0.0
2021-06-24,424.87,425.25,420.11,423.88,158589,0.0
2021-06-25,423.82,428.87,423.2,427.66,204327,0.0
2021-06-28,424.69,426.32,418.89,421.33,179691,0.0
2021-06-29,421.68,424.42,416.175,418,147622,0.0
2021-06-30,416.29,422.01,415.845,418.32,111494,0.0
2021-07-01,419.63,421.31,417.22,421.08,94584,0.0
2021-07-02,423.09,424.43,420.28,422.26,91686,0.0
2021-07-06,421.97,422.42,414.66,422.02,167621,0.0
2021-07-07,421.72,427.23,419.62,427.23,93000,0.0
2021-07-08,416.74,425.299,416.74,418.195,117333,0.0
2021-07-09,421.67,426.99,421.94,426.9,82724,0.0
2021-07-12,424.3,427.22,422.95,426.86,103832,0.0
2021-07-13,424.06,439.57,424.06,436.87,397294,0.0
2021-07-14,438.83,438.895,430.69,434.09,170819,0.0
2021-07-15,431.51,438.595,430.31,436.94,126211,0.0
2021-07-16,439.8,439.8,433.23,434.71,117989,0.0
2021-07-19,429.52,427.92,417.315,419.74,153526,0.0
2021-07-20,421.6,438.85,421.37,436.48,168253,0.0
2021-07-21,438.27,442.39,433.97,442.39,140421,0.0
2021-07-22,442.48,442.98,439.57,442.09,139966,0.0
2021-07-23,445.73,447.21,443,445.65,128112,0.0
2021-07-26,445.8,447.4353,440.805,444.92,110371,0.0
2021-07-27,442.54,443.4,439.23,441.47,155974,0.0
2021-07-28,445.51,459.84,445.51,455.35,391672,0.0
2021-07-29,457.72,457.72,448.97,448.97,154609,0.0
2021-07-30,446.38,453.36,446.15,452.77,205729,0.0
2021-08-02,454.68,462.85,451.83,453.14,231969,0.0
2021-08-03,451.61,455.28,448.2721,454.09,147472,0.0
2021-08-04,453.07,457.32,450.27,453.73,184227,0.0
2021-08-05,457.28,460.8,453.91,453.95,185576,0.0
2021-08-06,457.27,460.315,456.12,458.4,113531,0.0
2021-08-09,456.69,459.46,454.99,455.51,117221,0.0
2021-08-10,456.74,458.256,452.502,452.79,100885,0.0
2021-08-11,452.59,457.26,451,457.22,89061,0.0
2021-08-12,459.05,460.47,456.05,456.56,180372,0.0
2021-08-13,455.56,460.4372,454.93,454.97,58249,0.0
2021-08-16,450,455.265,446.005,454.72,130345,0.0
2021-08-17,452.29,456.95,450.21,455.93,189240,0.0
2021-08-18,453.88,459.83,451.76,451.81,244587,0.0
2021-08-19,447.34,451.56,444.98,445.68,126008,0.0
2021-08-20,444.37,453.19,443.152,450.3,150986,0.0
2021-08-23,453.55,459.39,451.93,454.29,154521,0.0
2021-08-24,455.94,460.23,455.94,455.95,167421,0.0
2021-08-25,457.98,461.085,456.79,458.23,263549,0.0
2021-08-26,456.86,457.81,451.9501,453.67,162473,0.0
2021-08-27,456.31,460.75,454.81,458.89,165645,0.0
2021-08-30,460,463.435,458.31,459,138388,0.0
2021-08-31,460,464.23,453.53,463.26,400375,0.0
2021-09-01,464.56,465.4,453.895,457.805,301943,0.0
2021-09-02,459.59,465.33,458.58,459.39,321639,0.0
2021-09-03,455.05,456.43,447.67,448.98,233694,0.0
2021-09-07,445.05,446.23,439.195,443.31,239627,0.0
2021-09-08,442.69,446.9,437.43,445.5,166879,0.0
2021-09-09,445.89,447.25,440.25,440.98,191018,0.0
2021-09-10,444.19,444.19,432.51,432.94,235499,0.0
2021-09-13,434.28,434.28,423.91,428.56,388942,0.0
2021-09-14,434.48,434.67,424.57,431.22,411402,0.0
2021-09-15,430.65,434.34,427.97,431.74,298368,0.0
2021-09-16,431.6,431.89,427.35,427.92,219499,0.0
2021-09-17,426.51,426.81,420.17,423,305461,0.0
2021-09-20,415,420.34,412.5086,418.65,314329,0.0
2021-09-21,421.43,422.39,414.09,418.38,257416,0.0
2021-09-22,419,430.12,419,427.11,166282,0.0
2021-09-23,430.43,434.97,428.96,432.99,177193,0.0
2021-09-24,431.13,436.85,431.13,433.44,169829,0.0
2021-09-27,434.75,438.95,431.93,432.5,235187,0.0
2021-09-28,431.92,435.375,429.39,432.08,174797,0.0
2021-09-29,434.45,435.96,432.02,432.51,146679,0.0
2021-09-30,434.09,438.34,429.26,429.56,248823,0.0
2021-10-01,431.96,440.3,430.14,437.42,239001,0.0
2021-10-04,435.93,437.67,424.145,429.96,252230,0.0
2021-10-05,431.94,433.45,428.55,429.05,220628,0.0
2021-10-06,425.11,429.68,422.42,429.09,187610,0.0
2021-10-07,432.56,436.2,429.2,429.23,141386,0.0
2021-10-08,429.92,430.2181,421.17,422.93,222317,0.0
2021-10-11,422.94,427.7025,421.315,422.44,104813,0.0
2021-10-12,423.44,428.55,422.01,424.36,149691,0.0
2021-10-13,422.84,424.24,419.4,423.71,115071,0.0
2021-10-14,426.38,430.04,425.38,428.37,171826,0.0
2021-10-15,430.75,430.75,425.78,429.42,276635,0.0
2021-10-18,428.55,436.11,427.57,432.7,145385,0.0
2021-10-19,432.62,437.64,431.945,436.85,215622,0.0
2021-10-20,437.68,442.5,435.5739,439.37,140488,0.0
2021-10-21,438.26,444.45,438.26,444.2,133231,0.0
2021-10-22,444.89,450.32,442.68,446.02,153687,0.0
2021-10-25,447.02,449.8,443.965,444.92,126375,0.0
2021-10-26,444.16,446.43,435.92,437.63,290806,0.0
2021-10-27,457.99,462.19,445.41,452.26,503470,0.0
2021-10-28,452.21,454.07,444.56,446.43,231482,0.0
2021-10-29,445.17,456.29,444.77,449.54,342386,0.0
2021-11-01,448.76,452.275,439.73,450.72,215160,0.0
2021-11-02,453.3,455.81,446.29,449.15,99123,0.0
2021-11-03,446.07,448.4418,439.53,445.38,145989,0.0
2021-11-04,444.1,450.63,443.49,447.6,114631,0.0
2021-11-05,451.02,455.35,442.09,446.17,162571,0.0
2021-11-08,448.35,448.35,441.25,441.65,204199,0.0
2021-11-09,440.54,443.67,438.145,438.99,220960,0.0
2021-11-10,438,445.38,436.69,442.82,228256,0.0
2021-11-11,443.07,446.78,440.35,443.89,153321,0.0
2021-11-12,444.62,444.64,439.7,444.27,168008,0.0
2021-11-15,445.9,447.92,443.195,443.84,93848,0.0
2021-11-16,443.56,452.46,443.56,449.84,146209,0.0
2021-11-17,448.67,452.23,448.635,451.48,116095,0.0
2021-11-18,451.28,451.42,446.27,449.74,81711,0.0
2021-11-19,445.01,449.41,443.23,444.51,148798,0.0
2021-11-22,444.12,448.5,438.49,438.53,124146,0.0
2021-11-23,439.61,439.73,434.29,435.87,127633,0.0
2021-11-24,433.87,438.03,430.12,437.56,102378,0.0
2021-11-26,426.49,428.72,420.96,426.5,107685,0.0
2021-11-29,430.39,436.425,427.85,431.88,150281,0.0
2021-11-30,428.15,429.04,414.45,415.75,338812,0.0
2021-12-01,424.01,424.93,412.83,413.26,186086,0.0
2021-12-02,415.59,424.32,415.59,421.91,284586,0.0
2021-12-03,419.03,421.83,411.95,415.84,163459,0.0
2021-12-06,424.15,428.82,417.66,424.73,176377,0.0
2021-12-07,428.08,435.54,426.84,432.56,156314,0.0
2021-12-08,435.11,437.65,433.87,434.64,91769,0.0
2021-12-09,432.59,436.77,430.95,430.95,116432,0.0
2021-12-10,432.86,438.21,432.86,435.47,95471,0.0
2021-12-13,435.45,435.615,429.87,432.85,70977,0.0
2021-12-14,431.81,434.62,430,432.06,103087,0.0
2021-12-15,434.63,439.49,427.92,438.93,100997,0.0
2021-12-16,440.76,442.21,430.89,431.99,134704,0.0
2021-12-17,429.64,430.23,417.07,417.32,262785,0.0
2021-12-20,412.78,413.86,405.04,411.62,165856,0.0
2021-12-21,414.26,424.19,413.2547,423.38,131575,0.0
2021-12-22,422.9,426.11,420.33,425.72,105462,0.0
2021-12-23,427.28,431.71,425.28,428.65,89934,0.0
2021-12-27,428.77,434.18,427.65,433.22,78398,0.0
2021-12-28,431.98,436.89,431.98,434.66,95304,0.0
2021-12-29,434.19,439.62,434.19,436.47,86434,0.0
2021-12-30,439.36,441.93,435.09,435.78,71111,0.0
2021-12-31,434.02,438.625,434.02,437.1,77939,0.0
2022-01-03,437.5,443.5,435.1,442.52,174289,0.0
2022-01-04,443.39,449.42,442.62,447.94,187991,0.0
2022-01-05,448.84,451.3068,428.74,429.12,153424,0.0
2022-01-06,430.78,437.84,426.47,427.11,142049,0.0
2022-01-07,425.27,428.3379,421.53,421.99,106541,0.0
2022-01-10,418.87,421.36,412.825,421.12,144821,0.0
2022-01-11,422.26,429.635,418.57,429.02,134898,0.0
2022-01-12,431.95,431.95,425.8,428.76,95534,0.0
2022-01-13,429.1,430.57,422.19,422.65,100149,0.0
2022-01-14,418.62,421.7,415.41,420.45,123881,0.0
2022-01-18,417.79,415.74,409.9275,412.65,173217,0.0
2022-01-19,413.34,421.5,412.65,416.79,151009,0.0
2022-01-20,418.5,426.77,416.5676,417.7,204746,0.0
2022-01-21,418.35,421.7761,411.6,414.26,234062,0.0
2022-01-24,410.66,417.16,397.58,417.16,263355,0.0
2022-01-25,410.51,411.465,397.59,405.22,298058,0.0
2022-01-26,409.25,415.2,400.64,405.99,263289,0.0
2022-01-27,425,427,396.575,397.27,320192,0.0
2022-01-28,399.38,410.45,391.28,409.47,290712,0.0
2022-01-31,408.22,422.025,408.22,421.35,254063,0.0
2022-02-01,420.97,424.4775,415.61,422.61,229001,0.0
2022-02-02,423,429.78,420.83,428.35,266338,0.0
2022-02-03,424.57,429.0915,421.5,422.71,130037,0.0
2022-02-04,420.74,423.93,414.03,417.61,129109,0.0
2022-02-07,417.73,424.2942,417.73,421.94,119334,0.0
2022-02-08,421.44,424.39,417.2,423.72,139973,0.0
2022-02-09,429.03,433.27,427.36,432.2,119770,0.0
2022-02-10,423.35,433.355,421.45,424.8899,102070,0.0
2022-02-11,425.7,428,417.35,421.24,180637,0.0
