Date,Open,High,Low,Close,volume,trade_count,vwap
2020-12-31,51.19,51.58,48.8,48.94,447837,7087,49.392031
2021-01-04,48.82,49.8,46.51,47.34,503769,8328,47.850531
2021-01-05,47.44,48.91,47.36,48.28,353233,7157,48.281822
2021-01-06,48.16,49.97,47.91,48.86,596854,8754,48.746129
2021-01-07,49.32,52.66,49.32,50.6,601960,10495,51.269414
2021-01-08,51.17,57.09,51.0,51.99,1155214,16755,53.450405
2021-01-11,51.3,52.0,49.3,49.86,597976,8775,50.347866
2021-01-12,50.47,51.34,48.86,49.96,658904,8485,49.921371
2021-01-13,49.87,51.87,49.26,49.95,474942,7195,50.489282
2021-01-14,50.23,55.02,50.0,52.58,679914,11830,53.142119
2021-01-15,52.48,54.64,50.54,50.79,605331,9577,51.576833
2021-01-19,51.82,53.51,51.76,53.4,635660,8068,52.944959
2021-01-20,54.31,59.47,54.17,54.17,912360,11619,56.40221
2021-01-21,54.82,55.275,50.94,53.97,766376,11151,53.476259
2021-01-22,53.41,55.88,53.32,55.24,493351,7461,55.051266
2021-01-25,55.82,57.245,53.56,55.38,628655,7921,55.226256
2021-01-26,55.99,56.92,52.3,52.57,575817,8946,53.474175
2021-01-27,50.68,54.11,47.35,51.76,1017950,12603,51.495777
2021-01-28,54.04,57.6218,51.96,56.87,661230,9045,56.261338
2021-01-29,56.85,58.81,55.23,56.7,621948,9341,57.007317
2021-02-01,58.36,61.17,57.385,60.72,571828,8975,59.586664
2021-02-02,62.31,67.14,62.31,65.03,981453,16299,65.166017
2021-02-03,67.0,77.11,66.75,73.79,1195253,16729,73.687854
2021-02-04,73.05,78.96,71.08,77.87,1141819,14744,76.395843
2021-02-05,77.0,79.99,71.04,73.04,2986768,36011,74.544556
2021-02-08,77.99,80.29,74.885,77.27,2621049,32062,77.464294
2021-02-09,78.59,83.53,78.14,81.38,1898691,17155,81.623886
2021-02-10,83.43,86.03,75.02,76.44,1152091,19040,78.345205
2021-02-11,76.33,77.58,74.16,74.92,840036,11594,75.41024
2021-02-12,75.41,76.48,74.24,75.73,897357,11917,75.628648
2021-02-16,77.76,79.3,74.21,74.66,1040439,15693,76.375479
2021-02-17,72.43,74.88,68.71,74.0,864506,13466,72.358151
2021-02-18,70.89,72.4,66.66,69.82,1319561,17744,70.051399
2021-02-19,70.79,74.76,70.79,72.96,721522,10890,73.085689
2021-02-22,71.82,72.1,62.225,63.09,1283822,17989,65.511079
2021-02-23,61.01,61.6299,53.392,61.51,1650895,30321,58.957383
2021-02-24,60.7,64.96,59.52,62.3,868041,13112,62.471332
2021-02-25,61.59,62.0,56.57,58.56,931140,18020,58.801907
2021-02-26,59.35,61.87,55.5,58.06,854318,13613,58.242896
2021-03-01,59.53,64.83,59.53,62.89,979898,14525,63.299405
2021-03-02,62.67,64.29,61.72,62.15,940364,11113,62.600123
2021-03-03,61.39,62.25,54.16,55.38,740708,14720,56.535799
2021-03-04,54.41,56.16,46.52,46.91,2181131,32709,49.352792
2021-03-05,47.72,48.19,40.69,47.51,2519574,43194,44.976958
2021-03-08,48.02,50.2865,43.5,44.47,1417157,24515,45.59994
2021-03-09,46.94,52.18,46.94,50.69,1707096,23365,50.646543
2021-03-10,51.2,55.12,49.85,50.01,1440634,16434,52.203085
2021-03-11,52.77,54.68,52.39,53.16,1589338,20149,53.520258
2021-03-12,51.29,52.665,50.5,52.48,627641,10815,51.936245
2021-03-15,51.78,54.3,51.78,53.93,753817,8801,53.806943
2021-03-16,54.89,56.0,51.19,52.91,1053400,12509,53.377509
2021-03-17,51.16,55.78,50.0,53.92,1356588,14412,53.298415
2021-03-18,53.44,53.44,49.5,49.84,1500069,15142,50.406141
2021-03-19,49.77,52.5,49.61,51.99,2009583,12920,51.570712
2021-03-22,52.56,55.93,52.04,54.41,981462,11356,54.410734
2021-03-23,54.04,54.3,51.8789,53.01,970419,12452,52.911258
2021-03-24,54.43,54.44,46.63,48.11,1418739,20450,48.313945
2021-03-25,46.27,50.11,44.71,50.01,1170539,20276,47.705568
2021-03-26,50.66,51.49,46.42,48.33,864765,15622,48.187597
2021-03-29,48.03,48.59,45.4,46.74,607549,11192,46.722526
2021-03-30,46.58,50.18,45.18,49.47,530856,8446,49.005186
2021-03-31,50.6,55.005,50.1,53.75,1028196,14179,53.866384
2021-04-01,54.92,58.295,52.57,52.72,875991,11079,54.36258
2021-04-05,54.31,57.59,54.31,56.62,741326,9189,56.168088
2021-04-06,55.72,59.835,54.5001,55.41,981290,12857,56.778265
2021-04-07,54.92,55.09,51.69,52.16,450222,7361,52.690364
2021-04-08,52.99,54.61,52.38,53.37,397220,7208,53.283316
2021-04-09,53.38,54.37,51.26,52.57,453732,7076,52.219863
2021-04-12,52.81,52.9,49.63,51.71,277833,6962,51.373275
2021-04-13,52.25,55.77,52.195,55.0,489005,9217,54.398054
2021-04-14,55.63,57.97,53.16,53.62,420552,8944,55.383323
2021-04-15,54.41,56.83,54.3,56.32,406018,7508,56.057865
2021-04-16,56.01,56.195,46.18,48.16,1365611,18968,49.193352
2021-04-19,47.04,48.08,43.49,45.25,785654,15474,44.928645
2021-04-20,44.76,46.21,43.7,45.87,692322,11666,45.135485
2021-04-21,45.63,49.47,44.255,49.47,456465,8288,48.392953
2021-04-22,49.88,50.48,48.05,49.18,592189,9846,49.455217
2021-04-23,49.81,50.634,48.51,49.45,452086,5535,49.658466
2021-04-26,50.3,51.73,49.07,50.66,402545,6872,50.683183
2021-04-27,50.59,51.6,49.67,50.9,402285,7643,50.847335
2021-04-28,50.15,51.16,48.66,50.7,326214,6303,50.332559
2021-04-29,51.27,51.51,48.36,49.0,540215,8681,49.097806
2021-04-30,48.24,50.05,48.215,49.75,581969,7549,49.570254
2021-05-03,50.2,50.34,45.25,45.99,593758,10602,46.536712
2021-05-04,45.42,45.6,42.77,45.27,861797,12171,44.714541
2021-05-05,46.16,46.32,42.76,43.66,567760,9280,44.371637
2021-05-06,43.13,43.93,40.86,43.84,733854,14394,42.334412
2021-05-07,45.56,47.46,44.13,44.35,679307,11387,45.207886
2021-05-10,43.2,43.42,40.79,42.31,1204740,17395,42.246882
2021-05-11,38.07,43.37,38.0,39.89,1770643,29919,40.847738
2021-05-12,38.42,39.66,36.06,36.46,1104960,18796,36.877203
2021-05-13,37.35,38.25,33.66,35.21,1235334,17612,35.343472
2021-05-14,36.02,37.5,35.27,36.54,870568,12116,36.698013
2021-05-17,35.22,36.05,33.9,35.62,846730,14487,35.277666
2021-05-18,35.75,37.94,34.88,36.44,900641,10627,36.642101
2021-05-19,35.13,36.97,34.91,36.65,839284,15279,36.303814
2021-05-20,37.24,38.17,36.92,37.13,682317,10444,37.425251
2021-05-21,37.97,39.4,37.12,37.76,1474344,18335,38.31939
2021-05-24,38.14,38.76,37.215,37.29,553483,9745,37.804887
2021-05-25,37.82,39.0,37.73,38.25,700392,10637,38.456517
2021-05-26,38.21,40.515,37.78,40.4,673068,10360,39.792475
2021-05-27,40.34,40.625,38.8,39.48,727710,12109,39.777871
2021-05-28,39.86,41.76,38.71,39.05,538974,8837,39.581389
2021-06-01,39.17,39.79,35.94,36.6,737768,11746,36.752796
2021-06-02,36.39,37.08,35.4,36.07,971496,10595,36.100552
2021-06-03,35.6,36.21,33.84,33.9,1034276,14055,34.214637
2021-06-04,34.2,35.37,32.87,32.94,1067146,13164,33.826048
2021-06-07,33.59,36.05,33.27,34.94,1581789,22249,34.926761
2021-06-08,35.71,35.98,33.28,34.4,748318,11445,34.437523
2021-06-09,34.73,36.435,34.61,35.52,1030927,13156,35.595987
2021-06-10,35.94,37.21,34.68,36.69,1009083,11811,36.366082
2021-06-11,36.69,37.58,35.835,36.14,659959,10138,36.291528
2021-06-14,36.38,38.11,36.37,37.25,661490,10363,37.440964
2021-06-15,37.9,38.06,35.85,36.45,548219,7893,36.604958
2021-06-16,36.42,36.96,34.77,36.37,496922,10538,36.095858
2021-06-17,35.95,38.86,35.7963,38.19,650955,9370,38.215836
2021-06-18,37.42,38.5162,36.31,37.47,1349031,11429,37.376824
2021-06-21,37.57,38.33,36.23,38.01,560976,8183,37.85846
2021-06-22,37.96,38.59,37.51,38.56,415844,6876,38.259969
2021-06-23,38.52,39.9,38.52,39.08,485658,7835,39.308788
2021-06-24,39.42,40.91,39.42,40.6,626360,10561,40.537647
2021-06-25,40.64,42.4899,40.225,42.0,3498926,15009,41.827363
2021-06-28,43.47,43.84,41.51,41.93,812405,12930,42.294997
2021-06-29,41.73,43.48,41.22,41.28,887575,10052,42.15263
2021-06-30,41.25,41.25,39.54,39.98,827353,8234,40.141643
2021-07-01,40.37,40.68,38.95,40.04,433165,6796,39.841952
2021-07-02,40.39,40.5,39.04,39.5,606575,5807,39.731086
2021-07-06,39.85,40.55,39.06,39.99,557829,7197,39.854372
2021-07-07,40.1,40.22,38.2,38.2,431242,7503,38.579612
2021-07-08,36.87,38.825,36.3,37.9,823827,10986,37.905281
2021-07-09,38.13,38.34,37.43,37.97,546915,7991,38.00012
2021-07-12,38.09,39.525,38.05,39.4,931604,10683,39.160956
2021-07-13,38.83,39.39,37.99,38.6,583015,8466,38.559657
2021-07-14,38.9,39.59,35.28,35.62,606712,9785,36.249153
2021-07-15,35.66,37.4,35.1033,36.74,813432,10533,36.617755
2021-07-16,37.28,38.19,36.52,38.13,809235,7952,37.679433
2021-07-19,37.0,37.5,35.79,36.59,477832,9106,36.521057
2021-07-20,36.83,38.605,36.53,38.4,766548,12013,38.066762
2021-07-21,38.68,39.055,37.09,38.89,362503,5620,38.613496
2021-07-22,38.93,39.35,38.09,38.27,319247,5903,38.552953
2021-07-23,38.36,39.35,36.73,39.25,656548,10460,38.570989
2021-07-26,39.38,39.38,37.08,37.47,379090,6786,37.646234
2021-07-27,37.35,37.695,35.7,37.2,438172,8667,36.984455
2021-07-28,37.4,39.71,37.39,39.45,633878,8117,39.105313
2021-07-29,39.48,40.02,38.58,39.23,693270,10111,39.345075
2021-07-30,41.0,44.64,41.0,44.56,1246623,14935,43.595463
2021-08-02,44.77,44.92,42.3475,43.94,705375,11551,43.981439
2021-08-03,44.02,45.29,43.01,44.6,620373,8751,44.09548
2021-08-04,44.29,46.44,44.19,46.34,565235,8198,45.816335
2021-08-05,46.58,47.95,45.58,47.84,552849,8559,47.16456
2021-08-06,48.01,48.01,46.18,46.97,518325,8915,46.867035
2021-08-09,46.97,48.5,46.2401,46.87,546432,6995,47.296773
2021-08-10,46.81,48.09,43.41,43.81,438282,7437,44.654636
2021-08-11,43.48,43.7,41.92,42.99,734044,12669,42.790742
2021-08-12,43.16,43.27,42.35,42.52,404303,6633,42.776935
2021-08-13,42.45,42.56,40.53,40.55,364477,7365,41.053464
2021-08-16,40.42,40.42,38.5,38.77,720471,11774,39.149588
2021-08-17,38.09,38.41,37.04,38.1,468348,10353,37.832373
2021-08-18,38.28,38.66,37.02,37.04,492217,10044,37.731
2021-08-19,36.27,38.06,36.2,37.07,314736,7583,37.223735
2021-08-20,36.93,39.34,36.89,39.03,1081382,10378,38.002688
2021-08-23,39.5,40.61,39.3,40.26,709238,9786,40.02426
2021-08-24,40.31,42.43,40.225,42.02,445324,8712,41.542551
2021-08-25,41.66,44.59,41.02,44.39,1178164,16592,43.589472
2021-08-26,44.52,45.2,42.83,44.36,881040,12789,44.173962
2021-08-27,44.59,47.8,44.41,47.72,794284,12407,47.15286
2021-08-30,47.92,49.39,47.37,48.71,696526,10754,48.698801
2021-08-31,48.75,48.97,46.55,48.11,1074671,10322,47.556391
2021-09-01,48.56,51.84,48.26,51.64,675755,11026,50.790998
2021-09-02,52.03,53.3,50.75,52.97,866553,11617,52.652932
2021-09-03,52.56,52.88,50.71,51.26,669671,8014,51.500326
2021-09-07,51.2,51.71,49.83,51.06,631668,10347,50.654117
2021-09-08,50.53,51.49,49.38,49.84,485964,8931,50.019444
2021-09-09,49.47,51.03,49.35,49.37,387467,7518,49.798877
2021-09-10,49.42,50.15,48.6,48.66,521458,7008,49.04253
2021-09-13,48.98,49.04,46.66,48.24,545428,10352,48.24315
2021-09-14,48.54,49.9,46.6775,46.91,548675,7268,47.534522
2021-09-15,46.64,46.95,44.75,46.72,545452,9058,46.482617
2021-09-16,46.45,46.93,45.01,46.81,294666,6106,46.310137
2021-09-17,47.19,51.79,46.805,51.2,1260112,14809,50.292083
2021-09-20,49.31,50.0726,47.57,48.19,472145,9273,48.302358
2021-09-21,48.43,50.29,48.41,49.17,364136,6960,49.184346
2021-09-22,49.59,50.96,49.15,50.61,273707,5565,50.381225
2021-09-23,51.17,52.14,50.5,52.04,299959,6028,51.623797
2021-09-24,51.1,52.03,48.44,48.88,414829,7622,49.608018
2021-09-27,48.69,49.21,47.0,47.68,393850,7990,47.631482
2021-09-28,46.79,47.68,46.06,46.42,502904,11123,46.462919
2021-09-29,46.95,47.67,44.9701,45.24,458621,9170,45.741274
2021-09-30,45.9,48.49,45.75,46.45,549887,8971,47.269563
2021-10-01,46.1,47.53,45.26,46.68,446778,8465,46.611363
2021-10-04,46.44,46.84,42.53,43.2,522642,8119,43.798263
2021-10-05,43.52,45.72,43.21,44.35,415118,7681,44.592529
2021-10-06,43.99,44.81,42.5901,43.54,354069,5957,43.491678
2021-10-07,43.86,44.98,43.76,43.89,357749,4922,44.150049
2021-10-08,43.72,44.99,41.12,41.53,297363,5093,42.013148
2021-10-11,41.29,42.68,40.51,41.55,195395,5036,41.76007
2021-10-12,42.11,43.83,42.07,43.23,326689,6220,43.142722
2021-10-13,43.12,44.01,42.765,43.85,279379,6040,43.589613
2021-10-14,44.79,46.47,44.67,45.1,278785,6117,45.34627
2021-10-15,45.93,45.93,44.82,45.16,350810,5679,45.197294
2021-10-18,44.77,45.67,44.18,45.15,269045,5136,45.119368
2021-10-19,45.27,47.59,45.27,46.83,371048,7526,46.753272
2021-10-20,46.63,46.9,45.89,46.45,197641,4756,46.467477
2021-10-21,46.62,47.7,46.14,46.53,209743,3453,46.618129
2021-10-22,46.49,47.35,45.6601,46.4,217432,4897,46.309435
2021-10-25,46.22,46.94,45.0,45.91,235614,5552,46.040409
2021-10-26,46.33,46.79,45.02,46.36,347093,7006,46.180853
2021-10-27,45.85,46.6425,45.07,45.37,604120,5711,45.50163
2021-10-28,45.59,49.53,45.32,49.25,466011,9892,48.403491
2021-10-29,49.24,50.26,47.6,47.88,498020,7622,48.831937
2021-11-01,47.87,51.97,47.48,51.8,470343,9529,50.861638
2021-11-02,51.95,53.02,50.09,52.53,428223,8057,52.185796
2021-11-03,52.53,53.88,51.47,53.79,412344,7940,53.212071
2021-11-04,53.94,54.13,51.96,52.5,431966,8496,52.63958
2021-11-05,52.28,52.39,49.01,49.96,440987,7984,50.177097
2021-11-08,50.43,51.8,50.04,50.79,608114,7765,50.9126
2021-11-09,50.81,51.43,48.95,50.09,608357,9987,49.992175
2021-11-10,50.54,51.96,45.9,45.98,809481,12873,47.603413
2021-11-11,46.34,48.06,46.34,47.0,394153,7211,47.269103
2021-11-12,47.0,48.37,45.96,48.15,755416,7607,47.723705
2021-11-15,48.48,48.58,45.94,46.45,376183,7232,46.753536
2021-11-16,46.38,47.285,45.38,46.93,415536,7129,46.628221
2021-11-17,47.01,47.01,44.13,45.59,554190,8864,45.207496
2021-11-18,46.71,46.71,43.86,45.47,537370,8525,45.080777
2021-11-19,45.74,49.68,45.595,49.3,1298270,19377,48.563509
2021-11-22,49.46,49.8,45.0,45.17,733468,12882,46.363435
2021-11-23,44.62,46.545,41.12,42.45,849007,13503,42.427819
2021-11-24,41.46,42.58,40.44,42.21,498122,9320,41.603929
2021-11-26,41.78,43.39,40.71,41.56,363293,6552,41.678762
2021-11-29,42.28,42.99,40.12,41.45,622047,11967,41.360963
2021-11-30,41.21,43.14,39.95,41.48,785379,11912,41.301049
2021-12-01,42.31,42.31,37.85,37.92,673397,14394,39.589378
2021-12-02,37.89,40.11,37.16,39.22,741215,11495,38.810366
2021-12-03,39.29,41.07,35.6,36.09,928377,15271,36.487618
2021-12-06,36.05,37.81,34.21,37.6,793632,14168,36.683754
2021-12-07,39.08,42.31,39.08,41.2,696138,10241,41.236144
2021-12-08,41.14,42.83,38.67,42.22,386287,9147,41.824512
2021-12-09,41.67,41.9,39.38,39.42,463052,8892,40.067226
2021-12-10,40.02,41.34,38.745,39.22,462320,7357,39.392192
2021-12-13,39.54,41.285,38.41,40.42,601612,10983,40.207489
2021-12-14,39.3,40.53,38.31,39.71,701568,12495,39.351664
2021-12-15,39.7,42.75,39.41,42.5,722620,15236,41.449408
2021-12-16,42.84,43.07,38.28,38.72,929871,16813,39.521927
2021-12-17,38.79,45.58,38.35,44.99,1680238,17614,43.754106
2021-12-20,43.76,43.825,40.85,41.07,1062577,16854,41.609418
2021-12-21,41.43,43.51,40.31,43.3,452801,8158,42.551985
2021-12-22,43.46,45.34,42.46,43.62,457433,10578,43.600343
2021-12-23,43.39,43.43,39.9,40.49,622476,11510,40.728349
2021-12-27,40.42,40.705,38.62,40.12,515275,8066,39.684784
2021-12-28,40.32,41.99,38.99,39.05,424581,9609,39.639042
2021-12-29,39.09,39.9777,38.2,39.06,377115,7195,38.93539
2021-12-30,39.32,42.19,38.93,41.45,495799,9746,41.529189
2021-12-31,42.16,42.81,40.91,41.2,412148,6547,41.637501
2022-01-03,41.43,42.95,40.02,42.51,565163,10444,42.071953
2022-01-04,42.43,42.43,36.445,37.73,772766,14876,37.968447
2022-01-05,37.11,37.59,34.89,34.89,726017,15669,36.111015
2022-01-06,34.54,36.06,32.88,35.12,725018,15745,34.86663
2022-01-07,35.15,37.78,33.2,33.58,626512,10932,34.37521
2022-01-10,32.76,34.1,31.41,33.98,795584,16699,32.766578
2022-01-11,33.95,34.24,31.99,33.57,695981,8021,33.402077
2022-01-12,34.09,35.35,31.935,32.02,833470,13687,32.57339
2022-01-13,32.28,32.46,29.27,29.47,1039627,21864,30.116084
2022-01-14,29.0,30.79,28.42,30.34,857351,14628,29.630571
2022-01-18,29.32,30.37,27.67,27.79,722463,11043,28.530126
2022-01-19,27.89,29.9,27.14,27.22,823747,16743,28.115082
2022-01-20,27.86,30.69,27.54,27.67,948785,15468,28.979476
2022-01-21,27.14,29.0,26.92,26.96,1132997,17998,27.576844
2022-01-24,26.15,28.97,24.1823,28.92,1402850,23803,26.840165
2022-01-25,27.98,29.55,25.74,27.56,1152836,18940,27.751959
2022-01-26,28.59,30.55,26.62,27.06,1011029,17661,28.268679
2022-01-27,27.6,28.62,25.52,25.56,743250,11571,26.417316
2022-01-28,25.6,27.08,23.98,27.08,1040932,16783,25.861358
2022-01-31,27.28,30.54,27.28,30.41,1174347,19168,29.844595
2022-02-01,31.05,31.71,28.73,31.24,820543,14425,30.691468
2022-02-02,31.12,31.505,28.94,29.64,652300,11760,29.68656
2022-02-03,28.33,29.64,27.46,27.71,812019,14984,28.203205
2022-02-04,27.68,29.21,26.68,28.66,840476,10268,28.412761
2022-02-07,28.82,31.1,28.61,30.14,1098474,14965,30.281521
2022-02-08,29.8,30.715,29.08,30.1,481162,8292,29.935244
2022-02-09,31.03,32.77,30.72,32.47,666685,11769,32.201053
2022-02-10,30.72,33.23,30.07,30.83,745215,13536,31.441462
2022-02-11,31.0,32.555,29.48,29.94,549400,11566,30.686518
2022-02-14,29.81,31.42,29.17,29.39,584009,10344,29.983884
2022-02-15,30.07,31.54,29.81,31.2,668771,11768,30.934447
2022-02-16,30.38,30.57,29.1,29.87,512768,8750,29.888094
2022-02-17,29.7,29.7,26.42,26.55,833751,13915,27.304364
2022-02-18,26.45,27.0,25.2,25.33,642144,11825,25.737234
2022-02-22,24.68,25.735,24.54,24.8,609028,13011,25.041533
2022-02-23,25.67,25.68,23.485,23.55,617254,11367,24.154522
2022-02-24,22.03,26.4,22.0,26.16,1077819,19136,25.182033
2022-02-25,25.6977,27.05,25.48,26.93,682413,11838,26.394886
2022-02-28,27.2193,28.75,26.51,27.8,850869,12796,27.799389
2022-03-01,27.87,29.67,26.95,28.04,1305367,20493,28.001948
2022-03-02,28.05,28.91,27.23,27.84,953600,13640,27.887344
2022-03-03,28.3,28.45,25.28,26.02,859222,15949,25.941807
2022-03-04,25.6846,26.6,24.37,24.76,717302,16261,25.006712
2022-03-07,24.94,26.03,24.385,24.51,750284,14165,24.775412
2022-03-08,25.01,26.55,23.61,25.19,755074,12942,25.293966
2022-03-09,26.04,27.15,25.91,26.24,919748,14970,26.468874
2022-03-10,25.48,26.01,24.65,25.87,481196,11368,25.63938
2022-03-11,26.25,26.25,23.64,23.77,494374,11631,24.493925
2022-03-14,23.57,24.4418,21.45,21.94,1164541,21684,22.314158
2022-03-15,22.14,24.23,22.09,23.53,867164,16942,23.383678
2022-03-16,24.29,26.02,23.79,25.98,1230423,24289,25.225014
2022-03-17,25.78,27.69,25.39,27.56,757560,14308,27.177375
2022-03-18,27.04,29.51,27.04,28.29,2204270,15817,28.190433
2022-03-21,27.88,28.37,26.78,27.22,710448,13033,27.286243
2022-03-22,27.32,28.61,26.92,28.16,624601,11334,28.102682
2022-03-23,27.69,28.3,26.5,26.93,564657,10539,27.152245
2022-03-24,27.19,27.66,25.67,27.64,698139,10240,27.182238
2022-03-25,27.73,27.73,26.4,26.96,523438,9682,27.011699
2022-03-28,27.08,28.15,26.7,27.83,572933,9934,27.483428
2022-03-29,28.69,31.36,28.69,30.89,1071179,17226,30.622966
2022-03-30,30.22,30.66,28.64,28.76,695763,11757,29.282546
2022-03-31,28.83,29.22,27.45,27.57,667006,11458,28.036485
2022-04-01,27.65,29.18,27.65,29.02,771856,13882,28.598272
2022-04-04,29.57,30.1,28.73,29.52,464016,10134,29.428088
2022-04-05,29.25,29.555,26.92,27.01,687789,11846,27.339763
2022-04-06,26.56,27.09,25.53,26.86,956075,17260,26.443221
2022-04-07,26.7,27.67,25.9,26.6,713874,12878,26.678886
2022-04-08,26.42,26.74,25.41,25.78,679647,10734,25.932019
2022-04-11,25.14,25.85,24.52,25.32,545449,8865,25.265061
2022-04-12,26.01,27.51,25.35,25.8,674813,12694,26.039027
2022-04-13,25.63,26.27,25.31,25.88,701414,11455,25.913866
2022-04-14,25.89,25.89,24.02,24.15,528449,7721,24.341744
2022-04-18,24.14,24.14,22.94,23.26,590361,10674,23.366117
2022-04-19,23.31,24.61,22.79,23.88,682053,9339,23.906217
2022-04-20,24.11,24.11,22.68,23.06,740025,14185,23.198955
2022-04-21,23.71,24.47,21.36,21.7,1000368,13769,21.909348
2022-04-22,21.65,22.47,21.55,21.79,1540808,16797,21.887164
2022-04-25,21.62,23.32,21.56,23.32,911136,12464,22.960764
2022-04-26,23.09,23.4007,21.855,21.88,1206687,14189,22.290818
2022-04-27,21.86,22.63,21.45,21.57,1045783,12983,21.813541
2022-04-28,21.76,22.34,20.23,21.34,799103,12658,21.273119
2022-04-29,21.23,22.19,20.37,20.47,733642,11220,20.938282
2022-05-02,20.38,21.67,20.29,21.59,1226222,18918,21.255802
2022-05-03,21.68,22.135,21.08,21.46,1398656,23482,21.466751
2022-05-04,21.93,22.605,20.04,22.45,2209473,35104,21.625431
2022-05-05,21.79,21.87,18.3932,19.01,1265743,20536,19.221776
