Date,Open,High,Low,Close,Volume,OpenInterest
2020-09-21,264.14,264.94,259.27,264,904470,0.0
2020-09-22,263.66,268,260.38,267.58,675572,0.0
2020-09-23,267.87,270.085,262.75,263.82,668206,0.0
2020-09-24,262.14,263.9,257.5,263.26,1201645,0.0
2020-09-25,264.1,268.91,260.52,268.24,1130279,0.0
2020-09-28,269.9,270.585,264.23,267.84,825120,0.0
2020-09-29,267.82,271.68,266.38,270.31,748605,0.0
2020-09-30,271.33,274.66,269.465,271.74,908593,0.0
2020-10-01,272.9,275.4,270.65,273.51,704925,0.0
2020-10-02,269.34,272.79,260.13,260.87,1111335,0.0
2020-10-05,262.86,269.07,261.7,268.98,1063006,0.0
2020-10-06,269.89,270.5,260.34,261.11,796159,0.0
2020-10-07,263.18,266.5,262.1,265.53,530915,0.0
2020-10-08,267.16,268.92,264.91,268.55,643813,0.0
2020-10-09,268.865,270.075,266.2401,269.95,702678,0.0
2020-10-12,273.14,277.33,269.575,274.61,1049694,0.0
2020-10-13,275.88,280.99,274.48,276.18,843909,0.0
2020-10-14,275.19,275.75,269.789,271.58,582367,0.0
2020-10-15,227.55,232.46,213.1701,215.165,16980297,0.0
2020-10-16,217.79,225,217.19,218.08,5081882,0.0
2020-10-19,219.0782,225.97,217.25,220.6,2660462,0.0
2020-10-20,222,222.62,214.48,214.62,2550509,0.0
2020-10-21,215.885,217.93,209.16,211.38,2259750,0.0
2020-10-22,210.37,214.74,208.23,210.07,2175331,0.0
2020-10-23,212.19,213.51,209.07,211.58,1549005,0.0
2020-10-26,209.76,210.54,204.845,207.15,1902225,0.0
2020-10-27,208.35,213.58,206.7889,212.19,2264485,0.0
2020-10-28,212,214.24,208.25,208.7,1718044,0.0
2020-10-29,209.01,210.375,205,207,1607426,0.0
2020-10-30,205.93,211.64,203.51,208.36,2458704,0.0
2020-11-02,211.14,211.448,202.565,207.43,1650030,0.0
2020-11-03,208.92,214.88,208,211.01,1680260,0.0
2020-11-04,218.27,223.7683,214.22,215.09,3114118,0.0
2020-11-05,220.08,220.92,216.2209,219.48,1885772,0.0
2020-11-06,219.12,221.72,216.36,220.28,1514876,0.0
2020-11-09,224.41,229.08,221.5,222.86,1797726,0.0
2020-11-10,223.77,224.74,215.06,215.55,1443876,0.0
2020-11-11,217.12,218.8,213.65,216.73,1372553,0.0
2020-11-12,217.05,221.315,216.9,218.19,1894606,0.0
2020-11-13,222.28,227.2683,219.64,226.525,1307328,0.0
2020-11-16,225.99,227.355,221.79,224.51,1204454,0.0
2020-11-17,222.72,223.43,218.23,223.05,1387656,0.0
2020-11-18,222.71,223.77,216.34,216.34,2153967,0.0
2020-11-19,216.42,218.141,211.395,211.98,2191626,0.0
2020-11-20,212.3511,217.23,210.04,215.12,1940501,0.0
2020-11-23,216.78,218.29,214.14,218.03,1705633,0.0
2020-11-24,215.53,219.47,215.13,216.51,1806328,0.0
2020-11-25,217.87,220.54,215.84,218.13,1420532,0.0
2020-11-27,219.61,226.72,219.61,226.7,926141,0.0
2020-11-30,231,232.17,224.3,227.96,1846642,0.0
2020-12-01,227.47,230.56,226.02,230.31,1461764,0.0
2020-12-02,230.3,232.45,226.32,226.7,1612987,0.0
2020-12-03,226,229.05,224.71,226.87,1059388,0.0
2020-12-04,227.3,230.21,225.59,228.24,751907,0.0
2020-12-07,231,231.42,225.12,227.06,1036414,0.0
2020-12-08,228.8083,230.2,225.4,230.03,1033727,0.0
2020-12-09,230,231,221.31,224.38,1606627,0.0
2020-12-10,224.81,224.89,221.7,224.04,1265093,0.0
2020-12-11,224.1,224.5593,220.93,224.17,1215082,0.0
2020-12-14,226.79,233.47,226.425,228.11,1414631,0.0
2020-12-15,229.7,230.6,226,228.61,943962,0.0
2020-12-16,229.66,232.75,228.55,232.26,1050423,0.0
2020-12-17,233,237.35,232.32,236.98,1446255,0.0
2020-12-18,238.54,239.71,234.47,236.73,1259481,0.0
2020-12-21,233.02,235.58,228.8,234.73,1134881,0.0
2020-12-22,235.01,235.795,232.35,234.92,910826,0.0
2020-12-23,235.4,238.57,234.08,235.84,835236,0.0
2020-12-24,237.17,237.5,233.48,234.32,364318,0.0
2020-12-28,235.4,236.48,232.2,232.55,786210,0.0
2020-12-29,233.94,236.56,232.96,233.6,573363,0.0
2020-12-30,235,237.01,232.07,232.72,712747,0.0
2020-12-31,232.35,237.5,230.325,236.09,863688,0.0
2021-01-04,237.91,238.08,226.27,229.66,1734244,0.0
2021-01-05,228.84,229.92,225.09,228.59,1407108,0.0
2021-01-06,225.1,227.51,222.31,226.74,2001697,0.0
2021-01-07,227.9,233.97,227.2,232.82,1231084,0.0
2021-01-08,233.86,237.76,233.01,237.19,1013387,0.0
2021-01-11,235.58,236.47,227.38,234.63,2042721,0.0
2021-01-12,234.8,238.26,228.74,229.37,1539484,0.0
2021-01-13,230.2,231.055,226.94,227.1,1533478,0.0
2021-01-14,228.22,228.395,224.7,226.16,1584162,0.0
2021-01-15,226.59,227.6,224.39,225.54,1812336,0.0
2021-01-19,227,233.88,223.31,231.91,1808147,0.0
2021-01-20,233.29,239.3608,231.18,236.7,1306276,0.0
2021-01-21,237.06,239.75,232.78,238.63,1333170,0.0
2021-01-22,237.25,241.83,236.99,237.6,1047425,0.0
2021-01-25,240.99,242.99,239.0453,241.3,1553033,0.0
2021-01-26,240.43,241.98,236.24,237.64,1453280,0.0
2021-01-27,234,234,224.7,225.24,2181737,0.0
2021-01-28,226.8,234.96,226.57,230.04,1350881,0.0
2021-01-29,229.45,232.92,227.56,229.05,1707861,0.0
2021-02-01,231,232.38,226.18,231.44,1669969,0.0
2021-02-02,225.802,227.9,216.14,217.33,6012371,0.0
2021-02-03,218.42,219.085,210.99,210.99,3620250,0.0
2021-02-04,213.35,214.79,211.6475,213.71,2680870,0.0
2021-02-05,214.5,217.55,212.26,215.26,2515728,0.0
2021-02-08,217.13,218.22,213.54,214.35,1980311,0.0
2021-02-09,214.45,215.59,212.57,213.71,1448701,0.0
2021-02-10,215.98,216.3,212.02,212.48,1671874,0.0
2021-02-11,212.48,212.89,209.72,210.495,1740290,0.0
2021-02-12,210.82,214.36,210.22,214.04,1665647,0.0
2021-02-16,213.8,214.41,208.61,210.28,2168633,0.0
2021-02-17,209.58,215,208.5,214.86,1906766,0.0
2021-02-18,213.56,213.76,209.58,209.83,1874662,0.0
2021-02-19,210,211.73,206.79,207.02,2010436,0.0
2021-02-22,206.72,216.215,204.62,215.09,3123158,0.0
2021-02-23,215.2,217.69,211.67,216.55,2387414,0.0
2021-02-24,215.82,220.415,214.72,217.04,1586124,0.0
2021-02-25,215.8,217.4,210.5,213.03,1499407,0.0
2021-02-26,214.67,215.5,209.34,212.55,2354679,0.0
2021-03-01,212.68,213.69,209.38,210.39,1651349,0.0
2021-03-02,211.81,214.13,211.45,212.04,2089682,0.0
2021-03-03,212,213.275,208.06,208.59,2228226,0.0
2021-03-04,207.3,213.1,205.8501,207.79,2070773,0.0
2021-03-05,208.23,212.6,206.39,211.96,1507948,0.0
2021-03-08,212.27,219.3,211.76,213.59,2418903,0.0
2021-03-09,217.29,219.13,213.86,214.01,1795570,0.0
2021-03-10,217.3,217.72,211.56,214.28,1611351,0.0
2021-03-11,214.71,217.68,214.31,215.14,1385788,0.0
2021-03-12,214.34,214.9,211.26,214.24,967620,0.0
2021-03-15,213.71,219.85,213.4784,219.65,1339885,0.0
2021-03-16,220.6318,220.6318,216.715,218.84,1212387,0.0
2021-03-17,217.16,217.87,214.15,217.09,912116,0.0
2021-03-18,214.13,216.25,212.65,213.35,1042260,0.0
2021-03-19,214.44,216.93,213.28,216.11,1241476,0.0
2021-03-22,215.84,220.33,215.25,218.82,1532023,0.0
2021-03-23,219.83,219.85,212.11,213.6,1461577,0.0
2021-03-24,213.61,214.51,209.41,211.54,1254018,0.0
2021-03-25,213.22,213.6,209.71,212.29,1274939,0.0
2021-03-26,212.5,214.96,209.22,214.68,1716303,0.0
2021-03-29,213.93,218.46,212.21,216.72,1236926,0.0
2021-03-30,215.01,215.495,212.37,212.99,798306,0.0
2021-03-31,213.38,216.06,212.87,215.08,812259,0.0
2021-04-01,215.89,216.02,212.3,213,1560567,0.0
2021-04-05,214.38,215.61,213.18,215.32,1557944,0.0
2021-04-06,215.46,216.46,213.15,215.23,1417264,0.0
2021-04-07,215.71,218.47,211.7,212.69,1309380,0.0
2021-04-08,213.62,216.05,209.95,210.38,1192893,0.0
2021-04-09,210.1,213.82,209.53,213.41,1297862,0.0
2021-04-12,212.68,214.45,211.21,213.72,1262838,0.0
2021-04-13,214.61,218.7,214.455,215.92,1373197,0.0
2021-04-14,216.35,220.25,216.16,217.21,1134339,0.0
2021-04-15,218.52,222.35,218,221.1,1453519,0.0
2021-04-16,222.34,222.78,219.24,219.38,1441671,0.0
2021-04-19,220.86,222.5899,218.15,219.05,1195872,0.0
2021-04-20,218.92,222,218.15,220.07,1122786,0.0
2021-04-21,220.65,221.48,217.82,219.77,975009,0.0
2021-04-22,217.11,218.93,214,215.99,1611133,0.0
2021-04-23,217.52,218.8105,215.77,217.95,951965,0.0
2021-04-26,217.74,218.28,214.46,216.97,1071920,0.0
2021-04-27,217.17,218.15,215,215.65,1032121,0.0
2021-04-28,215.68,215.72,212.81,213.51,1228212,0.0
2021-04-29,213.48,213.8,210.27,211.91,1440398,0.0
2021-04-30,213.71,221.41,213,218.12,2216498,0.0
2021-05-03,217.27,219.69,216.7,217.94,1013888,0.0
2021-05-04,217.54,217.54,211.76,214.87,1442686,0.0
2021-05-05,214.7,215.835,213.24,213.73,906603,0.0
2021-05-06,212.25,213.58,211.06,213.11,916688,0.0
2021-05-07,214.355,216.77,213.81,214.94,945883,0.0
2021-05-10,215.77,216.28,212.75,212.89,923212,0.0
2021-05-11,211.803,214.02,211.39,212.91,1123625,0.0
2021-05-12,212.06,215.67,211.74,212.77,868857,0.0
2021-05-13,212.69,215.015,212.33,214.22,872536,0.0
2021-05-14,215.1,218.18,213.29,217.09,1151110,0.0
2021-05-17,215.62,217.65,214.8,216.27,714055,0.0
2021-05-18,216.9,218.06,214.43,214.65,1042272,0.0
2021-05-19,213.4,214.18,211,214.05,925459,0.0
2021-05-20,213.93,218.97,213.4,216.61,961410,0.0
2021-05-21,217.29,218.42,213,213.51,1402703,0.0
2021-05-24,215.02,215.695,210.99,211.22,1225149,0.0
2021-05-25,211.51,212.0634,207.48,208.86,1556329,0.0
2021-05-26,209.63,209.63,206.14,206.89,1307757,0.0
2021-05-27,206.81,207.44,204.62,207.35,1366037,0.0
2021-05-28,207.78,211.78,208.3,208.74,1482278,0.0
2021-06-01,209.49,210.2,207.2,209.66,1445159,0.0
2021-06-02,209.9,212.2099,208.45,210.45,1317839,0.0
2021-06-03,208.73,211.48,208.5,211.11,1238993,0.0
2021-06-04,211.68,212.98,209.39,209.94,1118800,0.0
2021-06-07,210.24,211.57,208.62,209.16,1516789,0.0
2021-06-08,210.48,213.17,209.13,211.13,1668943,0.0
2021-06-09,211.97,215.47,211.55,213.57,1272248,0.0
2021-06-10,213.82,217.26,211.28,216.83,1275016,0.0
2021-06-11,194.04,200.05,192.88,193.015,12695862,0.0
2021-06-14,195.66,196.32,192.63,194.8,3060699,0.0
2021-06-15,196.12,196.12,188.01,188.98,3859673,0.0
2021-06-16,189.53,192.55,187.2,187.49,2402465,0.0
2021-06-17,187.79,189.17,185.64,188.21,3877874,0.0
2021-06-18,188.52,188.84,185.88,187.85,2300263,0.0
2021-06-21,188.16,190.85,187.48,187.7,1676888,0.0
2021-06-22,188.13,188.94,185.325,188.87,1586342,0.0
2021-06-23,188.19,189.78,187.09,187.52,1729107,0.0
2021-06-24,188.6,193.28,188.29,191.96,2190338,0.0
2021-06-25,192,194.78,191.02,194.36,2779612,0.0
2021-06-28,197.1,198.73,194.42,197.91,2521095,0.0
2021-06-29,197.26,198.8,196.565,196.84,2421535,0.0
2021-06-30,196.92,202.22,196.21,201.64,2061984,0.0
2021-07-01,201.26,202.43,199.86,202.22,2282036,0.0
2021-07-02,203.19,203.24,200.31,200.5,1141808,0.0
2021-07-06,200.01,201.9,199.97,200.0275,1624394,0.0
2021-07-07,199.8,200.44,197.21,198.96,2044369,0.0
2021-07-08,197.29,198.99,196.3,197.72,1342655,0.0
2021-07-09,197.55,198.71,196.43,198.15,732543,0.0
2021-07-12,197.93,198.46,197.2,198.3,1758839,0.0
2021-07-13,198.16,200.44,197.36,198.4,1405824,0.0
2021-07-14,197.51,199.02,195.75,197.89,1334993,0.0
2021-07-15,196.79,200.16,195.85,200.1,2221157,0.0
2021-07-16,200.55,204.46,199.26,202.19,2750818,0.0
2021-07-19,202.41,204.26,198.33,199.25,1555559,0.0
2021-07-20,194.69,196.99,193.88,196.43,2895956,0.0
2021-07-21,196.97,197.21,194.45,196.27,1026749,0.0
2021-07-22,195.4,196.57,195,196.08,1181847,0.0
2021-07-23,195.84,203.52,195.5,200.52,2753648,0.0
2021-07-26,199.72,202.41,198.26,198.92,3670886,0.0
2021-07-27,199.85,203.1,198.66,202.9,1533512,0.0
2021-07-28,202.85,204.88,201.05,202.27,1030326,0.0
2021-07-29,203.18,202.94,198.83,200.37,1173681,0.0
2021-07-30,202.98,203.46,197.31,201.72,1747003,0.0
2021-08-02,200.56,201.27,197.45,198.33,2585132,0.0
2021-08-03,198.59,200.71,198.03,200.05,1881136,0.0
2021-08-04,200,202,199.11,199.52,2409440,0.0
2021-08-05,200.255,203.13,199.73,203.07,1710787,0.0
2021-08-06,202.99,204,200.53,200.74,1090390,0.0
2021-08-09,200.53,201.54,198.63,200.41,1634252,0.0
2021-08-10,200.5,200.66,195.335,196.44,2735251,0.0
2021-08-11,196.82,199.28,194.525,195.23,3803353,0.0
2021-08-12,195.72,196.35,193.88,194.72,3274429,0.0
2021-08-13,194.56,195.71,193.7,194.35,3060161,0.0
2021-08-16,194.87,194.95,189.61,190.92,3247055,0.0
2021-08-17,189.47,198.59,188.84,198.37,1815965,0.0
2021-08-18,198.06,198.72,194.68,194.77,904066,0.0
2021-08-19,194.3,197.92,194.3,195.03,969995,0.0
2021-08-20,195.6,198.61,194.3,195.84,814058,0.0
2021-08-23,197.27,200.5,196.14,198.44,910878,0.0
2021-08-24,198.82,200.16,196.68,199.74,720410,0.0
2021-08-25,199.59,202.17,198.09,201.26,992986,0.0
2021-08-26,200.94,202.74,197.91,198.23,987225,0.0
2021-08-27,198.15,202.77,195.85,199.87,993172,0.0
2021-08-30,199.3,201.56,198.7,199.49,962413,0.0
2021-08-31,200.21,200.35,198.15,200.35,1490322,0.0
2021-09-01,200.62,202.55,196.35,197.1,1277881,0.0
2021-09-02,198.06,199.8,196.6,199.21,949946,0.0
2021-09-03,198.5,199.18,196.66,198.05,811927,0.0
2021-09-07,196.55,197.05,192,192.14,1453976,0.0
2021-09-08,191.75,193.4,191.0601,191.37,813677,0.0
2021-09-09,189.41,190.1999,188.05,188.1,1318087,0.0
2021-09-10,188.17,190.15,186.15,188.66,1225544,0.0
2021-09-13,190.07,193.25,189.61,190.76,764649,0.0
2021-09-14,190.86,191.75,188.21,188.48,781380,0.0
2021-09-15,188.47,190.6,188.42,188.9,1332965,0.0
2021-09-16,188.85,189.535,185.44,187.11,1374418,0.0
2021-09-17,186.24,188.535,184.78,188.3,1279854,0.0
2021-09-20,186.89,188.89,185.07,185.76,1280610,0.0
2021-09-21,186.5,187.49,185.1056,185.8,768463,0.0
2021-09-22,186.12,186.435,182.6,184.36,1203997,0.0
2021-09-23,184.54,186.5,184.5,185.15,903465,0.0
2021-09-24,185.2999,185.2999,181.98,183.55,998877,0.0
2021-09-27,183.21,184.05,181.45,183.41,1285298,0.0
2021-09-28,182.5,183.315,180.02,181.61,1290579,0.0
2021-09-29,182.17,184.25,181.96,182.29,971679,0.0
2021-09-30,182.48,184.21,181.37,181.39,1018696,0.0
2021-10-01,180.51,181.145,178.35,180.32,1118015,0.0
2021-10-04,178.87,181,177.035,177.46,1369000,0.0
2021-10-05,177.5,179.4,176.92,177,1310616,0.0
2021-10-06,176.5,182.58,176.36,180.86,1333927,0.0
2021-10-07,181,182,179.72,180.06,953705,0.0
2021-10-08,181.26,181.0175,178.58,178.94,1024477,0.0
2021-10-11,179.23,181.015,178.21,179.51,1018890,0.0
2021-10-12,181.51,181.51,179.305,180.21,1258937,0.0
2021-10-13,180.08,182.5,180.08,181.35,838226,0.0
2021-10-14,181.89,184.19,181.33,181.92,1134617,0.0
2021-10-15,182.48,183.15,181,181.76,1145482,0.0
2021-10-18,182.5,182.695,177.71,180.81,1804171,0.0
2021-10-19,182.06,185.5989,181.11,185.42,1460218,0.0
2021-10-20,185.99,187.88,185.08,185.56,1448688,0.0
2021-10-21,185.5417,187.2,184.34,187.15,1270294,0.0
2021-10-22,186.77,187.15,182.88,183.52,1655598,0.0
2021-10-25,183.94,186.14,182.51,185,767042,0.0
2021-10-26,185.02,186.58,183.9454,184.16,806677,0.0
2021-10-27,184.39,184.96,180.395,180.94,960458,0.0
2021-10-28,181.19,183.83,181.01,182,1168007,0.0
2021-10-29,181.65,185.91,180.665,184.89,1206754,0.0
2021-11-01,184.18,186.7364,183.41,185.4,958680,0.0
2021-11-02,185.6622,185.6622,180.71,181.4,1973961,0.0
2021-11-03,187.98,190.75,184.1,189.08,3543557,0.0
2021-11-04,189.2,194.41,188.3,194.21,2635780,0.0
2021-11-05,193.76,195.23,191.48,192.86,2022356,0.0
2021-11-08,192.99,194.46,190.64,192.26,1110871,0.0
2021-11-09,192.23,193.41,190.31,191.14,1390100,0.0
2021-11-10,191,192.61,187.51,187.91,1059947,0.0
2021-11-11,188,188.15,185.1,185.87,934534,0.0
2021-11-12,186.7,187.79,186.03,187.17,693314,0.0
2021-11-15,187.97,187.92,186.1122,186.86,766143,0.0
2021-11-16,186.45,188.87,185.58,188.34,1120319,0.0
2021-11-17,188.63,198.53,187.12,188.4,2434247,0.0
2021-11-18,188.36,189.48,184.89,185.41,1312548,0.0
2021-11-19,185.15,185.22,181.02,182.85,1244278,0.0
2021-11-22,182.65,183.65,180.15,181.51,953784,0.0
2021-11-23,181.26,187.07,179.96,186.88,1966691,0.0
2021-11-24,187.55,188.33,184.71,186.3,2089312,0.0
2021-11-26,187.62,189.8,182.66,183.59,801303,0.0
