Date,Open,High,Low,Close,Volume,OpenInterest
2020-05-07,154.84,162,154.04,157.8,7967165,0.0
2020-05-08,160,161.16,152.7046,155.4197,13679618,0.0
2020-05-11,159.43,168,158,166.34,19509230,0.0
2020-05-12,168,168.23,160.05,161.05,6819024,0.0
2020-05-13,163.61,171.5,159.17,167.14,10761964,0.0
2020-05-14,168.26,170.8,162.89,167.97,6463231,0.0
2020-05-15,166.75,175.44,166.56,174.83,16667239,0.0
2020-05-18,170.03,173.44,162.6418,164.69,9142033,0.0
2020-05-19,167,173.86,166.21,173.68,6914810,0.0
2020-05-20,173.53,175.64,170.53,175.48,13278750,0.0
2020-05-21,175.96,177.8,168.36,172.03,10728562,0.0
2020-05-22,171.86,175.89,170.2,171.05,8315814,0.0
2020-05-26,169.1,169.69,163.12,164,6270819,0.0
2020-05-27,158.01,162.22,149.16,162.15,9728071,0.0
2020-05-28,159.23,169.4,159.2,163.54,6191198,0.0
2020-05-29,168,179.99,167.86,179.74,9574732,0.0
2020-06-01,183.18,205.87,183,204.14,23420753,0.0
2020-06-02,210.25,212.69,197.32,207.8701,27036435,0.0
2020-06-03,211.7,224.46,202.32,223.538,60251610,0.0
2020-06-04,221,223,207.6,210.3287,19448869,0.0
2020-06-05,200.11,208.94,196.1,207.5,15539562,0.0
2020-06-08,204.35,211.44,198.66,209.74,20401520,0.0
2020-06-09,209.83,210.59,202.93,205.43,14336046,0.0
2020-06-10,208.89,221.53,208.26,221,11740893,0.0
2020-06-11,219.18,232,218.5,221.92,34012416,0.0
2020-06-12,224.79,231.45,224.0301,224.49,3580760,0.0
2020-06-15,227.84,239.59,226.38,239.02,13420162,0.0
2020-06-16,235.99,243.5,231.8206,242.56,21448456,0.0
2020-06-17,243.18,243.86,235.12,236.75,10429512,0.0
2020-06-18,240.39,242.61,238.22,242.01,15319515,0.0
2020-06-19,241.64,243.54,238.7035,243.53,7581499,0.0
2020-06-22,247.465,254.9,247.29,251.13,9939303,0.0
2020-06-23,251.26,254.775,247.57,252.9,7540872,0.0
2020-06-24,254.5,258.75,248.6,255.78,9658747,0.0
2020-06-25,258.23,260.29,252.6601,259.74,7262360,0.0
2020-06-26,260.52,261.62,250.36,256.6,9243336,0.0
2020-06-29,254.97,255.9,243.59,248.64,8225522,0.0
2020-06-30,249.87,256.83,248.35,253.55,6121497,0.0
2020-07-01,251.35,261,247.21,259.23,6571681,0.0
2020-07-02,261,263.8,258,261.74,5257151,0.0
2020-07-06,265,275.08,259.32,260.9999,11978870,0.0
2020-07-07,261.55,266.45,258.1,262.095,7208417,0.0
2020-07-08,263.8,268.5281,261.29,266.29,5603475,0.0
2020-07-09,269.01,272.7,264.22,269.57,5170676,0.0
2020-07-10,271.77,278.16,268.64,275.86,6005708,0.0
2020-07-13,278.63,281,256.3376,260.3,8869292,0.0
2020-07-14,260.96,265.33,240.45,259.935,8372461,0.0
2020-07-15,253.7,257.5,248.12,256.14,5854506,0.0
2020-07-16,250.39,253,243.43,247.99,5174421,0.0
2020-07-17,247.17,250.9368,241.29,246.55,4505322,0.0
2020-07-20,246.4865,271.35,245.99,268.58,9371800,0.0
2020-07-21,268.75,269.75,258.2,260.44,4662879,0.0
2020-07-22,261.95,265.4,255.81,261.13,4422285,0.0
2020-07-23,260.84,264.9,250.37,251.29,3272620,0.0
2020-07-24,246.2,250.21,237.2,246.71,4179842,0.0
2020-07-27,249.28,252.97,246.22,252.32,3211813,0.0
2020-07-28,252.7,258.91,251.32,252.17,3021817,0.0
2020-07-29,255.55,259.93,251.15,252.37,3192288,0.0
2020-07-30,250.3135,256.3263,239.32,250,7847174,0.0
2020-07-31,253.5,255.2,248.3601,253.89,3182448,0.0
2020-08-03,256.83,271.1,256.11,267.98,4933153,0.0
2020-08-04,268,269.19,262,267.52,2942455,0.0
2020-08-05,266.29,275.0939,262.52,272.9,4356908,0.0
2020-08-06,273.87,274.48,263.91,268.26,3499709,0.0
2020-08-07,266.45,268,252.79,258.73,4923565,0.0
2020-08-10,249.14,253.6,244.54,249.81,4253021,0.0
2020-08-11,245.48,245.48,230,231.04,9426840,0.0
2020-08-12,232.3,239.4,230.75,236.87,3794388,0.0
2020-08-13,238.15,250.1,238.15,247.25,4633799,0.0
2020-08-14,249.44,252.4299,242.4,244.69,3546698,0.0
2020-08-17,248.7,267.94,248.51,266.14,8775994,0.0
2020-08-18,271.72,277.78,265.5,277,6312399,0.0
2020-08-19,274.6849,279.59,270.3221,273.5,4504045,0.0
2020-08-20,274.45,290.88,273.99,290.6998,9150967,0.0
2020-08-21,291,295.97,286.9442,289.68,5015835,0.0
2020-08-24,293,293.87,274.1059,282.27,6343779,0.0
2020-08-25,279,293.7216,275.8101,290.39,4455461,0.0
2020-08-26,293,302,290.85,295.14,5510776,0.0
2020-08-27,295.69,301.52,290.33,294.68,5440075,0.0
2020-08-28,299.22,303.58,297.26,299.12,5093682,0.0
2020-08-31,304.01,325.8998,301.27,325.25,14356591,0.0
2020-09-01,439.51,478,410.68,457.6276,49983388,0.0
2020-09-02,445.67,445.67,410,423.513,18146552,0.0
2020-09-03,399.55,409.9,367,381.37,19698498,0.0
2020-09-04,375.5,386.01,346.76,369.9615,12844863,0.0
2020-09-08,350.7,365.4999,345.68,350.88,7503617,0.0
2020-09-09,369.75,394.7992,362.1234,389.55,16871594,0.0
2020-09-10,403.475,407.82,378.36,384.47,8800891,0.0
2020-09-11,389.13,400.7504,373.05,382.6,9045215,0.0
2020-09-14,391.7449,404.36,386.13,403.51,7570386,0.0
2020-09-15,410,413.5,391.0501,410.94,8255361,0.0
2020-09-16,406.2738,419.42,404.22,408.18,6176235,0.0
2020-09-17,389,417.82,387,413.12,8467806,0.0
2020-09-18,419.8,442,407.5,439,13040802,0.0
2020-09-21,434,470,434,468.49,15729713,0.0
2020-09-22,477,494.8999,458.75,492.57,15545157,0.0
2020-09-23,489.49,529.74,483.2534,500.69,26861257,0.0
2020-09-24,487.01,502.25,457.69,465.18,17698753,0.0
2020-09-25,474.87,500,474.87,496.5,12606601,0.0
2020-09-28,502.41,519.77,479.57,487.855,17261178,0.0
2020-09-29,488.13,489.8,463,465.45,14801087,0.0
2020-09-30,464.21,481.5552,462,469.69,8578423,0.0
2020-10-01,477,483.73,465,483.08,7583974,0.0
2020-10-02,485.005,507.4899,481,482.22,12020660,0.0
2020-10-05,493.97,496.9,475.26,485.26,7084094,0.0
2020-10-06,480.51,487.8999,473.2229,478.45,5575795,0.0
2020-10-07,482.5,487.5,477.11,480.67,4142042,0.0
2020-10-08,484,489.49,475.58,478.48,4072972,0.0
2020-10-09,487.99,498.9,484.08,492.51,8494961,0.0
2020-10-12,501.48,506.11,490.4779,491.54,6689361,0.0
2020-10-13,494,520,493,518.53,8331001,0.0
2020-10-14,518.78,519.8,498.6,509.43,7906642,0.0
2020-10-15,509.08,540.05,506.5,536.4,16002298,0.0
2020-10-16,544.39,565.45,543.25,559.42,13215630,0.0
2020-10-19,572.5,588.4,562.77,568.34,12614614,0.0
2020-10-20,572.33,575.69,534.59,537.02,11581671,0.0
2020-10-21,535.88,551.66,511.78,513.2,7933256,0.0
2020-10-22,521.78,530.4299,503.47,520.6,7780117,0.0
2020-10-23,522.33,526.9999,505.41,511.52,5148978,0.0
2020-10-26,520.4885,541.105,510.31,517.79,9802120,0.0
2020-10-27,525.22,540,513.3,538.99,6798844,0.0
2020-10-28,549.5,553.8594,511.5001,515.59,8239325,0.0
2020-10-29,521.19,525.455,483.5,489.84,8824814,0.0
2020-10-30,481.5,495.95,457.0201,460.9,8408056,0.0
2020-11-02,462.29,477,440,452.99,7695065,0.0
2020-11-03,456.3284,461.88,445.01,451.5,6176250,0.0
2020-11-04,471.92,484.94,455.4,483.7,7617028,0.0
2020-11-05,497.99,499.35,480.761,496.81,5565209,0.0
2020-11-06,494.66,505.88,482.73,500.11,4078239,0.0
2020-11-09,433,446.47,402,413.2,16401675,0.0
2020-11-10,412.5035,414.45,366.28,376.255,19809674,0.0
2020-11-11,391.65,419.8,385,413.34,16213050,0.0
2020-11-12,427.85,435.75,419.61,428.9,13949992,0.0
2020-11-13,425.99,428.4685,396.87,402.405,10633715,0.0
2020-11-16,382.6,400.8,375.1,390.25,7954849,0.0
2020-11-17,406.29,411.5,396.32,401.58,6822331,0.0
2020-11-18,399,423.5,390.22,415.12,10165095,0.0
2020-11-19,408.99,427.89,407.5,414.35,7724208,0.0
2020-11-20,418.55,445.3,415.56,439.61,12423700,0.0
2020-11-23,432.01,436.513,417.88,430.28,8269374,0.0
2020-11-24,421.505,438.8323,420.01,427.55,5817040,0.0
2020-11-25,435.85,448.48,433.3301,444.12,8381649,0.0
2020-11-27,453.99,472.04,449,471.61,6890880,0.0
2020-11-30,485.7,486.83,460,479.17,12303489,0.0
2020-12-01,434.72,434.99,401.72,406.3001,20152268,0.0
2020-12-02,399,424.55,394.57,412.679,10282965,0.0
2020-12-03,413,419.17,405.02,413.41,6025057,0.0
2020-12-04,409.26,418.88,408.1861,409.99,4317178,0.0
2020-12-07,411,416.8,405.4538,407.86,4287350,0.0
2020-12-08,408.87,419.5,406.75,412,5086975,0.0
2020-12-09,406.7478,409.99,381.5,385.36,8688685,0.0
2020-12-10,382.73,399,380.27,397.97,4149143,0.0
2020-12-11,395.35,397.3393,384.6136,396.96,4414266,0.0
2020-12-14,388.95,396.75,376.68,395.99,6422499,0.0
2020-12-15,398.505,410.32,395.08,399.42,4966001,0.0
2020-12-16,400.4861,406.5579,393.46,403.98,3959141,0.0
2020-12-17,408.72,409.03,399.56,401.62,3570972,0.0
2020-12-18,403.8,408.11,398.25,405.96,3757973,0.0
2020-12-21,418.07,427.7594,404.58,408.97,7918415,0.0
2020-12-22,408.5,413.5,396.5,409,3772727,0.0
2020-12-23,402,402.6,378.58,384.02,9241791,0.0
2020-12-24,383.88,384.88,375,375.16,3737410,0.0
2020-12-28,370.4,373.28,349.0197,351.4,9347560,0.0
2020-12-29,350.6597,359.9072,350.13,353.46,5727498,0.0
2020-12-30,358.42,358.7,345.4,353.4,5293211,0.0
2020-12-31,351.77,351.83,336.1,337.16,6313201,0.0
2021-01-04,340.4,363.09,339.2,359.78,8329395,0.0
2021-01-05,360.39,365.01,349,360.9,4811828,0.0
2021-01-06,351,352.94,341.92,344.4,6299903,0.0
2021-01-07,346,354.48,341.6,342.4,5381343,0.0
2021-01-08,345.2,350,340.34,349.78,4596067,0.0
2021-01-11,344.98,349.96,336.85,337.61,3208244,0.0
2021-01-12,333.2,358.9,331.1,356.59,8135940,0.0
2021-01-13,360,384.23,348.6512,364.52,13142598,0.0
2021-01-14,371,384.95,370.5,383.079,8645125,0.0
2021-01-15,397.71,404.44,382.0701,384.73,11906834,0.0
2021-01-19,391.01,396.77,385.5101,393.8,5245950,0.0
2021-01-20,399.11,399.53,378.3187,382.87,5496328,0.0
2021-01-21,383.03,387.21,372.03,382.81,4436294,0.0
2021-01-22,380.99,385.2899,376.38,383.51,2669051,0.0
2021-01-25,388.99,398.8,378.27,391.87,5001535,0.0
2021-01-26,391.08,395.8199,372.2,374.41,4740416,0.0
2021-01-27,367.5,384.2544,362.7655,370.74,4207841,0.0
2021-01-28,368,383.3139,363.86,378.68,3235294,0.0
2021-01-29,379,385.91,358.6201,372.07,3725998,0.0
2021-02-01,369,382.78,368.13,381.74,3286467,0.0
2021-02-02,384.5,394.89,378.6801,391.85,3616730,0.0
2021-02-03,395.79,395.79,379,380.44,3122786,0.0
2021-02-04,383.5,390,376.87,389.98,2429353,0.0
2021-02-05,387.86,420,387.86,419.75,9492174,0.0
2021-02-08,420.74,422,406.5,410.35,3557246,0.0
2021-02-09,411.6946,434.67,410.3128,430.45,4918601,0.0
2021-02-10,431.89,441.22,416.1443,430.8,4495979,0.0
2021-02-11,433.99,443.75,429.51,432.73,3349642,0.0
2021-02-12,431.52,435,423.13,433.11,1946487,0.0
2021-02-16,438.7965,451.77,436.7,444.85,4056952,0.0
2021-02-17,440.02,441.2,418.25,429.42,3809047,0.0
2021-02-18,426.75,428.88,414,417.3,2483969,0.0
2021-02-19,419.22,425.99,414.5,417.45,2007273,0.0
2021-02-22,408.5,411.72,390.6,394.77,3905997,0.0
2021-02-23,371.01,389.99,351.81,388.2,5374125,0.0
2021-02-24,383.13,388.675,375.62,385.23,3292830,0.0
2021-02-25,383.78,387.655,361.01,364.65,4424489,0.0
2021-02-26,367.95,377.094,356.1709,373.8,3493670,0.0
2021-03-01,388.66,416.2,387.01,409.66,7892457,0.0
2021-03-02,439.6,440,371.82,372.6,17621831,0.0
2021-03-03,383,383.25,339,341.58,15144463,0.0
2021-03-04,347.8,358.2999,333,342.7,9727871,0.0
2021-03-05,345.39,347.75,314.38,337.67,8015315,0.0
2021-03-08,334.99,339.35,309,311.12,6568992,0.0
2021-03-09,331.95,343.576,320.8,342.11,5124084,0.0
2021-03-10,347.99,355.69,333.0101,335.86,4263203,0.0
2021-03-11,347.99,357.3983,338.8,355.15,3755855,0.0
2021-03-12,342.01,350.44,338.43,346.24,2758388,0.0
2021-03-15,347.0759,351.56,343.5,349.91,1846548,0.0
2021-03-16,351.99,355.49,333.69,334.99,2988766,0.0
2021-03-17,328.57,340.54,322.66,337,3294547,0.0
2021-03-18,330,330.33,316,316.13,5155118,0.0
2021-03-19,316.83,327.9773,313.63,326.51,3729686,0.0
2021-03-22,329.45,333.8899,327.01,328.43,2644747,0.0
2021-03-23,330.65,347.4,329.3523,339.53,5091321,0.0
2021-03-24,338.05,339.99,314.3504,315.01,4585204,0.0
2021-03-25,311.7,320.63,308.31,314.87,3206672,0.0
2021-03-26,312.89,320,306.75,319.95,2810169,0.0
2021-03-29,317.07,322.97,305.78,308.71,2923106,0.0
2021-03-30,305,314.88,302.32,313.28,2669479,0.0
2021-03-31,315.73,325.74,311.13,321.29,2466731,0.0
2021-04-01,325.98,338.91,325.5,326.23,2589290,0.0
2021-04-05,327.83,328.4999,313.1,323.96,2785737,0.0
2021-04-06,323.75,332.66,321.66,329.8,2635516,0.0
2021-04-07,329.05,333.44,319.23,322.65,3957425,0.0
2021-04-08,326.84,333.9899,326,331.28,2584526,0.0
2021-04-09,329.1025,329.82,319.42,322.66,2945126,0.0
2021-04-12,318.79,322.3799,315.19,321.51,2808785,0.0
2021-04-13,327.57,343.7075,325.5,342.94,5045224,0.0
2021-04-14,344.7,345.02,328.63,329.18,2633998,0.0
2021-04-15,334.49,338.42,327.46,332.39,2534893,0.0
2021-04-16,330.11,333.75,326.87,330.1,2333960,0.0
2021-04-19,328.19,337.795,320.5,324.57,2884137,0.0
2021-04-20,326.73,327.55,316.3601,321.8128,2063640,0.0
2021-04-21,317.01,323.11,313.5,322.64,1651578,0.0
2021-04-22,323.44,338.05,322.665,328.32,3149197,0.0
2021-04-23,331.49,338.55,328.24,336.61,2138229,0.0
2021-04-26,337.37,337.9999,329.21,336.41,2018389,0.0
2021-04-27,336.21,341.68,330.89,333.37,1878404,0.0
2021-04-28,330.99,334.7011,326.045,331.19,1310977,0.0
2021-04-29,331.26,332.5,318.89,321.11,2922403,0.0
2021-04-30,318.05,326.279,317.24,319.83,1881554,0.0
2021-05-03,320.24,321.125,311.53,314.08,2060622,0.0
2021-05-04,310.96,311.5,298.77,304.75,3343872,0.0
2021-05-05,306.53,310.9799,294.5,297.55,2425687,0.0
2021-05-06,295.2,295.2,285.6101,293,3174477,0.0
2021-05-07,294.61,304.697,292.71,295.25,2266555,0.0
2021-05-10,293.01,293.94,286.04,288.52,2244789,0.0
2021-05-11,274.27,302,273.2,300.37,3861528,0.0
2021-05-12,291.05,296.53,282.405,289.81,3196738,0.0
2021-05-13,293.98,296.61,275.8,290.11,4290132,0.0
2021-05-14,292.15,309.18,292.15,307.88,3866992,0.0
2021-05-17,304.83,311.91,301.93,309.1,2662629,0.0
2021-05-18,309.41,322.25,304.97,312.89,3144932,0.0
2021-05-19,300.83,311.51,299,310.47,1581270,0.0
2021-05-20,314.2,325.95,313.03,324.71,2637321,0.0
2021-05-21,327.69,329.45,316.061,316.4,1863324,0.0
2021-05-24,318.56,324.03,316.5,321.57,1606698,0.0
2021-05-25,322.79,325.51,316.08,321.28,1715389,0.0
2021-05-26,324.44,329.46,323.24,326.27,1932975,0.0
2021-05-27,324.11,331,317.55,326.61,2064813,0.0
2021-05-28,330.51,336.33,329.63,331.54,2523170,0.0
2021-06-01,333.45,336.14,321.7,327.95,4360073,0.0
2021-06-02,331.83,333.7899,322.21,326.86,5738781,0.0
2021-06-03,320.18,325.83,318.25,319.02,2897127,0.0
2021-06-04,321.5909,338.99,319.77,335.83,5402800,0.0
2021-06-07,332.3,344.93,331.1225,342.771,4217794,0.0
2021-06-08,343.87,350.15,339.22,341.26,2702736,0.0
2021-06-09,330.63,340.34,330.23,333.8,2497361,0.0
2021-06-10,332.52,346.88,331,346.5,2633219,0.0
2021-06-11,347.28,367.96,345.1001,366.43,6498169,0.0
2021-06-14,361.87,369.5773,359.3989,365.78,3201179,0.0
2021-06-15,364.5,364.5,357.048,358.95,2388062,0.0
2021-06-16,357.6,366.83,355.41,361.95,2438446,0.0
2021-06-17,358.64,374.52,358.205,372.95,3111783,0.0
2021-06-18,374.01,379.89,370.93,374.45,2893192,0.0
2021-06-21,369.57,372.6244,363.2901,369.32,1730497,0.0
2021-06-22,368.51,377,368.5,374.69,1781464,0.0
2021-06-23,375.49,382.71,373.9901,376.92,2141363,0.0
2021-06-24,379,382.5,372.3201,373.22,2235175,0.0
2021-06-25,374.45,374.08,364.08,372.47,1975215,0.0
2021-06-28,375.94,393.33,374.5,388.86,3261980,0.0
2021-06-29,388.79,395.44,382.77,394.73,2403660,0.0
2021-06-30,395.01,395.4322,385.54,387.13,1693104,0.0
2021-07-01,386.13,390.11,382,386.69,1288734,0.0
2021-07-02,390.46,398.72,386.5501,388.89,1935775,0.0
2021-07-06,393.31,403.47,391.5601,400.86,3158474,0.0
2021-07-07,403.86,406.48,393.3,393.89,1873450,0.0
2021-07-08,385.1,390.5,377.5,385.96,2492427,0.0
2021-07-09,381.05,387.5299,377.7923,385.09,1662283,0.0
2021-07-12,385,390.88,378.27,379.11,1772638,0.0
2021-07-13,379.15,384.5,375.41,378.37,1610749,0.0
2021-07-14,380.71,381.31,360.45,360.6,2383977,0.0
2021-07-15,363.93,368.5755,356.48,358.86,1157093,0.0
